{
    "animation": [
        {
            "name": "Root",
            "time": [0.0],
            "transform": [
                [0.999993, 0.003653, 3e-06, -0.115535, -2e-06, 0.00139, -0.999999, 0.313956, -0.003653, 0.999992, 0.00139, 0.473799, 0.0, 0.0, 0.0, 1.0]
            ]
        },
        {
            "name": "Thigh_R",
            "time": [0.0],
            "transform": [
                [0.314989, 0.673985, 0.668226, 0.096351, 0.60495, -0.685085, 0.405827, 0.058238, 0.731313, 0.276413, -0.623521, 0.033027, 0.0, 0.0, 0.0, 1.0]
            ]
        },
        {
            "name": "Leg_R",
            "time": [0.0],
            "transform": [
                [0.999997, -0.001776, 0.000819, -0.0, 0.000816, 0.759621, 0.650366, 0.37472, -0.001778, -0.650364, 0.759621, 0.0, 0.0, 0.0, 0.0, 1.0]
            ]
        },
        {
            "name": "Knee_R",
            "time": [0.0],
            "transform": [
                [1.0, 0.0, -0.0, -0.0, -0.0, 1e-06, -1.0, 0.37472, -0.0, 1.0, 1e-06, 0.0, 0.0, 0.0, 0.0, 1.0]
            ]
        },
        {
            "name": "Thigh_L",
            "time": [0.0],
            "transform": [
                [0.750113, 0.065133, 0.658092, -0.128579, -0.474896, -0.639485, 0.604594, 0.048184, 0.460218, -0.766043, -0.448755, -0.046041, 0.0, 0.0, 0.0, 1.0]
            ]
        },
        {
            "name": "Leg_L",
            "time": [0.0],
            "transform": [
                [0.999997, -0.001929, 0.000311, 0.0, 0.000308, 0.312775, 0.949828, 0.37472, -0.00193, -0.949825, 0.312775, -0.0, 0.0, 0.0, 0.0, 1.0]
            ]
        },
        {
            "name": "Knee_L",
            "time": [0.0],
            "transform": [
                [1.0, 0.0, -0.0, 0.0, -0.0, 1e-06, -1.0, 0.37472, -0.0, 1.0, 1e-06, -0.0, 0.0, 0.0, 0.0, 1.0]
            ]
        },
        {
            "name": "Torso",
            "time": [0.0],
            "transform": [
                [0.72673, 0.211392, -0.653588, 0.0, 0.136082, 0.88831, 0.438619, 0.05, 0.673311, -0.407698, 0.616795, 0.0, 0.0, 0.0, 0.0, 1.0]
            ]
        },
        {
            "name": "Chest",
            "time": [0.0],
            "transform": [
                [0.934884, 0.087278, -0.344058, -0.0, -0.151738, 0.974535, -0.165091, 0.3, 0.320889, 0.206547, 0.92432, 0.0, 0.0, 0.0, 0.0, 1.0]
            ]
        },
        {
            "name": "Head",
            "time": [0.0],
            "transform": [
                [0.468916, -0.187694, 0.86307, -0.0, 0.015176, 0.978726, 0.204601, 0.4, -0.883113, -0.082843, 0.461789, -0.0, 0.0, 0.0, 0.0, 1.0]
            ]
        },
        {
            "name": "Shoulder_R",
            "time": [0.0],
            "transform": [
                [0.274441, 0.949467, 0.152334, -0.0, 0.248544, -0.223075, 0.942589, 0.4, 0.928913, -0.220826, -0.297209, -0.0, 0.0, 0.0, 0.0, 1.0]
            ]
        },
        {
            "name": "Arm_R",
            "time": [0.0],
            "transform": [
                [0.529934, -0.604899, -0.594192, -0.0, -0.403968, 0.442126, -0.797918, 0.393861, 0.74805, 0.667283, -0.00996, -0.0, 0.0, 0.0, 0.0, 1.0]
            ]
        },
        {
            "name": "Hand_R",
            "time": [0.0],
            "transform": [
                [0.997797, 0.00195, 0.000297, 0.0, -0.000271, 0.291688, -0.950906, 0.3, -0.001933, 0.965992, 0.287132, 0.0, 0.0, 0.0, 0.0, 1.0]
            ]
        },
        {
            "name": "Tool_R",
            "time": [0.0],
            "transform": [
                [0.969829, 0.078969, -0.230641, -0.0, -0.089572, -0.76448, -0.638394, 0.272858, -0.226601, 0.639405, -0.733914, 0.0, 0.0, 0.0, 0.0, 1.0]
            ]
        },
        {
            "name": "Elbow_R",
            "time": [0.0],
            "transform": [
                [-1.0, 0.0, -0.0, 0.0, 0.0, -0.0, -1.0, 0.3, -0.0, -1.0, 0.0, 0.0, 0.0, 0.0, 0.0, 1.0]
            ]
        },
        {
            "name": "Shoulder_L",
            "time": [0.0],
            "transform": [
                [-0.39989, -0.829024, -0.390914, -0.0, -0.212913, -0.330813, 0.919367, 0.4, -0.891479, 0.450883, -0.044221, -0.0, 0.0, 0.0, 0.0, 1.0]
            ]
        },
        {
            "name": "Arm_L",
            "time": [0.0],
            "transform": [
                [0.328029, -0.183167, 0.924855, 0.0, -0.711802, 0.598473, 0.368922, 0.39386, -0.621076, -0.782639, 0.065659, -0.0, 0.0, 0.0, 0.0, 1.0]
            ]
        },
        {
            "name": "Hand_L",
            "time": [0.0],
            "transform": [
                [1.00089, 0.001959, 0.000128, 0.0, -0.00012, 0.127387, -0.986799, 0.3, -0.001953, 0.996202, 0.126184, 0.0, 0.0, 0.0, 0.0, 1.0]
            ]
        },
        {
            "name": "Tool_L",
            "time": [0.0],
            "transform": [
                [1.0, 0.0, 0.0, 0.0, 0.0, -0.989852, -0.142104, 0.272858, 0.0, 0.14201, -0.989271, 0.0, 0.0, 0.0, 0.0, 1.0]
            ]
        },
        {
            "name": "Elbow_L",
            "time": [0.0],
            "transform": [
                [-1.0, 0.0, -0.0, 0.0, 0.0, -0.0, -1.0, 0.3, -0.0, -1.0, 0.0, 0.0, 0.0, 0.0, 0.0, 1.0]
            ]
        }
    ]
}