{
    "animation": [
        {
            "name": "Root",
            "time": [0.0, 0.1333, 0.3333, 0.5333, 0.6333, 0.6667, 0.8333, 1.0, 1.3333, 1.6667, 1.8667, 2.0667, 2.2333],
            "transform": [
                [1.0, 0.0, 0.0, -5e-06, 0.0, 0.0, -1.0, 0.000946, 0.0, 1.0, 0.0, 0.496902, 0.0, 0.0, 0.0, 1.0],
                [1.0, 0.0, 0.0, -5e-06, 0.0, 0.0, -1.0, 0.334914, 0.0, 1.0, 0.0, 0.326985, 0.0, 0.0, 0.0, 1.0],
                [1.0, 0.0, 0.0, -5e-06, 0.0, 0.0, -1.0, 0.747348, 0.0, 1.0, 0.0, 0.459957, 0.0, 0.0, 0.0, 1.0],
                [1.0, 0.0, 0.0, -5e-06, 0.0, 0.0, -1.0, 1.235147, 0.0, 1.0, 0.0, 0.459957, 0.0, 0.0, 0.0, 1.0],
                [1.0, 0.0, 0.0, -5e-06, 0.0, 0.0, -1.0, 1.487323, 0.0, 1.0, 0.0, 0.459957, 0.0, 0.0, 0.0, 1.0],
                [1.0, 0.0, 0.0, -5e-06, 0.0, 0.0, -1.0, 1.649811, 0.0, 1.0, 0.0, 0.459957, 0.0, 0.0, 0.0, 1.0],
                [1.0, 0.0, 0.0, -5e-06, 0.0, 0.0, -1.0, 1.77218, 0.0, 1.0, 0.0, 0.459957, 0.0, 0.0, 0.0, 1.0],
                [1.0, 0.0, 0.0, -5e-06, 0.0, 0.0, -1.0, 1.77218, 0.0, 1.0, 0.0, 0.412714, 0.0, 0.0, 0.0, 1.0],
                [1.0, 0.0, 0.0, -5e-06, 0.0, 0.0, -1.0, 1.77218, 0.0, 1.0, 0.0, 0.412714, 0.0, 0.0, 0.0, 1.0],
                [1.0, 0.0, 0.0, -5e-06, 0.0, 0.0, -1.0, 1.77218, 0.0, 1.0, 0.0, 0.559366, 0.0, 0.0, 0.0, 1.0],
                [1.0, 0.0, 0.0, -5e-06, 0.0, 0.0, -1.0, 1.778653, 0.0, 1.0, 0.0, 0.624259, 0.0, 0.0, 0.0, 1.0],
                [1.0, 0.0, 0.0, -5e-06, 0.0, 0.0, -1.0, 1.826351, 0.0, 1.0, 0.0, 0.661343, 0.0, 0.0, 0.0, 1.0],
                [1.0, 0.0, 0.0, -5e-06, 0.0, 0.0, -1.0, 1.826351, 0.0, 1.0, 0.0, 0.661343, 0.0, 0.0, 0.0, 1.0]
            ]
        },
        {
            "name": "Thigh_R",
            "time": [0.0, 0.0333, 0.0667, 0.1, 0.1333, 0.1667, 0.2, 0.2333, 0.2667, 0.3, 0.3333, 0.3667, 0.4, 0.4333, 0.4667, 0.5, 0.5333, 0.5667, 0.6, 0.6333, 0.6667, 0.7, 0.7333, 0.7667, 0.8, 0.8333, 0.8667, 0.9, 0.9333, 0.9667, 1.0, 1.0333, 1.0667, 1.1, 1.1333, 1.1667, 1.2, 1.2333, 1.2667, 1.3, 1.3333, 1.3667, 1.4, 1.4333, 1.4667, 1.5, 1.5333, 1.5667, 1.6, 1.6333, 1.6667, 1.7, 1.7333, 1.7667, 2.0333, 2.0667, 2.1, 2.1333, 2.1667, 2.2, 2.2333],
            "transform": [
                [0.252911, 0.564061, 0.786048, 0.124994, 0.604265, -0.7266, 0.326981, -0.002831, 0.75558, 0.392284, -0.524608, -1.2e-05, 0.0, 0.0, 0.0, 1.0],
                [0.315582, 0.53603, 0.782994, 0.124994, 0.598252, -0.752896, 0.274304, -0.002831, 0.736549, 0.381862, -0.558281, -1.2e-05, 0.0, 0.0, 0.0, 1.0],
                [0.382876, 0.537245, 0.751514, 0.124994, 0.609585, -0.758181, 0.231446, -0.002831, 0.694127, 0.369496, -0.617787, -1.2e-05, 0.0, 0.0, 0.0, 1.0],
                [0.442489, 0.514498, 0.734503, 0.124994, 0.66647, -0.736683, 0.114522, -0.002831, 0.600018, 0.43885, -0.668871, -1.2e-05, 0.0, 0.0, 0.0, 1.0],
                [0.488023, 0.44483, 0.750972, 0.124994, 0.725056, -0.68561, -0.065065, -0.002831, 0.485932, 0.57625, -0.65712, -1.2e-05, 0.0, 0.0, 0.0, 1.0],
                [0.558368, 0.41564, 0.717962, 0.124994, 0.720617, -0.671782, -0.171525, -0.002831, 0.411022, 0.613149, -0.674618, -1.2e-05, 0.0, 0.0, 0.0, 1.0],
                [0.66025, 0.356923, 0.660815, 0.124994, 0.659738, -0.696094, -0.283194, -0.002831, 0.358911, 0.622943, -0.695072, -1.2e-05, 0.0, 0.0, 0.0, 1.0],
                [0.763214, 0.288732, 0.578047, 0.124994, 0.562922, -0.736307, -0.375461, -0.002831, 0.317212, 0.611952, -0.724493, -1.2e-05, 0.0, 0.0, 0.0, 1.0],
                [0.850101, 0.219108, 0.478874, 0.124994, 0.443437, -0.788333, -0.426491, -0.002831, 0.284064, 0.574911, -0.767323, -1.2e-05, 0.0, 0.0, 0.0, 1.0],
                [0.91452, 0.152868, 0.374546, 0.124994, 0.316198, -0.847616, -0.426104, -0.002831, 0.252333, 0.508111, -0.823499, -1.2e-05, 0.0, 0.0, 0.0, 1.0],
                [0.955481, 0.092224, 0.280271, 0.124994, 0.1964, -0.907676, -0.370878, -0.002831, 0.220192, 0.409412, -0.88538, -1.2e-05, 0.0, 0.0, 0.0, 1.0],
                [0.978496, 0.034307, 0.203394, 0.124994, 0.088081, -0.961143, -0.261621, -0.002831, 0.186515, 0.27391, -0.943496, -1.2e-05, 0.0, 0.0, 0.0, 1.0],
                [0.983291, 0.149297, 0.104153, 0.124994, 0.038255, -0.72885, 0.683604, -0.002831, 0.177972, -0.668197, -0.722384, -1.2e-05, 0.0, 0.0, 0.0, 1.0],
                [0.992013, 0.117288, 0.046412, 0.124994, 0.033401, -0.59907, 0.799999, -0.002831, 0.121634, -0.79206, -0.598203, -1.2e-05, 0.0, 0.0, 0.0, 1.0],
                [0.996273, 0.084534, -0.017147, 0.124994, 0.052607, -0.437946, 0.897461, -0.002831, 0.068357, -0.895018, -0.440761, -1.2e-05, 0.0, 0.0, 0.0, 1.0],
                [0.995418, 0.05584, -0.077626, 0.124994, 0.091049, -0.305372, 0.94787, -0.002831, 0.029225, -0.950594, -0.309057, -1.2e-05, 0.0, 0.0, 0.0, 1.0],
                [0.991138, 0.044934, -0.125012, 0.124994, 0.132397, -0.257108, 0.95727, -0.002831, 0.010873, -0.965337, -0.260779, -1.2e-05, 0.0, 0.0, 0.0, 1.0],
                [0.988005, 0.045591, -0.147542, 0.124994, 0.154314, -0.25518, 0.9545, -0.002831, 0.005867, -0.965818, -0.259155, -1.2e-05, 0.0, 0.0, 0.0, 1.0],
                [0.957341, 0.245015, -0.153188, 0.124994, 0.15089, 0.028239, 0.988147, -0.002831, 0.246437, -0.969108, -0.009936, -1.2e-05, 0.0, 0.0, 0.0, 1.0],
                [0.984257, 0.151618, -0.090824, 0.124994, 0.119751, -0.194153, 0.973635, -0.002831, 0.129986, -0.969184, -0.209253, -1.2e-05, 0.0, 0.0, 0.0, 1.0],
                [0.971013, 0.08727, -0.222528, 0.124994, 0.238183, -0.275009, 0.931471, -0.002831, 0.020093, -0.957472, -0.287824, -1.2e-05, 0.0, 0.0, 0.0, 1.0],
                [0.961987, 0.054186, -0.267664, 0.124994, 0.271418, -0.298105, 0.915131, -0.002831, -0.030205, -0.952994, -0.301481, -1.2e-05, 0.0, 0.0, 0.0, 1.0],
                [0.956403, 0.033221, -0.290154, 0.124994, 0.285302, -0.318616, 0.903928, -0.002831, -0.062418, -0.947302, -0.314204, -1.2e-05, 0.0, 0.0, 0.0, 1.0],
                [0.960062, 0.033373, -0.277789, 0.124994, 0.271951, -0.344631, 0.898483, -0.002831, -0.065749, -0.938145, -0.339944, -1.2e-05, 0.0, 0.0, 0.0, 1.0],
                [0.964213, 0.039368, -0.26219, 0.124994, 0.25862, -0.357441, 0.897414, -0.002831, -0.058388, -0.933106, -0.354831, -1.2e-05, 0.0, 0.0, 0.0, 1.0],
                [0.965234, 0.039988, -0.258312, 0.124994, 0.255421, -0.354258, 0.89959, -0.002831, -0.055537, -0.934292, -0.352155, -1.2e-05, 0.0, 0.0, 0.0, 1.0],
                [0.965535, 0.035522, -0.257839, 0.124994, 0.253949, -0.345647, 0.903348, -0.002831, -0.057033, -0.937692, -0.342755, -1.2e-05, 0.0, 0.0, 0.0, 1.0],
                [0.964699, 0.030744, -0.261552, 0.124994, 0.256491, -0.334931, 0.906661, -0.002831, -0.059728, -0.941741, -0.330993, -1.2e-05, 0.0, 0.0, 0.0, 1.0],
                [0.964334, 0.029872, -0.262996, 0.124994, 0.258018, -0.327741, 0.908852, -0.002831, -0.059045, -0.944296, -0.323759, -1.2e-05, 0.0, 0.0, 0.0, 1.0],
                [0.963966, 0.02897, -0.26444, 0.124994, 0.259539, -0.320536, 0.910986, -0.002831, -0.058371, -0.946794, -0.316505, -1.2e-05, 0.0, 0.0, 0.0, 1.0],
                [0.963769, 0.033835, -0.264583, 0.124994, 0.261494, -0.31557, 0.91216, -0.002831, -0.052632, -0.948299, -0.312984, -1.2e-05, 0.0, 0.0, 0.0, 1.0],
                [0.963549, 0.03867, -0.264722, 0.124994, 0.26339, -0.310564, 0.913332, -0.002831, -0.046895, -0.949765, -0.309429, -1.2e-05, 0.0, 0.0, 0.0, 1.0],
                [0.963502, 0.04602, -0.263715, 0.124994, 0.264887, -0.306338, 0.914326, -0.002831, -0.038708, -0.95081, -0.307348, -1.2e-05, 0.0, 0.0, 0.0, 1.0],
                [0.963405, 0.053343, -0.262688, 0.124994, 0.266307, -0.302065, 0.915335, -0.002831, -0.030522, -0.951794, -0.305217, -1.2e-05, 0.0, 0.0, 0.0, 1.0],
                [0.963202, 0.061209, -0.261715, 0.124994, 0.267868, -0.298655, 0.915998, -0.002831, -0.022095, -0.952396, -0.304061, -1.2e-05, 0.0, 0.0, 0.0, 1.0],
                [0.962948, 0.069047, -0.260696, 0.124994, 0.269338, -0.295196, 0.916688, -0.002831, -0.013662, -0.952939, -0.302856, -1.2e-05, 0.0, 0.0, 0.0, 1.0],
                [0.962886, 0.077329, -0.258596, 0.124994, 0.269867, -0.293098, 0.917205, -0.002831, -0.004868, -0.95295, -0.303089, -1.2e-05, 0.0, 0.0, 0.0, 1.0],
                [0.962807, 0.082759, -0.257204, 0.124994, 0.270191, -0.294592, 0.916631, -0.002831, 8.9e-05, -0.952033, -0.305996, -1.2e-05, 0.0, 0.0, 0.0, 1.0],
                [0.962763, 0.091104, -0.254534, 0.124994, 0.270236, -0.297267, 0.915753, -0.002831, 0.007764, -0.950438, -0.310818, -1.2e-05, 0.0, 0.0, 0.0, 1.0],
                [0.962921, 0.094065, -0.252854, 0.124994, 0.26963, -0.303954, 0.913735, -0.002831, 0.009094, -0.948032, -0.318046, -1.2e-05, 0.0, 0.0, 0.0, 1.0],
                [0.96265, 0.097083, -0.252742, 0.124994, 0.270611, -0.315452, 0.909538, -0.002831, 0.008573, -0.943962, -0.329942, -1.2e-05, 0.0, 0.0, 0.0, 1.0],
                [0.962002, 0.098326, -0.254721, 0.124994, 0.27301, -0.332484, 0.902729, -0.002831, 0.004071, -0.937969, -0.346694, -1.2e-05, 0.0, 0.0, 0.0, 1.0],
                [0.962308, 0.098538, -0.25348, 0.124994, 0.271947, -0.357599, 0.893402, -0.002831, -0.00261, -0.928662, -0.370918, -1.2e-05, 0.0, 0.0, 0.0, 1.0],
                [0.963903, 0.099547, -0.246943, 0.124994, 0.266156, -0.385285, 0.883581, -0.002831, -0.007186, -0.917413, -0.397873, -1.2e-05, 0.0, 0.0, 0.0, 1.0],
                [0.967983, 0.101414, -0.229617, 0.124994, 0.250926, -0.415417, 0.874336, -0.002831, -0.006717, -0.90396, -0.427565, -1.2e-05, 0.0, 0.0, 0.0, 1.0],
                [0.97531, 0.106838, -0.193273, 0.124994, 0.220773, -0.450749, 0.864918, -0.002831, 0.005289, -0.886235, -0.463208, -1.2e-05, 0.0, 0.0, 0.0, 1.0],
                [0.98354, 0.113937, -0.140243, 0.124994, 0.178548, -0.493611, 0.851157, -0.002831, 0.027753, -0.862187, -0.50583, -1.2e-05, 0.0, 0.0, 0.0, 1.0],
                [0.989269, 0.121453, -0.081211, 0.124994, 0.134556, -0.54079, 0.830325, -0.002831, 0.056927, -0.832343, -0.55133, -1.2e-05, 0.0, 0.0, 0.0, 1.0],
                [0.991517, 0.126889, -0.028146, 0.124994, 0.097841, -0.58613, 0.804288, -0.002831, 0.085558, -0.80022, -0.593573, -1.2e-05, 0.0, 0.0, 0.0, 1.0],
                [0.991284, 0.131662, 0.004397, 0.124994, 0.079504, -0.624531, 0.776943, -0.002831, 0.10504, -0.769823, -0.629556, -1.2e-05, 0.0, 0.0, 0.0, 1.0],
                [0.989955, 0.140483, 0.015918, 0.124994, 0.081081, -0.65635, 0.750087, -0.002831, 0.115822, -0.741261, -0.661148, -1.2e-05, 0.0, 0.0, 0.0, 1.0],
                [0.988066, 0.153513, 0.012548, 0.124994, 0.097338, -0.685485, 0.721551, -0.002831, 0.119369, -0.71172, -0.692247, -1.2e-05, 0.0, 0.0, 0.0, 1.0],
                [0.985309, 0.170682, 0.005906, 0.124994, 0.11874, -0.709496, 0.694633, -0.002831, 0.122752, -0.683726, -0.71934, -1.2e-05, 0.0, 0.0, 0.0, 1.0],
                [0.98338, 0.181453, -0.006302, 0.124994, 0.138677, -0.728242, 0.671142, -0.002831, 0.117192, -0.660861, -0.741302, -1.2e-05, 0.0, 0.0, 0.0, 1.0],
                [0.829756, 0.325097, 0.453672, 0.124994, 0.295747, -0.94545, 0.136588, -0.002831, 0.473329, 0.020838, -0.880639, -1.2e-05, 0.0, 0.0, 0.0, 1.0],
                [0.81844, 0.320662, 0.476793, 0.124994, 0.28387, -0.947106, 0.149691, -0.002831, 0.499574, 0.012834, -0.866176, -1.2e-05, 0.0, 0.0, 0.0, 1.0],
                [0.81207, 0.319239, 0.488496, 0.124994, 0.275048, -0.94767, 0.16208, -0.002831, 0.514676, 0.00274, -0.85738, -1.2e-05, 0.0, 0.0, 0.0, 1.0],
                [0.80965, 0.317869, 0.493382, 0.124994, 0.265934, -0.948081, 0.174414, -0.002831, 0.523207, -0.010007, -0.852147, -1.2e-05, 0.0, 0.0, 0.0, 1.0],
                [0.809078, 0.317348, 0.494654, 0.124994, 0.258562, -0.948053, 0.185313, -0.002831, 0.527767, -0.022033, -0.849103, -1.2e-05, 0.0, 0.0, 0.0, 1.0],
                [0.808398, 0.31699, 0.495994, 0.124994, 0.251257, -0.947818, 0.19624, -0.002831, 0.532318, -0.034017, -0.84586, -1.2e-05, 0.0, 0.0, 0.0, 1.0],
                [0.805735, 0.313887, 0.502262, 0.124994, 0.241208, -0.94841, 0.205758, -0.002831, 0.540935, -0.044636, -0.839879, -1.2e-05, 0.0, 0.0, 0.0, 1.0]
            ]
        },
        {
            "name": "Leg_R",
            "time": [0.0, 0.0333, 0.0667, 0.1, 0.1333, 0.1667, 0.2, 0.2333, 0.2667, 0.3, 0.3333, 0.3667, 0.4, 0.4333, 0.4667, 0.5, 0.5333, 0.5667, 0.6, 0.6333, 0.6667, 0.7, 0.7333, 0.7667, 0.8, 0.8333, 0.8667, 0.9, 0.9333, 0.9667, 1.0, 1.0333, 1.0667, 1.1, 1.1333, 1.1667, 1.2, 1.2333, 1.2667, 1.3, 1.3333, 1.3667, 1.4, 1.4333, 1.4667, 1.5, 1.5333, 1.5667, 1.6, 1.6333, 1.6667, 1.7, 1.7333, 1.7667, 1.8, 1.8333, 1.8667, 1.9, 1.9333, 1.9667, 2.0, 2.0333, 2.0667, 2.1, 2.1333, 2.1667, 2.2, 2.2333],
            "transform": [
                [0.999999, 0.001876, -0.000543, -0.0, -0.000544, 0.534243, 0.845331, 0.37472, 0.001876, -0.845329, 0.534243, 0.0, 0.0, 0.0, 0.0, 1.0],
                [0.999998, 0.001889, -0.000491, -0.0, -0.000493, 0.487797, 0.872957, 0.37472, 0.001889, -0.872954, 0.487797, 0.0, 0.0, 0.0, 0.0, 1.0],
                [0.999998, 0.001897, -0.000462, 0.0, -0.000463, 0.460164, 0.887834, 0.37472, 0.001897, -0.887831, 0.460164, 0.0, 0.0, 0.0, 0.0, 1.0],
                [0.999999, 0.001866, -0.000575, -0.0, -0.000577, 0.563766, 0.825935, 0.37472, 0.001866, -0.825932, 0.563766, 0.0, 0.0, 0.0, 0.0, 1.0],
                [0.999999, 0.001767, -0.000831, 0.0, -0.000833, 0.770797, 0.63708, 0.37472, 0.001766, -0.637077, 0.770797, 0.0, 0.0, 0.0, 0.0, 1.0],
                [0.999998, 0.001749, -0.000868, -0.0, -0.000869, 0.796684, 0.604395, 0.37472, 0.001749, -0.604393, 0.796684, -0.0, 0.0, 0.0, 0.0, 1.0],
                [0.999999, 0.001743, -0.000881, 0.0, -0.000882, 0.80583, 0.592146, 0.37472, 0.001742, -0.592144, 0.80583, 0.0, 0.0, 0.0, 0.0, 1.0],
                [0.999998, 0.001748, -0.000872, -0.0, -0.000872, 0.798881, 0.601489, 0.37472, 0.001747, -0.601487, 0.798881, 0.0, 0.0, 0.0, 0.0, 1.0],
                [0.999998, 0.001768, -0.00083, -0.0, -0.000831, 0.769861, 0.638211, 0.37472, 0.001767, -0.638209, 0.769861, 0.0, 0.0, 0.0, 0.0, 1.0],
                [0.999999, 0.001804, -0.000749, 0.0, -0.000751, 0.709125, 0.705082, 0.37472, 0.001803, -0.70508, 0.709125, -0.0, 0.0, 0.0, 0.0, 1.0],
                [0.999999, 0.00185, -0.000625, 0.0, -0.000626, 0.607155, 0.794583, 0.37472, 0.00185, -0.79458, 0.607155, 0.0, 0.0, 0.0, 0.0, 1.0],
                [0.999998, 0.001899, -0.000454, 0.0, -0.000455, 0.452961, 0.89153, 0.37472, 0.001899, -0.891528, 0.452961, -0.0, 0.0, 0.0, 0.0, 1.0],
                [0.999999, 0.001939, 0.000232, 0.0, 0.000231, -0.235335, 0.971914, 0.37472, 0.001939, -0.971912, -0.235335, 0.0, 0.0, 0.0, 0.0, 1.0],
                [0.999999, 0.001929, 0.0003, -0.0, 0.0003, -0.303788, 0.95274, 0.37472, 0.001929, -0.952737, -0.303788, 0.0, 0.0, 0.0, 0.0, 1.0],
                [0.999998, 0.001931, 0.000293, 0.0, 0.000292, -0.296432, 0.955054, 0.37472, 0.001931, -0.955052, -0.296432, 0.0, 0.0, 0.0, 0.0, 1.0],
                [0.999998, 0.001944, 0.000182, -0.0, 0.000181, -0.184978, 0.982743, 0.37472, 0.001944, -0.98274, -0.184978, -0.0, 0.0, 0.0, 0.0, 1.0],
                [0.999998, 0.001953, -3.1e-05, -0.0, -3.2e-05, 0.03198, 0.999489, 0.37472, 0.001953, -0.999485, 0.03198, -0.0, 0.0, 0.0, 0.0, 1.0],
                [0.999998, 0.001932, -0.000278, -0.0, -0.000279, 0.282431, 0.959288, 0.37472, 0.001932, -0.959285, 0.282431, 0.0, 0.0, 0.0, 0.0, 1.0],
                [0.999999, 0.001937, 0.000242, -0.0, 0.000242, -0.245553, 0.969383, 0.37472, 0.001937, -0.96938, -0.245553, 0.0, 0.0, 0.0, 0.0, 1.0],
                [0.999998, 0.001828, -0.000688, -0.0, -0.000689, 0.659768, 0.751469, 0.37472, 0.001827, -0.751467, 0.659768, 0.0, 0.0, 0.0, 0.0, 1.0],
                [0.999999, 0.001898, -0.000457, -0.0, -0.000458, 0.455848, 0.890058, 0.37472, 0.001898, -0.890055, 0.455848, -0.0, 0.0, 0.0, 0.0, 1.0],
                [0.999998, 0.001938, -0.000243, 0.0, -0.000246, 0.248097, 0.968735, 0.37472, 0.001938, -0.968733, 0.248097, 0.0, 0.0, 0.0, 0.0, 1.0],
                [0.999998, 0.001951, -7.6e-05, 0.0, -7.7e-05, 0.07851, 0.996913, 0.37472, 0.001951, -0.996911, 0.07851, 0.0, 0.0, 0.0, 0.0, 1.0],
                [0.999999, 0.001952, 3.9e-05, -0.0, 3.7e-05, -0.038696, 0.999251, 0.37472, 0.001952, -0.999249, -0.038697, -0.0, 0.0, 0.0, 0.0, 1.0],
                [0.999998, 0.00195, 9.6e-05, 0.0, 9.6e-05, -0.0981, 0.995177, 0.37472, 0.00195, -0.995174, -0.0981, -0.0, 0.0, 0.0, 0.0, 1.0],
                [0.999997, 0.001951, 9.4e-05, 0.0, 9.1e-05, -0.094385, 0.995536, 0.37472, 0.001951, -0.995534, -0.094385, 0.0, 0.0, 0.0, 0.0, 1.0],
                [0.999999, 0.00195, 7.3e-05, -0.0, 7.4e-05, -0.075694, 0.997131, 0.37472, 0.00195, -0.997129, -0.075694, -0.0, 0.0, 0.0, 0.0, 1.0],
                [0.999999, 0.001952, 4.5e-05, 0.0, 4.4e-05, -0.045652, 0.998957, 0.37472, 0.001952, -0.998955, -0.045652, 0.0, 0.0, 0.0, 0.0, 1.0],
                [0.999997, 0.001953, 1.5e-05, 0.0, 1.5e-05, -0.015568, 0.999878, 0.37472, 0.001953, -0.999878, -0.015568, 0.0, 0.0, 0.0, 0.0, 1.0],
                [0.999998, 0.001953, -4e-06, 0.0, -5e-06, 0.004876, 0.999988, 0.37472, 0.001953, -0.999987, 0.004876, 0.0, 0.0, 0.0, 0.0, 1.0],
                [0.999998, 0.001953, -2e-05, -0.0, -1.9e-05, 0.020351, 0.999793, 0.37472, 0.001953, -0.999791, 0.020351, -0.0, 0.0, 0.0, 0.0, 1.0],
                [0.999998, 0.001953, -3.5e-05, 0.0, -3.5e-05, 0.035821, 0.999359, 0.37472, 0.001953, -0.999357, 0.035821, -0.0, 0.0, 0.0, 0.0, 1.0],
                [0.999998, 0.001952, -4.9e-05, 0.0, -4.8e-05, 0.049547, 0.998771, 0.37472, 0.001952, -0.99877, 0.049547, 0.0, 0.0, 0.0, 0.0, 1.0],
                [0.999999, 0.001952, -6.2e-05, 0.0, -6.2e-05, 0.063265, 0.997997, 0.37472, 0.001952, -0.997994, 0.063265, 0.0, 0.0, 0.0, 0.0, 1.0],
                [0.999998, 0.001951, -7.6e-05, -0.0, -7.5e-05, 0.076972, 0.997033, 0.37472, 0.001951, -0.997032, 0.076972, 0.0, 0.0, 0.0, 0.0, 1.0],
                [0.999998, 0.001951, -8.8e-05, 0.0, -8.9e-05, 0.090662, 0.995882, 0.37472, 0.001951, -0.99588, 0.090662, 0.0, 0.0, 0.0, 0.0, 1.0],
                [0.999999, 0.00195, -0.000103, -0.0, -0.000104, 0.105714, 0.994397, 0.37472, 0.00195, -0.994394, 0.105714, 0.0, 0.0, 0.0, 0.0, 1.0],
                [0.999998, 0.001949, -0.000118, 0.0, -0.000118, 0.120741, 0.992684, 0.37472, 0.001949, -0.992682, 0.120741, -0.0, 0.0, 0.0, 0.0, 1.0],
                [0.999998, 0.001948, -0.000132, -0.0, -0.000134, 0.135742, 0.990744, 0.37472, 0.001948, -0.990743, 0.135742, -0.0, 0.0, 0.0, 0.0, 1.0],
                [0.999998, 0.001947, -0.00015, -0.0, -0.000152, 0.15397, 0.988075, 0.37472, 0.001947, -0.988074, 0.15397, 0.0, 0.0, 0.0, 0.0, 1.0],
                [0.999998, 0.001946, -0.000168, -0.0, -0.000169, 0.172146, 0.985071, 0.37472, 0.001946, -0.98507, 0.172146, -0.0, 0.0, 0.0, 0.0, 1.0],
                [0.999998, 0.001944, -0.000186, -0.0, -0.000187, 0.190262, 0.981733, 0.37472, 0.001944, -0.981732, 0.190262, 0.0, 0.0, 0.0, 0.0, 1.0],
                [0.999998, 0.001942, -0.000208, 0.0, -0.000209, 0.212092, 0.97725, 0.37472, 0.001942, -0.977247, 0.212092, 0.0, 0.0, 0.0, 0.0, 1.0],
                [0.999998, 0.001938, -0.000235, 0.0, -0.000236, 0.239785, 0.970826, 0.37472, 0.001938, -0.970824, 0.239785, -0.0, 0.0, 0.0, 0.0, 1.0],
                [0.999998, 0.001934, -0.000267, -0.0, -0.000268, 0.271632, 0.962402, 0.37472, 0.001934, -0.962399, 0.271632, 0.0, 0.0, 0.0, 0.0, 1.0],
                [0.999999, 0.001928, -0.000312, 0.0, -0.000312, 0.315156, 0.94904, 0.37472, 0.001928, -0.949038, 0.315155, -0.0, 0.0, 0.0, 0.0, 1.0],
                [0.999998, 0.001917, -0.000369, 0.0, -0.000369, 0.371358, 0.92849, 0.37472, 0.001917, -0.928487, 0.371358, 0.0, 0.0, 0.0, 0.0, 1.0],
                [0.999999, 0.001904, -0.000436, 0.0, -0.000438, 0.436239, 0.89983, 0.37472, 0.001904, -0.899828, 0.436239, 0.0, 0.0, 0.0, 0.0, 1.0],
                [0.999998, 0.001886, -0.000504, 0.0, -0.000505, 0.498926, 0.866644, 0.37472, 0.001886, -0.866643, 0.498926, 0.0, 0.0, 0.0, 0.0, 1.0],
                [0.999998, 0.00187, -0.000564, -0.0, -0.000565, 0.553381, 0.832927, 0.37472, 0.001869, -0.832926, 0.553381, 0.0, 0.0, 0.0, 0.0, 1.0],
                [0.999998, 0.001856, -0.000608, 0.0, -0.000609, 0.592322, 0.805701, 0.37472, 0.001856, -0.805699, 0.592322, 0.0, 0.0, 0.0, 0.0, 1.0],
                [0.999998, 0.001845, -0.000642, -0.0, -0.000643, 0.620994, 0.783815, 0.37472, 0.001844, -0.783813, 0.620994, 0.0, 0.0, 0.0, 0.0, 1.0],
                [0.999999, 0.001833, -0.000674, 0.0, -0.000676, 0.648855, 0.760912, 0.37472, 0.001832, -0.760909, 0.648856, -0.0, 0.0, 0.0, 0.0, 1.0],
                [0.999999, 0.001818, -0.000712, -0.0, -0.000713, 0.679422, 0.733747, 0.37472, 0.001818, -0.733744, 0.679423, 0.0, 0.0, 0.0, 0.0, 1.0],
                [0.999999, 0.001799, -0.000759, -0.0, -0.000761, 0.716978, 0.697095, 0.37472, 0.001799, -0.697094, 0.716978, 0.0, 0.0, 0.0, 0.0, 1.0],
                [0.999998, 0.001777, -0.00081, 0.0, -0.000811, 0.755101, 0.655609, 0.37472, 0.001776, -0.655607, 0.755101, -0.0, 0.0, 0.0, 0.0, 1.0],
                [0.999998, 0.001741, -0.000885, 0.0, -0.000886, 0.808406, 0.588625, 0.37472, 0.00174, -0.588624, 0.808405, -0.0, 0.0, 0.0, 0.0, 1.0],
                [0.999998, 0.001775, -0.000815, -0.0, -0.000816, 0.758954, 0.651144, 0.37472, 0.001774, -0.651142, 0.758954, 0.0, 0.0, 0.0, 0.0, 1.0],
                [0.999999, 0.001777, -0.000811, -0.0, -0.000813, 0.756308, 0.654215, 0.37472, 0.001776, -0.654214, 0.756308, 0.0, 0.0, 0.0, 0.0, 1.0],
                [0.999998, 0.001778, -0.000808, -0.0, -0.000809, 0.753649, 0.657277, 0.37472, 0.001778, -0.657275, 0.753648, 0.0, 0.0, 0.0, 0.0, 1.0],
                [0.999999, 0.001733, -0.000902, 0.0, -0.000904, 0.819777, 0.572681, 0.37472, 0.001732, -0.572679, 0.819778, -0.0, 0.0, 0.0, 0.0, 1.0],
                [0.999998, 0.001652, -0.001043, 0.0, -0.001044, 0.903161, 0.4293, 0.37472, 0.001651, -0.429298, 0.903161, 0.0, 0.0, 0.0, 0.0, 1.0],
                [0.999999, 0.001642, -0.001058, -0.0, -0.00106, 0.910904, 0.412615, 0.37472, 0.001641, -0.412613, 0.910905, -0.0, 0.0, 0.0, 0.0, 1.0],
                [0.999998, 0.001641, -0.001058, 0.0, -0.00106, 0.911197, 0.411971, 0.37472, 0.001641, -0.411969, 0.911196, 0.0, 0.0, 0.0, 0.0, 1.0],
                [0.999998, 0.001647, -0.001049, 0.0, -0.00105, 0.906477, 0.422254, 0.37472, 0.001646, -0.422252, 0.906477, -0.0, 0.0, 0.0, 0.0, 1.0],
                [0.999998, 0.001656, -0.001036, -0.0, -0.001038, 0.899782, 0.436338, 0.37472, 0.001654, -0.436336, 0.899782, -0.0, 0.0, 0.0, 0.0, 1.0],
                [0.999999, 0.001664, -0.001023, 0.0, -0.001025, 0.892868, 0.450318, 0.37472, 0.001663, -0.450316, 0.892868, 0.0, 0.0, 0.0, 0.0, 1.0],
                [0.999999, 0.001667, -0.001018, -0.0, -0.00102, 0.890294, 0.455384, 0.37472, 0.001665, -0.455382, 0.890294, 0.0, 0.0, 0.0, 0.0, 1.0]
            ]
        },
        {
            "name": "Knee_R",
            "time": [0.0, 2.2333],
            "transform": [
                [1.0, 0.0, -0.0, -0.0, -0.0, 1e-06, -1.0, 0.37472, -0.0, 1.0, 1e-06, 0.0, 0.0, 0.0, 0.0, 1.0],
                [1.0, 0.0, -0.0, -0.0, -0.0, 1e-06, -1.0, 0.37472, -0.0, 1.0, 1e-06, 0.0, 0.0, 0.0, 0.0, 1.0]
            ]
        },
        {
            "name": "Thigh_L",
            "time": [0.0, 0.0333, 0.0667, 0.1, 0.1333, 0.1667, 0.2, 0.2333, 0.2667, 0.3, 0.3333, 0.3667, 0.4, 0.4333, 0.4667, 0.5, 0.5333, 0.5667, 0.6, 0.6333, 0.6667, 0.7, 0.7333, 0.7667, 0.8, 0.8333, 0.8667, 0.9, 0.9333, 0.9667, 1.0, 1.0333, 1.0667, 1.1, 1.1333, 1.1667, 1.2, 1.2333, 1.2667, 1.3, 1.3333, 1.3667, 1.4, 1.4333, 1.4667, 1.5, 1.5333, 1.5667, 1.6, 1.6333, 1.6667, 1.7, 1.7333, 1.7667, 1.8, 1.8333, 1.8667, 1.9, 1.9333, 1.9667, 2.0, 2.0333, 2.0667, 2.1, 2.1333, 2.1667, 2.2, 2.2333],
            "transform": [
                [0.792185, 0.229521, 0.565476, -0.125006, -0.357761, -0.576015, 0.734993, -0.002831, 0.494418, -0.784556, -0.374197, -1.2e-05, 0.0, 0.0, 0.0, 1.0],
                [0.817324, 0.272609, 0.507608, -0.125006, -0.358459, -0.449158, 0.818391, -0.002831, 0.451097, -0.850847, -0.269389, -1.2e-05, 0.0, 0.0, 0.0, 1.0],
                [0.868877, 0.266949, 0.416882, -0.125006, -0.346246, -0.274133, 0.897198, -0.002831, 0.353787, -0.9239, -0.145758, -1.2e-05, 0.0, 0.0, 0.0, 1.0],
                [0.921908, 0.288624, 0.258421, -0.125006, -0.247698, -0.07375, 0.966026, -0.002831, 0.297877, -0.954598, 0.003501, -1.2e-05, 0.0, 0.0, 0.0, 1.0],
                [0.953275, 0.271788, 0.131902, -0.125006, -0.143971, 0.024861, 0.98927, -0.002831, 0.265593, -0.962035, 0.062829, -1.2e-05, 0.0, 0.0, 0.0, 1.0],
                [0.945854, 0.048514, 0.320944, -0.125006, -0.298823, -0.255933, 0.919349, -0.002831, 0.126742, -0.965476, -0.227579, -1.2e-05, 0.0, 0.0, 0.0, 1.0],
                [0.944083, 0.079661, 0.31994, -0.125006, -0.277778, -0.330562, 0.90198, -0.002831, 0.177613, -0.940416, -0.289951, -1.2e-05, 0.0, 0.0, 0.0, 1.0],
                [0.957731, 0.054717, 0.282411, -0.125006, -0.23388, -0.423472, 0.875198, -0.002831, 0.167481, -0.904255, -0.392776, -1.2e-05, 0.0, 0.0, 0.0, 1.0],
                [0.972075, 0.006913, 0.234564, -0.125006, -0.195458, -0.529298, 0.825614, -0.002831, 0.129862, -0.848408, -0.513167, -1.2e-05, 0.0, 0.0, 0.0, 1.0],
                [0.98298, -0.050175, 0.176726, -0.125006, -0.168837, -0.625915, 0.761396, -0.002831, 0.072412, -0.778276, -0.623734, -1.2e-05, 0.0, 0.0, 0.0, 1.0],
                [0.988061, -0.101463, 0.115931, -0.125006, -0.153495, -0.712748, 0.684419, -0.002831, 0.013187, -0.694044, -0.719813, -1.2e-05, 0.0, 0.0, 0.0, 1.0],
                [0.987328, -0.143144, 0.068494, -0.125006, -0.155199, -0.781052, 0.604873, -0.002831, -0.033087, -0.607839, -0.793371, -1.2e-05, 0.0, 0.0, 0.0, 1.0],
                [0.984597, -0.172907, 0.025887, -0.125006, -0.161012, -0.839069, 0.519652, -0.002831, -0.06813, -0.515817, -0.853985, -1.2e-05, 0.0, 0.0, 0.0, 1.0],
                [0.980287, -0.197332, -0.00979, -0.125006, -0.175322, -0.891661, 0.417378, -0.002831, -0.091091, -0.407434, -0.90868, -1.2e-05, 0.0, 0.0, 0.0, 1.0],
                [0.973535, -0.223326, -0.0485, -0.125006, -0.200192, -0.935749, 0.290343, -0.002831, -0.110225, -0.27295, -0.955693, -1.2e-05, 0.0, 0.0, 0.0, 1.0],
                [0.964068, -0.247492, -0.09654, -0.125006, -0.233393, -0.962659, 0.137174, -0.002831, -0.126885, -0.109713, -0.985831, -1.2e-05, 0.0, 0.0, 0.0, 1.0],
                [0.950841, -0.269408, -0.152705, -0.125006, -0.277132, -0.96032, -0.031382, -0.002831, -0.13819, 0.07216, -0.987773, -1.2e-05, 0.0, 0.0, 0.0, 1.0],
                [0.935399, -0.28426, -0.210293, -0.125006, -0.324288, -0.926727, -0.189777, -0.002831, -0.140937, 0.245714, -0.959042, -1.2e-05, 0.0, 0.0, 0.0, 1.0],
                [0.89303, -0.352064, -0.280261, -0.125006, -0.437167, -0.826412, -0.354864, -0.002831, -0.106676, 0.439426, -0.891922, -1.2e-05, 0.0, 0.0, 0.0, 1.0],
                [0.868847, -0.322025, -0.376037, -0.125006, -0.478771, -0.739866, -0.472627, -0.002831, -0.126019, 0.590678, -0.797007, -1.2e-05, 0.0, 0.0, 0.0, 1.0],
                [0.794734, -0.379892, -0.473371, -0.125006, -0.548143, -0.784136, -0.290982, -0.002831, -0.260644, 0.490729, -0.831414, -1.2e-05, 0.0, 0.0, 0.0, 1.0],
                [0.730645, -0.441329, -0.520947, -0.125006, -0.585745, -0.797207, -0.146161, -0.002831, -0.350797, 0.411935, -0.840982, -1.2e-05, 0.0, 0.0, 0.0, 1.0],
                [0.707443, -0.457669, -0.538576, -0.125006, -0.596009, -0.795874, -0.106571, -0.002831, -0.379864, 0.39639, -0.83581, -1.2e-05, 0.0, 0.0, 0.0, 1.0],
                [0.729424, -0.427171, -0.534289, -0.125006, -0.586046, -0.793091, -0.166, -0.002831, -0.352829, 0.434204, -0.828842, -1.2e-05, 0.0, 0.0, 0.0, 1.0],
                [0.755891, -0.371308, -0.53922, -0.125006, -0.573429, -0.772919, -0.271616, -0.002831, -0.31592, 0.514518, -0.797161, -1.2e-05, 0.0, 0.0, 0.0, 1.0],
                [0.766639, -0.310482, -0.562018, -0.125006, -0.567309, -0.737482, -0.366444, -0.002831, -0.300703, 0.599769, -0.741522, -1.2e-05, 0.0, 0.0, 0.0, 1.0],
                [0.77555, -0.25565, -0.577203, -0.125006, -0.558675, -0.703685, -0.438988, -0.002831, -0.293941, 0.662927, -0.688569, -1.2e-05, 0.0, 0.0, 0.0, 1.0],
                [0.782885, -0.208161, -0.586309, -0.125006, -0.548644, -0.675368, -0.492816, -0.002831, -0.293389, 0.707495, -0.642942, -1.2e-05, 0.0, 0.0, 0.0, 1.0],
                [0.788768, -0.175913, -0.588981, -0.125006, -0.54033, -0.655251, -0.52791, -0.002831, -0.293064, 0.734644, -0.611892, -1.2e-05, 0.0, 0.0, 0.0, 1.0],
                [0.793168, -0.159763, -0.587672, -0.125006, -0.532777, -0.649482, -0.542515, -0.002831, -0.295008, 0.743405, -0.600266, -1.2e-05, 0.0, 0.0, 0.0, 1.0],
                [0.797942, -0.157854, -0.581695, -0.125006, -0.525133, -0.655775, -0.542397, -0.002831, -0.295841, 0.73827, -0.606165, -1.2e-05, 0.0, 0.0, 0.0, 1.0],
                [0.803454, -0.16613, -0.571718, -0.125006, -0.517264, -0.670249, -0.532169, -0.002831, -0.294783, 0.723304, -0.624448, -1.2e-05, 0.0, 0.0, 0.0, 1.0],
                [0.808957, -0.181363, -0.559191, -0.125006, -0.509443, -0.690944, -0.512897, -0.002831, -0.293348, 0.69979, -0.651339, -1.2e-05, 0.0, 0.0, 0.0, 1.0],
                [0.814645, -0.201307, -0.5439, -0.125006, -0.501846, -0.714749, -0.487119, -0.002831, -0.290691, 0.669785, -0.683292, -1.2e-05, 0.0, 0.0, 0.0, 1.0],
                [0.820545, -0.222747, -0.526392, -0.125006, -0.493163, -0.741465, -0.454994, -0.002831, -0.288952, 0.632942, -0.718256, -1.2e-05, 0.0, 0.0, 0.0, 1.0],
                [0.826235, -0.243285, -0.508081, -0.125006, -0.484746, -0.766529, -0.421254, -0.002831, -0.286973, 0.594347, -0.751265, -1.2e-05, 0.0, 0.0, 0.0, 1.0],
                [0.832518, -0.264797, -0.486616, -0.125006, -0.476054, -0.791189, -0.383917, -0.002831, -0.283344, 0.551275, -0.784737, -1.2e-05, 0.0, 0.0, 0.0, 1.0],
                [0.838321, -0.280254, -0.467625, -0.125006, -0.467049, -0.811641, -0.350865, -0.002831, -0.281211, 0.512543, -0.811308, -1.2e-05, 0.0, 0.0, 0.0, 1.0],
                [0.845205, -0.292522, -0.447279, -0.125006, -0.457134, -0.82926, -0.321492, -0.002831, -0.276867, 0.476194, -0.834617, -1.2e-05, 0.0, 0.0, 0.0, 1.0],
                [0.85181, -0.296857, -0.431619, -0.125006, -0.446973, -0.841557, -0.303312, -0.002831, -0.273191, 0.451287, -0.849533, -1.2e-05, 0.0, 0.0, 0.0, 1.0],
                [0.860996, -0.290084, -0.417774, -0.125006, -0.434202, -0.846979, -0.306752, -0.002831, -0.264861, 0.445512, -0.855201, -1.2e-05, 0.0, 0.0, 0.0, 1.0],
                [0.872739, -0.271554, -0.405689, -0.125006, -0.417322, -0.846196, -0.331354, -0.002831, -0.253311, 0.45849, -0.851834, -1.2e-05, 0.0, 0.0, 0.0, 1.0],
                [0.884412, -0.250969, -0.393482, -0.125006, -0.400824, -0.840332, -0.364942, -0.002831, -0.239066, 0.480477, -0.843795, -1.2e-05, 0.0, 0.0, 0.0, 1.0],
                [0.895288, -0.23306, -0.379658, -0.125006, -0.384913, -0.833741, -0.395878, -0.002831, -0.224272, 0.500562, -0.836146, -1.2e-05, 0.0, 0.0, 0.0, 1.0],
                [0.903301, -0.225486, -0.364968, -0.125006, -0.373182, -0.832634, -0.409213, -0.002831, -0.211612, 0.505844, -0.836267, -1.2e-05, 0.0, 0.0, 0.0, 1.0],
                [0.909805, -0.223168, -0.349928, -0.125006, -0.360314, -0.84315, -0.39909, -0.002831, -0.205977, 0.489179, -0.847513, -1.2e-05, 0.0, 0.0, 0.0, 1.0],
                [0.915172, -0.226027, -0.333723, -0.125006, -0.349071, -0.858411, -0.375873, -0.002831, -0.201513, 0.460483, -0.864493, -1.2e-05, 0.0, 0.0, 0.0, 1.0],
                [0.920499, -0.229964, -0.315906, -0.125006, -0.336833, -0.876776, -0.343231, -0.002831, -0.198047, 0.422352, -0.884532, -1.2e-05, 0.0, 0.0, 0.0, 1.0],
                [0.926227, -0.235067, -0.294696, -0.125006, -0.323526, -0.896935, -0.301396, -0.002831, -0.193474, 0.374504, -0.906816, -1.2e-05, 0.0, 0.0, 0.0, 1.0],
                [0.932969, -0.236601, -0.271272, -0.125006, -0.306145, -0.917949, -0.252281, -0.002831, -0.189324, 0.31842, -0.928852, -1.2e-05, 0.0, 0.0, 0.0, 1.0],
                [0.941173, -0.238722, -0.239174, -0.125006, -0.284938, -0.941126, -0.181917, -0.002831, -0.181665, 0.239366, -0.953783, -1.2e-05, 0.0, 0.0, 0.0, 1.0],
                [0.95051, -0.241794, -0.195097, -0.125006, -0.261702, -0.961546, -0.083323, -0.002831, -0.167448, 0.130257, -0.977238, -1.2e-05, 0.0, 0.0, 0.0, 1.0],
                [0.959761, -0.245471, -0.136387, -0.125006, -0.24259, -0.9694, 0.037616, -0.002831, -0.141447, -0.003015, -0.989941, -1.2e-05, 0.0, 0.0, 0.0, 1.0],
                [0.966072, -0.244364, -0.083603, -0.125006, -0.229296, -0.960486, 0.157773, -0.002831, -0.118853, -0.13325, -0.98393, -1.2e-05, 0.0, 0.0, 0.0, 1.0],
                [0.970422, -0.235985, -0.050886, -0.125006, -0.219284, -0.949835, 0.223002, -0.002831, -0.100958, -0.205248, -0.973489, -1.2e-05, 0.0, 0.0, 0.0, 1.0],
                [0.973144, -0.225707, -0.045205, -0.125006, -0.211336, -0.953885, 0.213173, -0.002831, -0.091234, -0.197895, -0.975968, -1.2e-05, 0.0, 0.0, 0.0, 1.0],
                [0.975862, -0.214996, -0.038318, -0.125006, -0.201014, -0.952888, 0.227156, -0.002831, -0.085351, -0.213971, -0.973104, -1.2e-05, 0.0, 0.0, 0.0, 1.0],
                [0.979008, -0.200954, -0.034029, -0.125006, -0.18589, -0.948844, 0.255229, -0.002831, -0.083577, -0.243546, -0.966282, -1.2e-05, 0.0, 0.0, 0.0, 1.0],
                [0.980912, -0.192168, -0.029717, -0.125006, -0.175663, -0.94126, 0.288396, -0.002831, -0.083392, -0.277671, -0.95705, -1.2e-05, 0.0, 0.0, 0.0, 1.0],
                [0.982758, -0.183052, -0.02601, -0.125006, -0.165185, -0.932483, 0.321234, -0.002831, -0.083057, -0.3114, -0.946642, -1.2e-05, 0.0, 0.0, 0.0, 1.0],
                [0.984105, -0.176198, -0.022129, -0.125006, -0.157917, -0.925309, 0.344771, -0.002831, -0.081224, -0.335797, -0.938426, -1.2e-05, 0.0, 0.0, 0.0, 1.0],
                [0.985021, -0.171524, -0.017655, -0.125006, -0.154287, -0.922466, 0.353913, -0.002831, -0.076991, -0.345888, -0.935112, -1.2e-05, 0.0, 0.0, 0.0, 1.0],
                [0.985361, -0.170159, -0.010394, -0.125006, -0.155594, -0.922588, 0.35302, -0.002831, -0.069659, -0.346236, -0.935558, -1.2e-05, 0.0, 0.0, 0.0, 1.0],
                [0.985129, -0.171801, -0.00135, -0.125006, -0.16083, -0.92494, 0.344416, -0.002831, -0.060419, -0.339078, -0.938816, -1.2e-05, 0.0, 0.0, 0.0, 1.0],
                [0.984213, -0.176687, 0.010187, -0.125006, -0.16994, -0.927423, 0.333179, -0.002831, -0.049421, -0.329651, -0.942808, -1.2e-05, 0.0, 0.0, 0.0, 1.0],
                [0.982989, -0.182515, 0.020442, -0.125006, -0.179527, -0.93146, 0.316472, -0.002831, -0.03872, -0.314759, -0.948382, -1.2e-05, 0.0, 0.0, 0.0, 1.0],
                [0.981536, -0.188834, 0.030453, -0.125006, -0.189197, -0.935114, 0.29961, -0.002831, -0.0281, -0.29984, -0.953576, -1.2e-05, 0.0, 0.0, 0.0, 1.0],
                [0.979852, -0.195632, 0.0402, -0.125006, -0.198945, -0.938377, 0.282614, -0.002831, -0.017566, -0.284918, -0.958391, -1.2e-05, 0.0, 0.0, 0.0, 1.0]
            ]
        },
        {
            "name": "Leg_L",
            "time": [0.0, 0.0333, 0.0667, 0.1, 0.1333, 0.1667, 0.2, 0.2333, 0.2667, 0.3, 0.3333, 0.3667, 0.4, 0.4333, 0.4667, 0.5, 0.5333, 0.5667, 0.6, 0.6333, 0.6667, 0.7, 0.7333, 0.7667, 0.8, 0.8333, 0.8667, 0.9, 0.9333, 0.9667, 1.0, 1.0333, 1.0667, 1.1, 1.1333, 1.1667, 1.2, 1.2333, 1.2667, 1.3, 1.3333, 1.3667, 1.4, 1.4333, 1.4667, 1.5, 1.5333, 1.5667, 1.6, 1.6333, 1.6667, 1.7, 1.7333, 1.7667, 1.8, 1.8333, 1.8667, 1.9, 1.9333, 1.9667, 2.0, 2.0333, 2.0667, 2.1, 2.1333, 2.1667, 2.2, 2.2333],
            "transform": [
                [0.999998, -0.001948, 0.000168, 0.0, 0.000166, 0.169911, 0.985459, 0.37472, -0.001949, -0.985458, 0.169911, -0.0, 0.0, 0.0, 0.0, 1.0],
                [0.999998, -0.001956, 1.1e-05, 0.0, 1e-05, 0.010714, 0.999942, 0.37472, -0.001956, -0.999941, 0.010714, 0.0, 0.0, 0.0, 0.0, 1.0],
                [0.999997, -0.001951, -0.000146, -0.0, -0.000145, -0.148414, 0.988925, 0.37472, -0.001951, -0.988925, -0.148414, -0.0, 0.0, 0.0, 0.0, 1.0],
                [0.999997, -0.001921, -0.000366, 0.0, -0.000366, -0.367482, 0.930031, 0.37472, -0.001921, -0.93003, -0.367481, -0.0, 0.0, 0.0, 0.0, 1.0],
                [0.999998, -0.001877, -0.000551, 0.0, -0.00055, -0.540226, 0.84152, 0.37472, -0.001877, -0.841518, -0.540226, -0.0, 0.0, 0.0, 0.0, 1.0],
                [0.999997, -0.001951, -0.000136, 0.0, -0.000137, -0.139374, 0.99024, 0.37472, -0.001951, -0.990239, -0.139374, 0.0, 0.0, 0.0, 0.0, 1.0],
                [0.999998, -0.001954, -9.3e-05, 0.0, -9.3e-05, -0.095317, 0.995447, 0.37472, -0.001954, -0.995445, -0.095317, -0.0, 0.0, 0.0, 0.0, 1.0],
                [0.999997, -0.001955, -4.3e-05, 0.0, -4.4e-05, -0.044438, 0.999012, 0.37472, -0.001955, -0.999012, -0.044438, -0.0, 0.0, 0.0, 0.0, 1.0],
                [0.999997, -0.001954, 6.2e-05, 0.0, 6.2e-05, 0.063441, 0.997985, 0.37472, -0.001954, -0.997985, 0.063441, 0.0, 0.0, 0.0, 0.0, 1.0],
                [0.999998, -0.001947, 0.000175, 0.0, 0.000174, 0.177904, 0.984048, 0.37472, -0.001947, -0.984046, 0.177904, -0.0, 0.0, 0.0, 0.0, 1.0],
                [0.999997, -0.001935, 0.000274, 0.0, 0.000274, 0.277455, 0.960739, 0.37472, -0.001936, -0.960738, 0.277455, -0.0, 0.0, 0.0, 0.0, 1.0],
                [0.999997, -0.001928, 0.000323, 0.0, 0.000322, 0.325624, 0.945499, 0.37472, -0.001928, -0.945498, 0.325624, -0.0, 0.0, 0.0, 0.0, 1.0],
                [0.999998, -0.001928, 0.000322, 0.0, 0.000322, 0.324822, 0.945775, 0.37472, -0.001928, -0.945774, 0.324821, 0.0, 0.0, 0.0, 0.0, 1.0],
                [0.999998, -0.00193, 0.000311, 0.0, 0.00031, 0.313536, 0.949576, 0.37472, -0.00193, -0.949575, 0.313535, 0.0, 0.0, 0.0, 0.0, 1.0],
                [0.999998, -0.00193, 0.000313, -0.0, 0.000313, 0.315962, 0.948771, 0.37472, -0.00193, -0.948771, 0.315961, -0.0, 0.0, 0.0, 0.0, 1.0],
                [0.999998, -0.001924, 0.000347, 0.0, 0.000347, 0.349481, 0.936943, 0.37472, -0.001924, -0.936942, 0.34948, 0.0, 0.0, 0.0, 0.0, 1.0],
                [0.999998, -0.00191, 0.000419, 0.0, 0.000417, 0.417726, 0.908572, 0.37472, -0.00191, -0.908573, 0.417725, 0.0, 0.0, 0.0, 0.0, 1.0],
                [0.999998, -0.00189, 0.000501, -0.0, 0.000499, 0.494768, 0.869024, 0.37472, -0.001891, -0.869024, 0.494767, -0.0, 0.0, 0.0, 0.0, 1.0],
                [0.999998, -0.001901, 0.00046, 0.0, 0.000459, 0.45657, 0.889687, 0.37472, -0.001901, -0.889687, 0.456569, -0.0, 0.0, 0.0, 0.0, 1.0],
                [0.999997, -0.001796, 0.000772, 0.0, 0.00077, 0.724721, 0.689042, 0.37472, -0.001797, -0.689042, 0.724719, -0.0, 0.0, 0.0, 0.0, 1.0],
                [0.999998, -0.001812, 0.000735, 0.0, 0.000733, 0.695804, 0.718231, 0.37472, -0.001812, -0.71823, 0.695803, 0.0, 0.0, 0.0, 0.0, 1.0],
                [0.999999, -0.001848, 0.000637, 0.0, 0.000635, 0.615078, 0.788466, 0.37472, -0.001849, -0.788465, 0.615077, 0.0, 0.0, 0.0, 0.0, 1.0],
                [0.999999, -0.001855, 0.000619, -0.0, 0.000617, 0.599774, 0.800169, 0.37472, -0.001855, -0.800167, 0.599774, 0.0, 0.0, 0.0, 0.0, 1.0],
                [0.999998, -0.001819, 0.000715, -0.0, 0.000713, 0.679975, 0.733235, 0.37472, -0.00182, -0.733234, 0.679974, -0.0, 0.0, 0.0, 0.0, 1.0],
                [0.999998, -0.001761, 0.000849, 0.0, 0.000847, 0.781431, 0.623992, 0.37472, -0.001762, -0.623991, 0.78143, 0.0, 0.0, 0.0, 0.0, 1.0],
                [0.999998, -0.001681, 0.000998, -0.0, 0.000995, 0.876969, 0.480547, 0.37472, -0.001683, -0.480546, 0.876968, 0.0, 0.0, 0.0, 0.0, 1.0],
                [0.999997, -0.001588, 0.00114, -0.0, 0.001138, 0.947057, 0.321066, 0.37472, -0.001589, -0.321064, 0.947056, -0.0, 0.0, 0.0, 0.0, 1.0],
                [0.999997, -0.001495, 0.001259, 0.0, 0.001257, 0.985084, 0.172074, 0.37472, -0.001497, -0.172072, 0.985083, -0.0, 0.0, 0.0, 0.0, 1.0],
                [0.999998, -0.001423, 0.001341, -0.0, 0.001339, 0.998193, 0.06008, 0.37472, -0.001424, -0.060078, 0.998193, 0.0, 0.0, 0.0, 0.0, 1.0],
