{
    "animation": [
        {
            "name": "Root",
            "time": [0.0, 0.1667, 0.2333, 0.3333, 0.4, 0.5, 0.6667, 0.8333, 1.0, 1.1667, 1.3333, 1.5, 1.9],
            "transform": [
                [1.0, 0.0, 0.0, -5e-06, 0.0, 0.0, -1.0, 0.000946, 0.0, 1.0, 0.0, 0.408113, 0.0, 0.0, 0.0, 1.0],
                [1.0, 0.0, 0.0, -5e-06, 0.0, 0.0, -1.0, 0.410756, 0.0, 1.0, 0.0, 0.554557, 0.0, 0.0, 0.0, 1.0],
                [1.0, 0.0, 0.0, -5e-06, 0.0, 0.0, -1.0, 0.541333, 0.0, 1.0, 0.0, 0.554557, 0.0, 0.0, 0.0, 1.0],
                [1.0, 0.0, 0.0, -5e-06, 0.0, 0.0, -1.0, 0.866112, 0.0, 1.0, 0.0, 0.528958, 0.0, 0.0, 0.0, 1.0],
                [1.0, 0.0, 0.0, -5e-06, 0.0, 0.0, -1.0, 1.257815, 0.0, 1.0, 0.0, 0.39301, 0.0, 0.0, 0.0, 1.0],
                [1.0, 0.0, 0.0, -5e-06, 0.0, 0.0, -1.0, 1.446586, 0.0, 1.0, 0.0, 0.473652, 0.0, 0.0, 0.0, 1.0],
                [1.0, 0.0, 0.0, -5e-06, 0.0, 0.0, -1.0, 1.446586, 0.0, 1.0, 0.0, 0.497815, 0.0, 0.0, 0.0, 1.0],
                [1.0, 0.0, 0.0, -5e-06, 0.0, 0.0, -1.0, 1.49635, 0.0, 1.0, 0.0, 0.495219, 0.0, 0.0, 0.0, 1.0],
                [1.0, 0.0, 0.0, -5e-06, 0.0, 0.0, -1.0, 1.58253, 0.0, 1.0, 0.0, 0.58823, 0.0, 0.0, 0.0, 1.0],
                [1.0, 0.0, 0.0, -5e-06, 0.0, 0.0, -1.0, 1.675466, 0.0, 1.0, 0.0, 0.650843, 0.0, 0.0, 0.0, 1.0],
                [1.0, 0.0, 0.0, -0.000689, 0.0, 0.0, -1.0, 1.692608, 0.0, 1.0, 0.0, 0.652988, 0.0, 0.0, 0.0, 1.0],
                [1.0, 0.0, 0.0, -0.000689, 0.0, 0.0, -1.0, 1.681463, 0.0, 1.0, 0.0, 0.661343, 0.0, 0.0, 0.0, 1.0],
                [1.0, 0.0, 0.0, -0.000689, 0.0, 0.0, -1.0, 1.681463, 0.0, 1.0, 0.0, 0.661343, 0.0, 0.0, 0.0, 1.0]
            ]
        },
        {
            "name": "Thigh_R",
            "time": [0.0, 0.2333, 0.2667, 0.3, 0.3333, 0.3667, 0.4, 0.4333, 0.4667, 0.5, 0.5333, 0.5667, 0.6, 0.6333, 0.6667, 0.7, 0.7333, 0.7667, 0.8, 0.8333, 0.8667, 0.9, 0.9333, 0.9667, 1.0, 1.0333, 1.0667, 1.1, 1.1333, 1.1667, 1.2, 1.2333, 1.2667, 1.3, 1.3333, 1.3667, 1.4, 1.4333, 1.4667, 1.5, 1.5333, 1.5667, 1.6, 1.6333, 1.6667, 1.7, 1.7333, 1.7667, 1.8, 1.8333, 1.8667, 1.9],
            "transform": [
                [0.307871, 0.640416, 0.703621, 0.124994, 0.789959, -0.584234, 0.186104, -0.002831, 0.530263, 0.498537, -0.685771, -1.2e-05, 0.0, 0.0, 0.0, 1.0],
                [-0.088117, 0.250421, 0.964118, 0.124994, 0.14319, -0.954646, 0.261049, -0.002831, 0.985765, 0.161055, 0.048263, -1.2e-05, 0.0, 0.0, 0.0, 1.0],
                [0.025177, 0.32278, 0.946139, 0.124994, 0.249598, -0.918493, 0.306708, -0.002831, 0.968023, 0.228433, -0.10369, -1.2e-05, 0.0, 0.0, 0.0, 1.0],
                [0.121432, 0.416898, 0.900805, 0.124994, 0.384314, -0.856485, 0.34458, -0.002831, 0.915182, 0.304349, -0.264225, -1.2e-05, 0.0, 0.0, 0.0, 1.0],
                [0.162883, 0.478336, 0.862939, 0.124994, 0.489092, -0.79874, 0.350433, -0.002831, 0.856889, 0.364978, -0.364051, -1.2e-05, 0.0, 0.0, 0.0, 1.0],
                [0.189336, 0.661726, 0.725445, 0.124994, 0.720194, -0.595778, 0.355484, -0.002831, 0.667437, 0.455155, -0.589374, -1.2e-05, 0.0, 0.0, 0.0, 1.0],
                [0.221972, 0.589877, 0.776385, 0.124994, 0.702956, -0.648609, 0.291819, -0.002831, 0.675708, 0.480989, -0.558631, -1.2e-05, 0.0, 0.0, 0.0, 1.0],
                [0.229968, 0.437683, 0.869223, 0.124994, 0.663483, -0.723929, 0.188988, -0.002831, 0.711973, 0.533253, -0.456876, -1.2e-05, 0.0, 0.0, 0.0, 1.0],
                [0.191387, 0.4226, 0.885879, 0.124994, 0.664262, -0.720228, 0.20007, -0.002831, 0.722583, 0.550165, -0.418559, -1.2e-05, 0.0, 0.0, 0.0, 1.0],
                [0.151865, 0.412623, 0.898153, 0.124994, 0.67761, -0.705005, 0.209315, -0.002831, 0.719571, 0.57681, -0.386663, -1.2e-05, 0.0, 0.0, 0.0, 1.0],
                [0.129165, 0.392971, 0.910434, 0.124994, 0.678701, -0.704415, 0.207759, -0.002831, 0.722968, 0.591077, -0.357696, -1.2e-05, 0.0, 0.0, 0.0, 1.0],
                [0.112104, 0.385492, 0.915876, 0.124994, 0.680057, -0.701795, 0.212147, -0.002831, 0.724538, 0.599065, -0.340831, -1.2e-05, 0.0, 0.0, 0.0, 1.0],
                [0.105759, 0.385172, 0.916765, 0.124994, 0.680951, -0.699902, 0.215504, -0.002831, 0.724653, 0.60148, -0.336304, -1.2e-05, 0.0, 0.0, 0.0, 1.0],
                [0.110355, 0.38889, 0.914651, 0.124994, 0.682089, -0.69898, 0.214896, -0.002831, 0.722894, 0.600158, -0.342394, -1.2e-05, 0.0, 0.0, 0.0, 1.0],
                [0.130236, 0.389741, 0.911669, 0.124994, 0.683666, -0.701247, 0.202121, -0.002831, 0.718081, 0.596953, -0.35778, -1.2e-05, 0.0, 0.0, 0.0, 1.0],
                [0.163993, 0.3813, 0.909789, 0.124994, 0.684307, -0.708256, 0.173487, -0.002831, 0.710514, 0.594124, -0.377076, -1.2e-05, 0.0, 0.0, 0.0, 1.0],
                [0.246858, 0.399999, 0.882645, 0.124994, 0.670156, -0.728381, 0.142661, -0.002831, 0.699966, 0.556292, -0.447869, -1.2e-05, 0.0, 0.0, 0.0, 1.0],
                [0.382231, 0.412438, 0.826918, 0.124994, 0.636639, -0.766142, 0.087849, -0.002831, 0.669769, 0.49287, -0.555417, -1.2e-05, 0.0, 0.0, 0.0, 1.0],
                [0.51934, 0.426348, 0.740617, 0.124994, 0.585405, -0.808863, 0.055135, -0.002831, 0.622565, 0.404927, -0.669662, -1.2e-05, 0.0, 0.0, 0.0, 1.0],
                [0.618059, 0.427073, 0.660009, 0.124994, 0.528845, -0.847068, 0.052884, -0.002831, 0.581659, 0.316357, -0.749394, -1.2e-05, 0.0, 0.0, 0.0, 1.0],
                [0.676885, 0.427857, 0.59897, 0.124994, 0.478561, -0.87407, 0.083553, -0.002831, 0.55929, 0.230088, -0.7964, -1.2e-05, 0.0, 0.0, 0.0, 1.0],
                [0.71758, 0.431034, 0.547073, 0.124994, 0.432308, -0.891508, 0.135367, -0.002831, 0.546067, 0.139368, -0.826068, -1.2e-05, 0.0, 0.0, 0.0, 1.0],
                [0.752257, 0.429082, 0.499998, 0.124994, 0.388248, -0.901803, 0.189773, -0.002831, 0.532329, 0.051365, -0.844978, -1.2e-05, 0.0, 0.0, 0.0, 1.0],
                [0.78726, 0.416241, 0.454934, 0.124994, 0.346912, -0.90893, 0.231297, -0.002831, 0.509779, -0.024269, -0.859963, -1.2e-05, 0.0, 0.0, 0.0, 1.0],
                [0.821984, 0.381561, 0.422792, 0.124994, 0.304272, -0.921773, 0.240321, -0.002831, 0.481414, -0.068896, -0.873781, -1.2e-05, 0.0, 0.0, 0.0, 1.0],
                [0.853714, 0.350902, 0.38476, 0.124994, 0.26246, -0.928103, 0.264082, -0.002831, 0.449764, -0.124465, -0.884432, -1.2e-05, 0.0, 0.0, 0.0, 1.0],
                [0.884236, 0.324593, 0.335806, 0.124994, 0.23013, -0.928476, 0.291501, -0.002831, 0.406406, -0.180476, -0.895691, -1.2e-05, 0.0, 0.0, 0.0, 1.0],
                [0.910648, 0.297377, 0.286857, 0.124994, 0.207545, -0.92954, 0.304763, -0.002831, 0.357275, -0.217996, -0.908203, -1.2e-05, 0.0, 0.0, 0.0, 1.0],
                [0.932047, 0.270739, 0.240812, 0.124994, 0.192189, -0.9328, 0.304871, -0.002831, 0.30717, -0.237872, -0.921446, -1.2e-05, 0.0, 0.0, 0.0, 1.0],
                [0.950147, 0.239551, 0.199586, 0.124994, 0.180163, -0.944233, 0.275621, -0.002831, 0.254481, -0.225922, -0.940318, -1.2e-05, 0.0, 0.0, 0.0, 1.0],
                [0.963687, 0.213235, 0.160742, 0.124994, 0.169801, -0.953911, 0.24743, -0.002831, 0.206095, -0.21115, -0.955479, -1.2e-05, 0.0, 0.0, 0.0, 1.0],
                [0.972984, 0.191259, 0.129309, 0.124994, 0.159468, -0.961773, 0.222627, -0.002831, 0.166945, -0.195992, -0.96629, -1.2e-05, 0.0, 0.0, 0.0, 1.0],
                [0.977906, 0.175731, 0.113218, 0.124994, 0.15093, -0.968257, 0.199243, -0.002831, 0.144638, -0.177752, -0.973388, -1.2e-05, 0.0, 0.0, 0.0, 1.0],
                [0.978713, 0.170053, 0.1149, 0.124994, 0.147708, -0.972345, 0.18091, -0.002831, 0.142487, -0.160087, -0.976765, -1.2e-05, 0.0, 0.0, 0.0, 1.0],
                [0.974351, 0.174924, 0.14157, 0.124994, 0.150341, -0.974102, 0.168884, -0.002831, 0.167445, -0.143268, -0.975416, -1.2e-05, 0.0, 0.0, 0.0, 1.0],
                [0.9642, 0.189085, 0.185919, 0.124994, 0.15855, -0.973061, 0.167372, -0.002831, 0.212558, -0.131902, -0.968205, -1.2e-05, 0.0, 0.0, 0.0, 1.0],
                [0.947659, 0.208663, 0.241666, 0.124994, 0.169514, -0.970224, 0.173002, -0.002831, 0.27057, -0.122981, -0.954813, -1.2e-05, 0.0, 0.0, 0.0, 1.0],
                [0.925667, 0.229233, 0.300986, 0.124994, 0.17991, -0.966544, 0.182823, -0.002831, 0.332826, -0.115083, -0.93594, -1.2e-05, 0.0, 0.0, 0.0, 1.0],
                [0.902521, 0.249111, 0.351281, 0.124994, 0.18967, -0.962271, 0.19509, -0.002831, 0.386627, -0.109445, -0.915719, -1.2e-05, 0.0, 0.0, 0.0, 1.0],
                [0.87971, 0.270836, 0.390842, 0.124994, 0.202402, -0.957041, 0.20762, -0.002831, 0.430282, -0.103538, -0.896737, -1.2e-05, 0.0, 0.0, 0.0, 1.0],
                [0.863466, 0.280852, 0.418985, 0.124994, 0.20754, -0.954895, 0.212373, -0.002831, 0.459733, -0.09642, -0.882808, -1.2e-05, 0.0, 0.0, 0.0, 1.0],
                [0.853619, 0.287091, 0.434642, 0.124994, 0.212182, -0.953686, 0.213215, -0.002831, 0.475724, -0.089781, -0.875, -1.2e-05, 0.0, 0.0, 0.0, 1.0],
                [0.844957, 0.290868, 0.448825, 0.124994, 0.214563, -0.953045, 0.2137, -0.002831, 0.489909, -0.084265, -0.867691, -1.2e-05, 0.0, 0.0, 0.0, 1.0],
                [0.838184, 0.296294, 0.457883, 0.124994, 0.219454, -0.951819, 0.214195, -0.002831, 0.499287, -0.079051, -0.862823, -1.2e-05, 0.0, 0.0, 0.0, 1.0],
                [0.83315, 0.298222, 0.465752, 0.124994, 0.221224, -0.951555, 0.213551, -0.002831, 0.506874, -0.074884, -0.858761, -1.2e-05, 0.0, 0.0, 0.0, 1.0],
                [0.829139, 0.301044, 0.471064, 0.124994, 0.224722, -0.951029, 0.212235, -0.002831, 0.511888, -0.070113, -0.856186, -1.2e-05, 0.0, 0.0, 0.0, 1.0],
                [0.8251, 0.303801, 0.476355, 0.124994, 0.228233, -0.950498, 0.210866, -0.002831, 0.516835, -0.065265, -0.853593, -1.2e-05, 0.0, 0.0, 0.0, 1.0],
                [0.821037, 0.306491, 0.481624, 0.124994, 0.231755, -0.949958, 0.209446, -0.002831, 0.521716, -0.060344, -0.850982, -1.2e-05, 0.0, 0.0, 0.0, 1.0],
                [0.81695, 0.309112, 0.48687, 0.124994, 0.235289, -0.949413, 0.207975, -0.002831, 0.526528, -0.05535, -0.848354, -1.2e-05, 0.0, 0.0, 0.0, 1.0],
                [0.811372, 0.311538, 0.49459, 0.124994, 0.238234, -0.948916, 0.206891, -0.002831, 0.533778, -0.050037, -0.844143, -1.2e-05, 0.0, 0.0, 0.0, 1.0],
                [0.805734, 0.313887, 0.502263, 0.124994, 0.241208, -0.948411, 0.205757, -0.002831, 0.540936, -0.044635, -0.839879, -1.2e-05, 0.0, 0.0, 0.0, 1.0],
                [0.805734, 0.313887, 0.502263, 0.124994, 0.241208, -0.948411, 0.205757, -0.002831, 0.540936, -0.044635, -0.839879, -1.2e-05, 0.0, 0.0, 0.0, 1.0]
            ]
        },
        {
            "name": "Leg_R",
            "time": [0.0, 0.2333, 0.2667, 0.3, 0.3333, 0.3667, 0.4, 0.4333, 0.4667, 0.5, 0.5333, 0.5667, 0.6, 0.6333, 0.6667, 0.7, 0.7333, 0.7667, 0.8, 0.8333, 0.8667, 0.9, 0.9333, 0.9667, 1.0, 1.0333, 1.0667, 1.1, 1.1333, 1.1667, 1.2, 1.2333, 1.2667, 1.3, 1.3333, 1.3667, 1.4, 1.4333, 1.4667, 1.5, 1.5333, 1.5667, 1.6, 1.6333, 1.6667, 1.7, 1.7333, 1.7667, 1.8, 1.8333, 1.8667, 1.9],
            "transform": [
                [0.999997, -0.001786, 0.000795, 0.0, 0.0008, 0.744845, 0.667237, 0.37472, -0.001784, -0.667236, 0.744845, -0.0, 0.0, 0.0, 0.0, 1.0],
                [0.999998, -0.00186, 0.000604, 0.0, 0.000602, 0.586687, 0.809814, 0.37472, -0.00186, -0.809811, 0.586687, 0.0, 0.0, 0.0, 0.0, 1.0],
                [0.999998, -0.001854, 0.000622, 0.0, 0.00062, 0.602241, 0.798314, 0.37472, -0.001854, -0.798312, 0.602241, -0.0, 0.0, 0.0, 0.0, 1.0],
                [0.999998, -0.001844, 0.00065, 0.0, 0.000648, 0.626507, 0.779415, 0.37472, -0.001844, -0.779413, 0.626507, 0.0, 0.0, 0.0, 0.0, 1.0],
                [0.999998, -0.001831, 0.000685, -0.0, 0.000684, 0.655767, 0.754963, 0.37472, -0.001832, -0.754961, 0.655767, 0.0, 0.0, 0.0, 0.0, 1.0],
                [0.999998, -0.001918, 0.000378, 0.0, 0.000376, 0.378311, 0.925678, 0.37472, -0.001919, -0.925676, 0.378311, -0.0, 0.0, 0.0, 0.0, 1.0],
                [0.999998, -0.001875, 0.000554, -0.0, 0.000553, 0.54287, 0.839816, 0.37472, -0.001875, -0.839814, 0.54287, -0.0, 0.0, 0.0, 0.0, 1.0],
                [0.999999, -0.001764, 0.000844, 0.0, 0.000843, 0.778219, 0.627991, 0.37472, -0.001765, -0.627989, 0.77822, 0.0, 0.0, 0.0, 0.0, 1.0],
                [0.999998, -0.001758, 0.000855, 0.0, 0.000853, 0.785974, 0.618259, 0.37472, -0.001759, -0.618257, 0.785974, 0.0, 0.0, 0.0, 0.0, 1.0],
                [0.999998, -0.001762, 0.000848, 0.0, 0.000847, 0.78143, 0.623993, 0.37472, -0.001762, -0.623991, 0.78143, 0.0, 0.0, 0.0, 0.0, 1.0],
                [0.999998, -0.001747, 0.000877, 0.0, 0.000875, 0.801065, 0.598576, 0.37472, -0.001748, -0.598574, 0.801066, 0.0, 0.0, 0.0, 0.0, 1.0],
                [0.999998, -0.001743, 0.000886, -0.0, 0.000885, 0.807549, 0.5898, 0.37472, -0.001743, -0.589798, 0.807549, 0.0, 0.0, 0.0, 0.0, 1.0],
                [0.999999, -0.001744, 0.000884, 0.0, 0.000882, 0.805829, 0.592147, 0.37472, -0.001745, -0.592144, 0.80583, -0.0, 0.0, 0.0, 0.0, 1.0],
                [0.999999, -0.001745, 0.000881, -0.0, 0.00088, 0.804104, 0.594487, 0.37472, -0.001746, -0.594485, 0.804105, -0.0, 0.0, 0.0, 0.0, 1.0],
                [0.999999, -0.001744, 0.000883, -0.0, 0.000881, 0.805399, 0.592731, 0.37472, -0.001745, -0.592729, 0.8054, 0.0, 0.0, 0.0, 0.0, 1.0],
                [0.999998, -0.001736, 0.000899, 0.0, 0.000897, 0.816026, 0.578015, 0.37472, -0.001737, -0.578013, 0.816026, 0.0, 0.0, 0.0, 0.0, 1.0],
                [0.999998, -0.001763, 0.000845, -0.0, 0.000844, 0.77914, 0.626849, 0.37472, -0.001764, -0.626848, 0.77914, -0.0, 0.0, 0.0, 0.0, 1.0],
                [0.999998, -0.001794, 0.000778, -0.0, 0.000777, 0.729822, 0.683637, 0.37472, -0.001794, -0.683635, 0.729822, 0.0, 0.0, 0.0, 0.0, 1.0],
                [0.999998, -0.001826, 0.000699, -0.0, 0.000699, 0.6677, 0.74443, 0.37472, -0.001826, -0.744428, 0.6677, 0.0, 0.0, 0.0, 0.0, 1.0],
                [0.999998, -0.001846, 0.000644, -0.0, 0.000643, 0.621715, 0.783243, 0.37472, -0.001846, -0.783241, 0.621715, 0.0, 0.0, 0.0, 0.0, 1.0],
                [0.999998, -0.00186, 0.000602, 0.0, 0.000601, 0.585431, 0.810722, 0.37472, -0.00186, -0.810721, 0.58543, -0.0, 0.0, 0.0, 0.0, 1.0],
                [0.999997, -0.001872, 0.000563, -0.0, 0.000563, 0.55142, 0.834228, 0.37472, -0.001872, -0.834227, 0.551419, -0.0, 0.0, 0.0, 0.0, 1.0],
                [0.999998, -0.00188, 0.000536, 0.0, 0.000535, 0.526879, 0.849941, 0.37472, -0.001881, -0.849938, 0.526879, 0.0, 0.0, 0.0, 0.0, 1.0],
                [0.999998, -0.001882, 0.000532, -0.0, 0.000531, 0.522991, 0.852338, 0.37472, -0.001882, -0.852335, 0.522992, -0.0, 0.0, 0.0, 0.0, 1.0],
                [0.999998, -0.001864, 0.00059, 0.0, 0.000589, 0.574667, 0.818387, 0.37472, -0.001864, -0.818386, 0.574667, 0.0, 0.0, 0.0, 0.0, 1.0],
                [0.999999, -0.00183, 0.000687, 0.0, 0.000686, 0.657484, 0.753469, 0.37472, -0.001831, -0.753466, 0.657484, 0.0, 0.0, 0.0, 0.0, 1.0],
                [0.999998, -0.00179, 0.000786, 0.0, 0.000784, 0.73538, 0.677655, 0.37472, -0.001791, -0.677653, 0.73538, -0.0, 0.0, 0.0, 0.0, 1.0],
                [0.999998, -0.001744, 0.000883, 0.0, 0.000883, 0.805831, 0.592146, 0.37472, -0.001745, -0.592144, 0.80583, 0.0, 0.0, 0.0, 0.0, 1.0],
                [0.999998, -0.001719, 0.000931, -0.0, 0.000929, 0.836778, 0.547541, 0.37472, -0.00172, -0.547539, 0.836778, 0.0, 0.0, 0.0, 0.0, 1.0],
                [0.999998, -0.00172, 0.000929, 0.0, 0.000927, 0.835592, 0.549351, 0.37472, -0.001721, -0.549349, 0.835591, 0.0, 0.0, 0.0, 0.0, 1.0],
                [0.999998, -0.001721, 0.000927, 0.0, 0.000925, 0.8344, 0.551158, 0.37472, -0.001722, -0.551156, 0.8344, -0.0, 0.0, 0.0, 0.0, 1.0],
                [0.999998, -0.001721, 0.000929, -0.0, 0.000927, 0.835592, 0.54935, 0.37472, -0.001721, -0.549349, 0.835592, 0.0, 0.0, 0.0, 0.0, 1.0],
                [0.999998, -0.001716, 0.000935, 0.0, 0.000934, 0.839921, 0.542709, 0.37472, -0.001717, -0.542707, 0.839921, 0.0, 0.0, 0.0, 0.0, 1.0],
                [0.999998, -0.001708, 0.00095, 0.0, 0.000949, 0.849166, 0.528127, 0.37472, -0.001709, -0.528125, 0.849165, -0.0, 0.0, 0.0, 0.0, 1.0],
                [0.999998, -0.001698, 0.000969, -0.0, 0.000967, 0.860333, 0.509731, 0.37472, -0.001699, -0.509729, 0.860333, -0.0, 0.0, 0.0, 0.0, 1.0],
                [0.999998, -0.001689, 0.000985, -0.0, 0.000983, 0.869655, 0.493659, 0.37472, -0.00169, -0.493657, 0.869655, 0.0, 0.0, 0.0, 0.0, 1.0],
                [0.999998, -0.00168, 0.001, 0.0, 0.000998, 0.878675, 0.477418, 0.37472, -0.001681, -0.477416, 0.878676, 0.0, 0.0, 0.0, 0.0, 1.0],
                [0.999998, -0.001672, 0.001013, -0.0, 0.00101, 0.885546, 0.464551, 0.37472, -0.001674, -0.464549, 0.885546, 0.0, 0.0, 0.0, 0.0, 1.0],
                [0.999998, -0.001665, 0.001024, -0.0, 0.001023, 0.892228, 0.451585, 0.37472, -0.001666, -0.451583, 0.892228, 0.0, 0.0, 0.0, 0.0, 1.0],
                [0.999998, -0.00166, 0.001032, -0.0, 0.00103, 0.896198, 0.443653, 0.37472, -0.001661, -0.443652, 0.896198, 0.0, 0.0, 0.0, 0.0, 1.0],
                [0.999999, -0.001655, 0.001039, 0.0, 0.001037, 0.900096, 0.435689, 0.37472, -0.001656, -0.435687, 0.900097, -0.0, 0.0, 0.0, 0.0, 1.0],
                [0.999998, -0.001655, 0.001041, 0.0, 0.00104, 0.901175, 0.433455, 0.37472, -0.001656, -0.433453, 0.901175, -0.0, 0.0, 0.0, 0.0, 1.0],
                [0.999998, -0.001653, 0.001043, -0.0, 0.001042, 0.902246, 0.431219, 0.37472, -0.001654, -0.431217, 0.902247, -0.0, 0.0, 0.0, 0.0, 1.0],
                [0.999998, -0.001654, 0.001042, -0.0, 0.00104, 0.901482, 0.432815, 0.37472, -0.001655, -0.432814, 0.901482, 0.0, 0.0, 0.0, 0.0, 1.0],
                [0.999997, -0.001655, 0.001041, 0.0, 0.001039, 0.900714, 0.434413, 0.37472, -0.001656, -0.434411, 0.900713, 0.0, 0.0, 0.0, 0.0, 1.0],
                [0.999998, -0.001657, 0.001037, 0.0, 0.001036, 0.899043, 0.43786, 0.37472, -0.001658, -0.437858, 0.899043, -0.0, 0.0, 0.0, 0.0, 1.0],
                [0.999998, -0.001659, 0.001033, 0.0, 0.001033, 0.897359, 0.4413, 0.37472, -0.001659, -0.441298, 0.897359, -0.0, 0.0, 0.0, 0.0, 1.0],
                [0.999998, -0.001661, 0.001031, -0.0, 0.00103, 0.895662, 0.444735, 0.37472, -0.001662, -0.444733, 0.895662, -0.0, 0.0, 0.0, 0.0, 1.0],
                [0.999999, -0.001663, 0.001028, -0.0, 0.001026, 0.893951, 0.448164, 0.37472, -0.001664, -0.448162, 0.893951, 0.0, 0.0, 0.0, 0.0, 1.0],
                [0.999997, -0.001665, 0.001024, -0.0, 0.001023, 0.892228, 0.451585, 0.37472, -0.001666, -0.451583, 0.892227, 0.0, 0.0, 0.0, 0.0, 1.0],
                [0.999998, -0.001665, 0.001024, 0.0, 0.001022, 0.891907, 0.452219, 0.37472, -0.001666, -0.452217, 0.891906, 0.0, 0.0, 0.0, 0.0, 1.0],
                [0.999998, -0.001666, 0.001023, -0.0, 0.001022, 0.891585, 0.452852, 0.37472, -0.001666, -0.45285, 0.891585, 0.0, 0.0, 0.0, 0.0, 1.0]
            ]
        },
        {
            "name": "Knee_R",
            "time": [0.0, 1.9],
            "transform": [
                [1.0, 0.0, -0.0, 0.0, -0.0, 1e-06, -1.0, 0.37472, -0.0, 1.0, 1e-06, -0.0, 0.0, 0.0, 0.0, 1.0],
                [1.0, 0.0, -0.0, -0.0, -0.0, 1e-06, -1.0, 0.37472, -0.0, 1.0, 1e-06, 0.0, 0.0, 0.0, 0.0, 1.0]
            ]
        },
        {
            "name": "Thigh_L",
            "time": [0.0, 0.2333, 0.2667, 0.3, 0.3333, 0.3667, 0.4, 0.4333, 0.4667, 0.5, 0.5333, 0.5667, 0.6, 0.6333, 0.6667, 0.7, 0.7333, 0.7667, 0.8, 0.8333, 0.8667, 0.9, 0.9333, 0.9667, 1.0, 1.0333, 1.0667, 1.1, 1.1333, 1.1667, 1.2, 1.2333, 1.2667, 1.3, 1.3333, 1.3667, 1.4, 1.4333, 1.4667, 1.5, 1.5333, 1.5667, 1.6, 1.6333, 1.6667, 1.7, 1.7333, 1.7667, 1.8, 1.8333, 1.8667, 1.9],
            "transform": [
                [0.619176, 0.266535, 0.738634, -0.125006, -0.448383, -0.652205, 0.611213, -0.002831, 0.644652, -0.709638, -0.28432, -1.2e-05, 0.0, 0.0, 0.0, 1.0],
                [0.758063, -0.103322, 0.643946, -0.125006, 0.071182, -0.968364, -0.239172, -0.002831, 0.648286, 0.227145, -0.726726, -1.2e-05, 0.0, 0.0, 0.0, 1.0],
                [0.805707, 0.023246, 0.591859, -0.125006, 0.111354, -0.987357, -0.112809, -0.002831, 0.581754, 0.156797, -0.798109, -1.2e-05, 0.0, 0.0, 0.0, 1.0],
                [0.810631, 0.193918, 0.552516, -0.125006, 0.059388, -0.965933, 0.251885, -0.002831, 0.582539, -0.171372, -0.794531, -1.2e-05, 0.0, 0.0, 0.0, 1.0],
                [0.770135, 0.323578, 0.549717, -0.125006, -0.176199, -0.720345, 0.670863, -0.002831, 0.613062, -0.613515, -0.497749, -1.2e-05, 0.0, 0.0, 0.0, 1.0],
                [0.749762, 0.40385, 0.524177, -0.125006, -0.503722, -0.165342, 0.847895, -0.002831, 0.42909, -0.89976, 0.079461, -1.2e-05, 0.0, 0.0, 0.0, 1.0],
                [0.762778, 0.413922, 0.496827, -0.125006, -0.435698, -0.23876, 0.867848, -0.002831, 0.477843, -0.878444, -0.001776, -1.2e-05, 0.0, 0.0, 0.0, 1.0],
                [0.780541, 0.374244, 0.500697, -0.125006, -0.361814, -0.382695, 0.85008, -0.002831, 0.509751, -0.844682, -0.163302, -1.2e-05, 0.0, 0.0, 0.0, 1.0],
                [0.790808, 0.347678, 0.503729, -0.125006, -0.334148, -0.444289, 0.831236, -0.002831, 0.512803, -0.825668, -0.235171, -1.2e-05, 0.0, 0.0, 0.0, 1.0],
                [0.785953, 0.335018, 0.519653, -0.125006, -0.332283, -0.479908, 0.811959, -0.002831, 0.521406, -0.810834, -0.265865, -1.2e-05, 0.0, 0.0, 0.0, 1.0],
                [0.766692, 0.343194, 0.542588, -0.125006, -0.334064, -0.508455, 0.793647, -0.002831, 0.548255, -0.789743, -0.27518, -1.2e-05, 0.0, 0.0, 0.0, 1.0],
                [0.750193, 0.350386, 0.56075, -0.125006, -0.334168, -0.530876, 0.778783, -0.002831, 0.570563, -0.771622, -0.281172, -1.2e-05, 0.0, 0.0, 0.0, 1.0],
                [0.74099, 0.353676, 0.57083, -0.125006, -0.33172, -0.546315, 0.769091, -0.002831, 0.583862, -0.759245, -0.287493, -1.2e-05, 0.0, 0.0, 0.0, 1.0],
                [0.742946, 0.352362, 0.569097, -0.125006, -0.323764, -0.554966, 0.766283, -0.002831, 0.585839, -0.75356, -0.298228, -1.2e-05, 0.0, 0.0, 0.0, 1.0],
                [0.754658, 0.34548, 0.557795, -0.125006, -0.311168, -0.560002, 0.767836, -0.002831, 0.577638, -0.753022, -0.315108, -1.2e-05, 0.0, 0.0, 0.0, 1.0],
                [0.770799, 0.334939, 0.541926, -0.125006, -0.295394, -0.565778, 0.76983, -0.002831, 0.564456, -0.753466, -0.337163, -1.2e-05, 0.0, 0.0, 0.0, 1.0],
                [0.79106, 0.320735, 0.520916, -0.125006, -0.275146, -0.573992, 0.77125, -0.002831, 0.546369, -0.753432, -0.365814, -1.2e-05, 0.0, 0.0, 0.0, 1.0],
                [0.815773, 0.299856, 0.494571, -0.125006, -0.251133, -0.586651, 0.769917, -0.002831, 0.521006, -0.75228, -0.403271, -1.2e-05, 0.0, 0.0, 0.0, 1.0],
                [0.841447, 0.27429, 0.465545, -0.125006, -0.222824, -0.608765, 0.761416, -0.002831, 0.492256, -0.744425, -0.451126, -1.2e-05, 0.0, 0.0, 0.0, 1.0],
                [0.866533, 0.245098, 0.434795, -0.125006, -0.193616, -0.637844, 0.745431, -0.002831, 0.460035, -0.730124, -0.505259, -1.2e-05, 0.0, 0.0, 0.0, 1.0],
                [0.890263, 0.214618, 0.401708, -0.125006, -0.164079, -0.67165, 0.722471, -0.002831, 0.424862, -0.709102, -0.562732, -1.2e-05, 0.0, 0.0, 0.0, 1.0],
                [0.912089, 0.183262, 0.366752, -0.125006, -0.136147, -0.708391, 0.692565, -0.002831, 0.386724, -0.681614, -0.621166, -1.2e-05, 0.0, 0.0, 0.0, 1.0],
                [0.932957, 0.15017, 0.327172, -0.125006, -0.110391, -0.745705, 0.657067, -0.002831, 0.342646, -0.649131, -0.679134, -1.2e-05, 0.0, 0.0, 0.0, 1.0],
                [0.953132, 0.116945, 0.279041, -0.125006, -0.085387, -0.780817, 0.618896, -0.002831, 0.290257, -0.613716, -0.734237, -1.2e-05, 0.0, 0.0, 0.0, 1.0],
                [0.970395, 0.084281, 0.226339, -0.125006, -0.064872, -0.811744, 0.580399, -0.002831, 0.232646, -0.5779, -0.782245, -1.2e-05, 0.0, 0.0, 0.0, 1.0],
                [0.985074, 0.052389, 0.16397, -0.125006, -0.046373, -0.836573, 0.545887, -0.002831, 0.165772, -0.545342, -0.821658, -1.2e-05, 0.0, 0.0, 0.0, 1.0],
                [0.993853, 0.019058, 0.109057, -0.125006, -0.040167, -0.855875, 0.51562, -0.002831, 0.103166, -0.51683, -0.849849, -1.2e-05, 0.0, 0.0, 0.0, 1.0],
                [0.999139, -0.019667, 0.036542, -0.125006, -0.035084, -0.870615, 0.490712, -0.002831, 0.022163, -0.491571, -0.870555, -1.2e-05, 0.0, 0.0, 0.0, 1.0],
                [0.996899, -0.060252, -0.050637, -0.125006, -0.029315, -0.881341, 0.471568, -0.002831, -0.073042, -0.46862, -0.880374, -1.2e-05, 0.0, 0.0, 0.0, 1.0],
                [0.984657, -0.102801, -0.141008, -0.125006, -0.027005, -0.888089, 0.458877, -0.002831, -0.172401, -0.448029, -0.877239, -1.2e-05, 0.0, 0.0, 0.0, 1.0],
                [0.963866, -0.136536, -0.228738, -0.125006, -0.020195, -0.893642, 0.448324, -0.002831, -0.265623, -0.427505, -0.864109, -1.2e-05, 0.0, 0.0, 0.0, 1.0],
                [0.938018, -0.164761, -0.30492, -0.125006, -0.014252, -0.897373, 0.441041, -0.002831, -0.346294, -0.409358, -0.844101, -1.2e-05, 0.0, 0.0, 0.0, 1.0],
                [0.91427, -0.183775, -0.361023, -0.125006, -0.010271, -0.901411, 0.432842, -0.002831, -0.404976, -0.392026, -0.82602, -1.2e-05, 0.0, 0.0, 0.0, 1.0],
                [0.898897, -0.191942, -0.393883, -0.125006, -0.007472, -0.905528, 0.424219, -0.002831, -0.438098, -0.378386, -0.81541, -1.2e-05, 0.0, 0.0, 0.0, 1.0],
                [0.900214, -0.203417, -0.385015, -0.125006, -0.029274, -0.910452, 0.412577, -0.002831, -0.434464, -0.360136, -0.825556, -1.2e-05, 0.0, 0.0, 0.0, 1.0],
                [0.915216, -0.213816, -0.341561, -0.125006, -0.065965, -0.915679, 0.396459, -0.002831, -0.39753, -0.340314, -0.852148, -1.2e-05, 0.0, 0.0, 0.0, 1.0],
                [0.935269, -0.221417, -0.276132, -0.125006, -0.109899, -0.923269, 0.368096, -0.002831, -0.336448, -0.313921, -0.887838, -1.2e-05, 0.0, 0.0, 0.0, 1.0],
                [0.951777, -0.227922, -0.205361, -0.125006, -0.150935, -0.930643, 0.33335, -0.002831, -0.267096, -0.286278, -0.920165, -1.2e-05, 0.0, 0.0, 0.0, 1.0],
                [0.961656, -0.230464, -0.148675, -0.125006, -0.174746, -0.932697, 0.315498, -0.002831, -0.21138, -0.27742, -0.937207, -1.2e-05, 0.0, 0.0, 0.0, 1.0],
                [0.970596, -0.217165, -0.10384, -0.125006, -0.172576, -0.928512, 0.328758, -0.002831, -0.167812, -0.301171, -0.938688, -1.2e-05, 0.0, 0.0, 0.0, 1.0],
                [0.9749, -0.210512, -0.072498, -0.125006, -0.175216, -0.926307, 0.333546, -0.002831, -0.137371, -0.31247, -0.939942, -1.2e-05, 0.0, 0.0, 0.0, 1.0],
                [0.977015, -0.206049, -0.054654, -0.125006, -0.176869, -0.926644, 0.331734, -0.002831, -0.118998, -0.314442, -0.941788, -1.2e-05, 0.0, 0.0, 0.0, 1.0],
                [0.97817, -0.204311, -0.03798, -0.125006, -0.180634, -0.926287, 0.3307, -0.002831, -0.102746, -0.316619, -0.942972, -1.2e-05, 0.0, 0.0, 0.0, 1.0],
                [0.979265, -0.20096, -0.025605, -0.125006, -0.18185, -0.92769, 0.326071, -0.002831, -0.089281, -0.314653, -0.944998, -1.2e-05, 0.0, 0.0, 0.0, 1.0],
                [0.979377, -0.201547, -0.014146, -0.125006, -0.186368, -0.928215, 0.321999, -0.002831, -0.078028, -0.312722, -0.946634, -1.2e-05, 0.0, 0.0, 0.0, 1.0],
                [0.979581, -0.200976, -0.005516, -0.125006, -0.189038, -0.930044, 0.315092, -0.002831, -0.068456, -0.307615, -0.949045, -1.2e-05, 0.0, 0.0, 0.0, 1.0],
                [0.97968, -0.200544, 0.003112, -0.125006, -0.191726, -0.931824, 0.308132, -0.002831, -0.058894, -0.302467, -0.951339, -1.2e-05, 0.0, 0.0, 0.0, 1.0],
                [0.979675, -0.200249, 0.011733, -0.125006, -0.194428, -0.933554, 0.301121, -0.002831, -0.049346, -0.297281, -0.953514, -1.2e-05, 0.0, 0.0, 0.0, 1.0],
                [0.979565, -0.200095, 0.020344, -0.125006, -0.197147, -0.935233, 0.29406, -0.002831, -0.039814, -0.292061, -0.95557, -1.2e-05, 0.0, 0.0, 0.0, 1.0],
                [0.979435, -0.199482, 0.03025, -0.125006, -0.199693, -0.937013, 0.286583, -0.002831, -0.028823, -0.28673, -0.957578, -1.2e-05, 0.0, 0.0, 0.0, 1.0],
                [0.979172, -0.199021, 0.040143, -0.125006, -0.202243, -0.93874, 0.279045, -0.002831, -0.017852, -0.281351, -0.959439, -1.2e-05, 0.0, 0.0, 0.0, 1.0],
                [0.979172, -0.199021, 0.040143, -0.125006, -0.202243, -0.93874, 0.279045, -0.002831, -0.017852, -0.281351, -0.959439, -1.2e-05, 0.0, 0.0, 0.0, 1.0]
            ]
        },
        {
            "name": "Leg_L",
            "time": [0.0, 0.2333, 0.2667, 0.3, 0.3333, 0.3667, 0.4, 0.4333, 0.4667, 0.5, 0.5333, 0.5667, 0.6, 0.6333, 0.6667, 0.7, 0.7333, 0.7667, 0.8, 0.8333, 0.8667, 0.9, 0.9333, 0.9667, 1.0, 1.0333, 1.0667, 1.1, 1.1333, 1.1667, 1.2, 1.2333, 1.2667, 1.3, 1.3333, 1.3667, 1.4, 1.4333, 1.4667, 1.5, 1.5333, 1.5667, 1.6, 1.6333, 1.6667, 1.7, 1.7333, 1.7667, 1.8, 1.8333, 1.8667, 1.9],
            "transform": [
                [0.999999, -0.001801, 0.000763, -0.0, 0.000762, 0.718015, 0.696026, 0.37472, -0.001801, -0.696024, 0.718016, -0.0, 0.0, 0.0, 0.0, 1.0],
                [0.999997, -0.001944, 0.000214, -0.0, 0.000215, 0.218152, 0.975916, 0.37472, -0.001944, -0.975913, 0.218152, -0.0, 0.0, 0.0, 0.0, 1.0],
                [0.999998, -0.001955, 5.3e-05, -0.0, 5.4e-05, 0.054917, 0.998492, 0.37472, -0.001955, -0.998489, 0.054917, 0.0, 0.0, 0.0, 0.0, 1.0],
                [0.999998, -0.001928, -0.000332, -0.0, -0.00033, -0.333624, 0.942706, 0.37472, -0.001928, -0.942704, -0.333625, 0.0, 0.0, 0.0, 0.0, 1.0],
                [0.999997, -0.001901, -0.000461, 0.0, -0.000459, -0.45729, 0.889318, 0.37472, -0.001901, -0.889317, -0.457289, -0.0, 0.0, 0.0, 0.0, 1.0],
                [0.999998, -0.001949, -0.000157, -0.0, -0.000157, -0.160092, 0.987102, 0.37472, -0.001949, -0.987101, -0.160092, 0.0, 0.0, 0.0, 0.0, 1.0],
                [0.999997, -0.001944, -0.000204, 0.0, -0.000204, -0.207749, 0.978181, 0.37472, -0.001944, -0.978182, -0.207748, 0.0, 0.0, 0.0, 0.0, 1.0],
                [0.999998, -0.00195, -0.000141, -0.0, -0.000139, -0.142993, 0.989723, 0.37472, -0.00195, -0.989722, -0.142993, -0.0, 0.0, 0.0, 0.0, 1.0],
                [0.999998, -0.00195, -0.000146, -0.0, -0.000143, -0.147509, 0.989061, 0.37472, -0.00195, -0.989059, -0.147509, -0.0, 0.0, 0.0, 0.0, 1.0],
                [0.999998, -0.00195, -0.000142, -0.0, -0.000142, -0.144801, 0.989461, 0.37472, -0.00195, -0.989459, -0.144801, 0.0, 0.0, 0.0, 0.0, 1.0],
                [0.999998, -0.001951, -0.000124, -0.0, -0.000124, -0.126561, 0.991958, 0.37472, -0.001951, -0.991958, -0.126561, 0.0, 0.0, 0.0, 0.0, 1.0],
                [0.999998, -0.001953, -0.000106, -0.0, -0.000105, -0.108278, 0.994121, 0.37472, -0.001953, -0.994119, -0.108278, -0.0, 0.0, 0.0, 0.0, 1.0],
                [0.999998, -0.001953, -9.3e-05, 0.0, -9.3e-05, -0.095236, 0.995454, 0.37472, -0.001953, -0.995453, -0.095236, -0.0, 0.0, 0.0, 0.0, 1.0],
                [0.999998, -0.001954, -8.1e-05, -0.0, -8e-05, -0.082178, 0.996618, 0.37472, -0.001954, -0.996616, -0.082178, -0.0, 0.0, 0.0, 0.0, 1.0],
                [0.999998, -0.001954, -6.8e-05, -0.0, -6.7e-05, -0.069106, 0.99761, 0.37472, -0.001954, -0.997608, -0.069106, 0.0, 0.0, 0.0, 0.0, 1.0],
                [0.999997, -0.001955, -5.1e-05, 0.0, -5.1e-05, -0.052061, 0.998644, 0.37472, -0.001955, -0.998643, -0.052061, -0.0, 0.0, 0.0, 0.0, 1.0],
                [0.999998, -0.001955, -2.8e-05, -0.0, -2.7e-05, -0.028131, 0.999605, 0.37472, -0.001955, -0.999602, -0.028131, -0.0, 0.0, 0.0, 0.0, 1.0],
                [0.999999, -0.001955, 8e-06, -0.0, 9e-06, 0.008772, 0.999962, 0.37472, -0.001955, -0.999958, 0.008772, 0.0, 0.0, 0.0, 0.0, 1.0],
                [0.999998, -0.001955, 5.4e-05, -0.0, 5.5e-05, 0.055862, 0.998439, 0.37472, -0.001955, -0.998436, 0.055862, 0.0, 0.0, 0.0, 0.0, 1.0],
                [0.999998, -0.001952, 0.000116, 0.0, 0.000115, 0.118399, 0.992966, 0.37472, -0.001952, -0.992964, 0.118399, -0.0, 0.0, 0.0, 0.0, 1.0],
                [0.999998, -0.001946, 0.000192, -0.0, 0.000191, 0.194652, 0.980872, 0.37472, -0.001946, -0.980871, 0.194652, 0.0, 0.0, 0.0, 0.0, 1.0],
                [0.999998, -0.001936, 0.000277, 0.0, 0.000276, 0.279946, 0.960015, 0.37472, -0.001936, -0.960015, 0.279945, -0.0, 0.0, 0.0, 0.0, 1.0],
                [0.999999, -0.001921, 0.000368, 0.0, 0.000368, 0.369809, 0.929108, 0.37472, -0.001921, -0.929104, 0.36981, 0.0, 0.0, 0.0, 0.0, 1.0],
                [0.999998, -0.0019, 0.000463, 0.0, 0.000461, 0.45926, 0.888302, 0.37472, -0.0019, -0.8883, 0.45926, -0.0, 0.0, 0.0, 0.0, 1.0],
                [0.999998, -0.001876, 0.000552, 0.0, 0.00055, 0.540888, 0.841095, 0.37472, -0.001876, -0.841093, 0.540888, -0.0, 0.0, 0.0, 0.0, 1.0],
                [0.999999, -0.001851, 0.00063, 0.0, 0.000629, 0.609601, 0.792708, 0.37472, -0.001851, -0.792704, 0.609603, 0.0, 0.0, 0.0, 0.0, 1.0],
                [0.999998, -0.001828, 0.000695, -0.0, 0.000694, 0.663745, 0.747958, 0.37472, -0.001828, -0.747956, 0.663746, -0.0, 0.0, 0.0, 0.0, 1.0],
                [0.999998, -0.001805, 0.000752, -0.0, 0.00075, 0.709126, 0.705082, 0.37472, -0.001806, -0.70508, 0.709126, -0.0, 0.0, 0.0, 0.0, 1.0],
                [0.999999, -0.001784, 0.0008, -0.0, 0.000798, 0.745828, 0.666138, 0.37472, -0.001785, -0.666134, 0.74583, -0.0, 0.0, 0.0, 0.0, 1.0],
                [0.999998, -0.001765, 0.000841, -0.0, 0.000839, 0.775914, 0.630838, 0.37472, -0.001766, -0.630836, 0.775915, -0.0, 0.0, 0.0, 0.0, 1.0],
                [0.999998, -0.001748, 0.000876, 0.0, 0.000873, 0.800194, 0.599741, 0.37472, -0.001749, -0.599738, 0.800195, -0.0, 0.0, 0.0, 0.0, 1.0],
                [0.999998, -0.001733, 0.000904, -0.0, 0.000902, 0.819363, 0.573274, 0.37472, -0.001735, -0.573271, 0.819364, -0.0, 0.0, 0.0, 0.0, 1.0],
                [0.999998, -0.001721, 0.000927, -0.0, 0.000925, 0.834174, 0.551501, 0.37472, -0.001723, -0.551499, 0.834174, 0.0, 0.0, 0.0, 0.0, 1.0],
                [0.999998, -0.001709, 0.000949, 0.0, 0.000948, 0.848405, 0.529346, 0.37472, -0.00171, -0.529344, 0.848406, 0.0, 0.0, 0.0, 0.0, 1.0],
                [0.999998, -0.001685, 0.000991, 0.0, 0.000989, 0.873519, 0.486789, 0.37472, -0.001686, -0.486787, 0.873519, 0.0, 0.0, 0.0, 0.0, 1.0],
                [0.999999, -0.001652, 0.001046, -0.0, 0.001044, 0.903469, 0.42865, 0.37472, -0.001653, -0.428647, 0.903471, 0.0, 0.0, 0.0, 0.0, 1.0],
                [0.999999, -0.001609, 0.00111, -0.0, 0.001108, 0.934473, 0.35603, 0.37472, -0.001611, -0.356027, 0.934474, -0.0, 0.0, 0.0, 0.0, 1.0],
                [0.999998, -0.001567, 0.001169, 0.0, 0.001167, 0.958302, 0.285754, 0.37472, -0.001568, -0.285752, 0.958303, -0.0, 0.0, 0.0, 0.0, 1.0],
                [0.999998, -0.001556, 0.001184, 0.0, 0.001181, 0.963327, 0.268324, 0.37472, -0.001558, -0.268322, 0.963328, -0.0, 0.0, 0.0, 0.0, 1.0],
                [0.999998, -0.001592, 0.001135, 0.0, 0.001133, 0.945015, 0.327025, 0.37472, -0.001593, -0.327023, 0.945016, 0.0, 0.0, 0.0, 0.0, 1.0],
                [0.999999, -0.001611, 0.001107, -0.0, 0.001105, 0.933215, 0.359314, 0.37472, -0.001612, -0.359311, 0.933216, 0.0, 0.0, 0.0, 0.0, 1.0],
                [0.999999, -0.001621, 0.001094, 0.0, 0.001092, 0.92688, 0.375354, 0.37472, -0.001622, -0.375352, 0.926881, 0.0, 0.0, 0.0, 0.0, 1.0],
                [0.999998, -0.00163, 0.00108, -0.0, 0.001078, 0.920271, 0.391279, 0.37472, -0.001631, -0.391277, 0.920272, 0.0, 0.0, 0.0, 0.0, 1.0],
                [0.999998, -0.001636, 0.001071, -0.0, 0.001068, 0.915935, 0.401326, 0.37472, -0.001637, -0.401324, 0.915935, -0.0, 0.0, 0.0, 0.0, 1.0],
                [0.999998, -0.001642, 0.001062, -0.0, 0.00106, 0.911489, 0.411322, 0.37472, -0.001643, -0.41132, 0.91149, -0.0, 0.0, 0.0, 0.0, 1.0],
                [0.999998, -0.001645, 0.001057, -0.0, 0.001054, 0.908705, 0.417437, 0.37472, -0.001647, -0.417435, 0.908705, -0.0, 0.0, 0.0, 0.0, 1.0],
                [0.999997, -0.001649, 0.00105, -0.0, 0.001049, 0.905879, 0.423535, 0.37472, -0.00165, -0.423533, 0.90588, 0.0, 0.0, 0.0, 0.0, 1.0],
                [0.999998, -0.001652, 0.001046, -0.0, 0.001045, 0.903767, 0.428022, 0.37472, -0.001652, -0.42802, 0.903768, 0.0, 0.0, 0.0, 0.0, 1.0],
                [0.999998, -0.001654, 0.001043, -0.0, 0.00104, 0.901633, 0.4325, 0.37472, -0.001655, -0.432498, 0.901634, 0.0, 0.0, 0.0, 0.0, 1.0],
                [0.999997, -0.001656, 0.001039, -0.0, 0.001036, 0.899477, 0.436966, 0.37472, -0.001658, -0.436964, 0.899478, 0.0, 0.0, 0.0, 0.0, 1.0],
                [0.999997, -0.001659, 0.001034, -0.0, 0.001032, 0.897299, 0.441423, 0.37472, -0.00166, -0.441421, 0.897299, 0.0, 0.0, 0.0, 0.0, 1.0],
                [0.999997, -0.001659, 0.001034, -0.0, 0.001032, 0.897299, 0.441423, 0.37472, -0.00166, -0.441421, 0.897299, 0.0, 0.0, 0.0, 0.0, 1.0]
            ]
        },
        {
            "name": "Knee_L",
            "time": [0.0, 1.9],
            "transform": [
                [1.0, 0.0, -0.0, -0.0, -0.0, 1e-06, -1.0, 0.37472, -0.0, 1.0, 1e-06, -0.0, 0.0, 0.0, 0.0, 1.0],
                [1.0, 0.0, -0.0, -0.0, -0.0, 1e-06, -1.0, 0.37472, -0.0, 1.0, 1e-06, 0.0, 0.0, 0.0, 0.0, 1.0]
            ]
        },
        {
            "name": "Torso",
            "time": [0.0, 0.2333, 0.2667, 0.3, 0.3333, 0.3667, 0.4, 0.4333, 0.4667, 0.5, 0.5333, 0.5667, 0.6, 0.6333, 0.6667, 0.7, 0.7333, 0.7667, 0.8, 0.8333, 0.8667, 0.9, 0.9333, 0.9667, 1.0, 1.0333, 1.0667, 1.1, 1.1333, 1.1667, 1.2, 1.2333, 1.2667, 1.3, 1.3333, 1.3667, 1.4, 1.4333, 1.4667, 1.5, 1.5333, 1.5667, 1.6, 1.6333, 1.6667, 1.7, 1.7333, 1.7667, 1.8, 1.8333, 1.8667, 1.9],
            "transform": [
                [-0.376121, 0.875001, -0.304807, 0.0, 0.866316, 0.448781, 0.219296, 0.05, 0.328675, -0.181577, -0.926824, 0.0, 0.0, 0.0, 0.0, 1.0],
                [-0.661665, -0.240041, -0.710338, 0.0, -0.204599, 0.969219, -0.136944, 0.05, 0.721345, 0.054723, -0.69041, 0.0, 0.0, 0.0, 0.0, 1.0],
                [-0.438612, -0.025297, -0.898321, 0.0, 0.043896, 0.997807, -0.049531, 0.05, 0.897605, -0.061158, -0.43654, 0.0, 0.0, 0.0, 0.0, 1.0],
                [-0.013823, 0.246322, -0.96909, 0.0, 0.315132, 0.920863, 0.229569, 0.05, 0.948948, -0.302217, -0.090353, 0.0, 0.0, 0.0, 0.0, 1.0],
                [0.425649, 0.42789, -0.797329, 0.0, 0.413748, 0.691603, 0.592029, 0.05, 0.804758, -0.58189, 0.117341, 0.0, 0.0, 0.0, 0.0, 1.0],
                [0.73902, 0.453072, -0.498573, 0.0, 0.316664, 0.419596, 0.850684, 0.05, 0.594621, -0.786552, 0.166618, 0.0, 0.0, 0.0, 0.0, 1.0],
                [0.80843, 0.434388, -0.397175, 0.0, 0.249779, 0.357824, 0.899763, 0.05, 0.532963, -0.826603, 0.180774, 0.0, 0.0, 0.0, 0.0, 1.0],
                [0.794444, 0.451495, -0.406215, 0.0, 0.227467, 0.398967, 0.888304, 0.05, 0.56313, -0.79811, 0.214256, 0.0, 0.0, 0.0, 0.0, 1.0],
                [0.789883, 0.448323, -0.418439, 0.0, 0.185472, 0.475726, 0.859816, 0.05, 0.584538, -0.756763, 0.292617, 0.0, 0.0, 0.0, 0.0, 1.0],
                [0.768446, 0.454914, -0.450049, 0.0, 0.164705, 0.538994, 0.82605, 0.05, 0.618355, -0.7089, 0.339261, 0.0, 0.0, 0.0, 0.0, 1.0],
                [0.744896, 0.458548, -0.484627, 0.0, 0.200927, 0.538477, 0.818334, 0.05, 0.636205, -0.706949, 0.308975, 0.0, 0.0, 0.0, 0.0, 1.0],
                [0.721823, 0.459394, -0.517619, 0.0, 0.24419, 0.530761, 0.811581, 0.05, 0.647568, -0.712215, 0.270935, 0.0, 0.0, 0.0, 0.0, 1.0],
                [0.69611, 0.456349, -0.554236, 0.0, 0.29486, 0.522145, 0.800264, 0.05, 0.654591, -0.720493, 0.228911, 0.0, 0.0, 0.0, 0.0, 1.0],
                [0.680308, 0.453064, -0.57612, 0.0, 0.326976, 0.515884, 0.791802, 0.05, 0.655948, -0.727047, 0.202818, 0.0, 0.0, 0.0, 0.0, 1.0],
                [0.673212, 0.448293, -0.588064, 0.0, 0.347857, 0.509781, 0.786841, 0.05, 0.65252, -0.734272, 0.187249, 0.0, 0.0, 0.0, 0.0, 1.0],
                [0.669892, 0.441608, -0.596848, 0.0, 0.364724, 0.504468, 0.782616, 0.05, 0.646699, -0.741954, 0.176874, 0.0, 0.0, 0.0, 0.0, 1.0],
                [0.673725, 0.432601, -0.599125, 0.0, 0.372345, 0.501584, 0.780879, 0.05, 0.638321, -0.749179, 0.176853, 0.0, 0.0, 0.0, 0.0, 1.0],
                [0.681015, 0.420061, -0.599806, 0.0, 0.37342, 0.505382, 0.777912, 0.05, 0.629902, -0.753749, 0.187314, 0.0, 0.0, 0.0, 0.0, 1.0],
                [0.690176, 0.405287, -0.599499, 0.0, 0.36862, 0.516002, 0.773215, 0.05, 0.622717, -0.754641, 0.206735, 0.0, 0.0, 0.0, 0.0, 1.0],
