{
    "animation": [
        {
            "name": "Root",
            "time": [0.0, 0.1667, 0.2333, 0.3, 0.3333, 0.4333, 0.5333, 0.6, 0.7333, 0.8333, 1.0, 1.1667, 1.2667, 1.3333, 1.4333, 2.3333],
            "transform": [
                [1.0, 0.0, 0.0, -5e-06, 0.0, 0.0, -1.0, 0.000946, 0.0, 1.0, 0.0, 0.336281, 0.0, 0.0, 0.0, 1.0],
                [1.0, 0.0, 0.0, -5e-06, 0.0, 0.0, -1.0, -0.013641, 0.0, 1.0, 0.0, 0.604836, 0.0, 0.0, 0.0, 1.0],
                [1.0, 0.0, 0.0, -5e-06, 0.0, 0.0, -1.0, 0.018617, 0.0, 1.0, 0.0, 0.611001, 0.0, 0.0, 0.0, 1.0],
                [1.0, 0.0, 0.0, -5e-06, 0.0, 0.0, -1.0, 0.171898, 0.0, 1.0, 0.0, 0.616102, 0.0, 0.0, 0.0, 1.0],
                [1.0, 0.0, 0.0, -5e-06, 0.0, 0.0, -1.0, 0.269474, 0.0, 1.0, 0.0, 0.605964, 0.0, 0.0, 0.0, 1.0],
                [1.0, 0.0, 0.0, -5e-06, 0.0, 0.0, -1.0, 0.641036, 0.0, 1.0, 0.0, 0.480932, 0.0, 0.0, 0.0, 1.0],
                [1.0, 0.0, 0.0, -5e-06, 0.0, 0.0, -1.0, 0.887007, 0.0, 1.0, 0.0, 0.4624, 0.0, 0.0, 0.0, 1.0],
                [1.0, 0.0, 0.0, -5e-06, 0.0, 0.0, -1.0, 0.936689, 0.0, 1.0, 0.0, 0.494026, 0.0, 0.0, 0.0, 1.0],
                [1.0, 0.0, 0.0, -5e-06, 0.0, 0.0, -1.0, 0.968883, 0.0, 1.0, 0.0, 0.498058, 0.0, 0.0, 0.0, 1.0],
                [1.0, 0.0, 0.0, -5e-06, 0.0, 0.0, -1.0, 0.983466, 0.0, 1.0, 0.0, 0.507575, 0.0, 0.0, 0.0, 1.0],
                [1.0, 0.0, 0.0, -5e-06, 0.0, 0.0, -1.0, 0.948105, 0.0, 1.0, 0.0, 0.555943, 0.0, 0.0, 0.0, 1.0],
                [1.0, 0.0, 0.0, -5e-06, 0.0, 0.0, -1.0, 1.040436, 0.0, 1.0, 0.0, 0.611125, 0.0, 0.0, 0.0, 1.0],
                [1.0, 0.0, 0.0, -5e-06, 0.0, 0.0, -1.0, 1.039352, 0.0, 1.0, 0.0, 0.635385, 0.0, 0.0, 0.0, 1.0],
                [1.0, 0.0, 0.0, -5e-06, 0.0, 0.0, -1.0, 1.064891, 0.0, 1.0, 0.0, 0.641231, 0.0, 0.0, 0.0, 1.0],
                [1.0, 0.0, 0.0, -5e-06, 0.0, 0.0, -1.0, 1.087365, 0.0, 1.0, 0.0, 0.641231, 0.0, 0.0, 0.0, 1.0],
                [1.0, 0.0, 0.0, -5e-06, 0.0, 0.0, -1.0, 1.087365, 0.0, 1.0, 0.0, 0.641231, 0.0, 0.0, 0.0, 1.0]
            ]
        },
        {
            "name": "Thigh_R",
            "time": [0.0, 0.0333, 0.0667, 0.1, 0.1333, 0.1667, 0.2, 0.2333, 0.2667, 0.3, 0.3333, 0.3667, 0.4, 0.4333, 0.4667, 0.5, 0.5333, 0.5667, 0.6, 0.6333, 0.6667, 0.7, 0.7333, 0.7667, 0.8, 0.8333, 0.8667, 0.9, 0.9333, 0.9667, 1.0, 1.0333, 1.0667, 1.1, 1.1333, 1.1667, 1.2, 1.2333, 1.2667, 1.3, 1.3333, 1.3667, 1.4, 1.4333, 1.4667, 1.5, 1.5333, 1.5667, 1.6, 1.6333, 1.6667, 1.7, 1.7333, 1.7667, 1.8, 1.8333, 1.8667, 1.9, 1.9333, 1.9667, 2.0, 2.0333, 2.0667, 2.1, 2.1333, 2.1667, 2.2, 2.2333, 2.2667, 2.3, 2.3333],
            "transform": [
                [0.981348, -0.115025, -0.154025, 0.124994, 0.071685, -0.524475, 0.848403, -0.002831, -0.17837, -0.84362, -0.506447, -1.2e-05, 0.0, 0.0, 0.0, 1.0],
                [0.970573, -0.147595, -0.190273, 0.124994, 0.076054, -0.561824, 0.823753, -0.002831, -0.228482, -0.813984, -0.534066, -1.2e-05, 0.0, 0.0, 0.0, 1.0],
                [0.949798, -0.179942, -0.255937, 0.124994, 0.093959, -0.61623, 0.781941, -0.002831, -0.29842, -0.766734, -0.568387, -1.2e-05, 0.0, 0.0, 0.0, 1.0],
                [0.925065, -0.195361, -0.325713, 0.124994, 0.107133, -0.688533, 0.717248, -0.002831, -0.364386, -0.698396, -0.616008, -1.2e-05, 0.0, 0.0, 0.0, 1.0],
                [0.891276, -0.196564, -0.408643, 0.124994, 0.11982, -0.767051, 0.630298, -0.002831, -0.437344, -0.610734, -0.660102, -1.2e-05, 0.0, 0.0, 0.0, 1.0],
                [0.852396, -0.175274, -0.492646, 0.124994, 0.127033, -0.844508, 0.520258, -0.002831, -0.507232, -0.506048, -0.69759, -1.2e-05, 0.0, 0.0, 0.0, 1.0],
                [0.823024, -0.135312, -0.551654, 0.124994, 0.120039, -0.90784, 0.401767, -0.002831, -0.555177, -0.396884, -0.730932, -1.2e-05, 0.0, 0.0, 0.0, 1.0],
                [0.80555, -0.079841, -0.587124, 0.124994, 0.101233, -0.957767, 0.269137, -0.002831, -0.583816, -0.276239, -0.763447, -1.2e-05, 0.0, 0.0, 0.0, 1.0],
                [0.803921, -0.009668, -0.594658, 0.124994, 0.072598, -0.990795, 0.114253, -0.002831, -0.590289, -0.135021, -0.795819, -1.2e-05, 0.0, 0.0, 0.0, 1.0],
                [0.828709, 0.06024, -0.556428, 0.124994, 0.039582, -0.998009, -0.049095, -0.002831, -0.558278, 0.018662, -0.829444, -1.2e-05, 0.0, 0.0, 0.0, 1.0],
                [0.881599, 0.107395, -0.459619, 0.124994, 0.014297, -0.979399, -0.201426, -0.002831, -0.471782, 0.171007, -0.864973, -1.2e-05, 0.0, 0.0, 0.0, 1.0],
                [0.971502, 0.105365, -0.212327, 0.124994, 0.03454, -0.949137, -0.312963, -0.002831, -0.234502, 0.29671, -0.925728, -1.2e-05, 0.0, 0.0, 0.0, 1.0],
                [0.983257, 0.131591, 0.126051, 0.124994, 0.172332, -0.896311, -0.408569, -0.002831, 0.059217, 0.423451, -0.903982, -1.2e-05, 0.0, 0.0, 0.0, 1.0],
                [0.897077, 0.199492, 0.394279, 0.124994, 0.363723, -0.84005, -0.402517, -0.002831, 0.250915, 0.504497, -0.82615, -1.2e-05, 0.0, 0.0, 0.0, 1.0],
                [0.809158, 0.280415, 0.516363, 0.124994, 0.486417, -0.81266, -0.320908, -0.002831, 0.32964, 0.510833, -0.793969, -1.2e-05, 0.0, 0.0, 0.0, 1.0],
                [0.71379, 0.367402, 0.596255, 0.124994, 0.578448, -0.789239, -0.206155, -0.002831, 0.394846, 0.492054, -0.775874, -1.2e-05, 0.0, 0.0, 0.0, 1.0],
                [0.606493, 0.444963, 0.658919, 0.124994, 0.642001, -0.762957, -0.0757, -0.002831, 0.469044, 0.468938, -0.748395, -1.2e-05, 0.0, 0.0, 0.0, 1.0],
                [0.582342, 0.455209, 0.673545, 0.124994, 0.654337, -0.754121, -0.056068, -0.002831, 0.482412, 0.473377, -0.737016, -1.2e-05, 0.0, 0.0, 0.0, 1.0],
                [0.578685, 0.451103, 0.679433, 0.124994, 0.659541, -0.748894, -0.064519, -0.002831, 0.479719, 0.48545, -0.730895, -1.2e-05, 0.0, 0.0, 0.0, 1.0],
                [0.579801, 0.443517, 0.683465, 0.124994, 0.662749, -0.744664, -0.078995, -0.002831, 0.473916, 0.498767, -0.725696, -1.2e-05, 0.0, 0.0, 0.0, 1.0],
                [0.588212, 0.435338, 0.681534, 0.124994, 0.663035, -0.742118, -0.098208, -0.002831, 0.463025, 0.509648, -0.725167, -1.2e-05, 0.0, 0.0, 0.0, 1.0],
                [0.585819, 0.431163, 0.686232, 0.124994, 0.66362, -0.74125, -0.100783, -0.002831, 0.465216, 0.514438, -0.720367, -1.2e-05, 0.0, 0.0, 0.0, 1.0],
                [0.538721, 0.452459, 0.710676, 0.124994, 0.682513, -0.728927, -0.053293, -0.002831, 0.493919, 0.513756, -0.701498, -1.2e-05, 0.0, 0.0, 0.0, 1.0],
                [0.472594, 0.482869, 0.737219, 0.124994, 0.702619, -0.711396, 0.015543, -0.002831, 0.53196, 0.510639, -0.675474, -1.2e-05, 0.0, 0.0, 0.0, 1.0],
                [0.406175, 0.513772, 0.755685, 0.124994, 0.716505, -0.692314, 0.085572, -0.002831, 0.567136, 0.506695, -0.64932, -1.2e-05, 0.0, 0.0, 0.0, 1.0],
                [0.327644, 0.548606, 0.769208, 0.124994, 0.728635, -0.664997, 0.163921, -0.002831, 0.601449, 0.506764, -0.617616, -1.2e-05, 0.0, 0.0, 0.0, 1.0],
                [0.236089, 0.584837, 0.776033, 0.124994, 0.733569, -0.631016, 0.252379, -0.002831, 0.63729, 0.50969, -0.577994, -1.2e-05, 0.0, 0.0, 0.0, 1.0],
                [0.169612, 0.609247, 0.774629, 0.124994, 0.72512, -0.609457, 0.320568, -0.002831, 0.667408, 0.507327, -0.545148, -1.2e-05, 0.0, 0.0, 0.0, 1.0],
                [0.162993, 0.613684, 0.772544, 0.124994, 0.709989, -0.616663, 0.340062, -0.002831, 0.685091, 0.49307, -0.536221, -1.2e-05, 0.0, 0.0, 0.0, 1.0],
                [0.22094, 0.602902, 0.766612, 0.124994, 0.680577, -0.658325, 0.321596, -0.002831, 0.698571, 0.450685, -0.555771, -1.2e-05, 0.0, 0.0, 0.0, 1.0],
                [0.313784, 0.58579, 0.747254, 0.124994, 0.631508, -0.716454, 0.296466, -0.002831, 0.70904, 0.378871, -0.594743, -1.2e-05, 0.0, 0.0, 0.0, 1.0],
                [0.426482, 0.59055, 0.685102, 0.124994, 0.55984, -0.767263, 0.312867, -0.002831, 0.710418, 0.250115, -0.657837, -1.2e-05, 0.0, 0.0, 0.0, 1.0],
                [0.546504, 0.57344, 0.610328, 0.124994, 0.480137, -0.811661, 0.332678, -0.002831, 0.68615, 0.111231, -0.718906, -1.2e-05, 0.0, 0.0, 0.0, 1.0],
                [0.656095, 0.533984, 0.533292, 0.124994, 0.403106, -0.84536, 0.350529, -0.002831, 0.638002, -0.015006, -0.769889, -1.2e-05, 0.0, 0.0, 0.0, 1.0],
                [0.746225, 0.483492, 0.457585, 0.124994, 0.342829, -0.868334, 0.358419, -0.002831, 0.57063, -0.110587, -0.813728, -1.2e-05, 0.0, 0.0, 0.0, 1.0],
                [0.811136, 0.43289, 0.393275, 0.124994, 0.298875, -0.884799, 0.357495, -0.002831, 0.502726, -0.172437, -0.847073, -1.2e-05, 0.0, 0.0, 0.0, 1.0],
                [0.851702, 0.391629, 0.348182, 0.124994, 0.272246, -0.898417, 0.344573, -0.002831, 0.447757, -0.198682, -0.871802, -1.2e-05, 0.0, 0.0, 0.0, 1.0],
                [0.872133, 0.358463, 0.332999, 0.124994, 0.257589, -0.915045, 0.310387, -0.002831, 0.415971, -0.184921, -0.890377, -1.2e-05, 0.0, 0.0, 0.0, 1.0],
                [0.8807, 0.336303, 0.333569, 0.124994, 0.249143, -0.92782, 0.277628, -0.002831, 0.402859, -0.1614, -0.900919, -1.2e-05, 0.0, 0.0, 0.0, 1.0],
                [0.880715, 0.322663, 0.346743, 0.124994, 0.245751, -0.937114, 0.247838, -0.002831, 0.404906, -0.133062, -0.904625, -1.2e-05, 0.0, 0.0, 0.0, 1.0],
                [0.876656, 0.312337, 0.365951, 0.124994, 0.244678, -0.944349, 0.219858, -0.002831, 0.414256, -0.1032, -0.904291, -1.2e-05, 0.0, 0.0, 0.0, 1.0],
                [0.868855, 0.305063, 0.389908, 0.124994, 0.247636, -0.949782, 0.191287, -0.002831, 0.428682, -0.069645, -0.900767, -1.2e-05, 0.0, 0.0, 0.0, 1.0],
                [0.861984, 0.297449, 0.410497, 0.124994, 0.251542, -0.954008, 0.163079, -0.002831, 0.440125, -0.037314, -0.897161, -1.2e-05, 0.0, 0.0, 0.0, 1.0],
                [0.859113, 0.289129, 0.422292, 0.124994, 0.252342, -0.957165, 0.141974, -0.002831, 0.445252, -0.01541, -0.895273, -1.2e-05, 0.0, 0.0, 0.0, 1.0],
                [0.860708, 0.280502, 0.424854, 0.124994, 0.250133, -0.959848, 0.126983, -0.002831, 0.443415, -0.003025, -0.896311, -1.2e-05, 0.0, 0.0, 0.0, 1.0],
                [0.862284, 0.274007, 0.425895, 0.124994, 0.247825, -0.961715, 0.116983, -0.002831, 0.441644, 0.004675, -0.897178, -1.2e-05, 0.0, 0.0, 0.0, 1.0],
                [0.864265, 0.27022, 0.424297, 0.124994, 0.246365, -0.962762, 0.111323, -0.002831, 0.438579, 0.00832, -0.898654, -1.2e-05, 0.0, 0.0, 0.0, 1.0],
                [0.865766, 0.266894, 0.423342, 0.124994, 0.243978, -0.963681, 0.108597, -0.002831, 0.436951, 0.009267, -0.899438, -1.2e-05, 0.0, 0.0, 0.0, 1.0],
                [0.868502, 0.266139, 0.41818, 0.124994, 0.242866, -0.96391, 0.109056, -0.002831, 0.432112, 0.006847, -0.901794, -1.2e-05, 0.0, 0.0, 0.0, 1.0],
                [0.870094, 0.265804, 0.415071, 0.124994, 0.241271, -0.964022, 0.111579, -0.002831, 0.429796, 0.003061, -0.902921, -1.2e-05, 0.0, 0.0, 0.0, 1.0],
                [0.871676, 0.265468, 0.411957, 0.124994, 0.239692, -0.964119, 0.114113, -0.002831, 0.427469, -0.000726, -0.90403, -1.2e-05, 0.0, 0.0, 0.0, 1.0],
                [0.873245, 0.265132, 0.408838, 0.124994, 0.238131, -0.964201, 0.116658, -0.002831, 0.425132, -0.004513, -0.90512, -1.2e-05, 0.0, 0.0, 0.0, 1.0],
                [0.873147, 0.265356, 0.408902, 0.124994, 0.237811, -0.964133, 0.117867, -0.002831, 0.425514, -0.005674, -0.904934, -1.2e-05, 0.0, 0.0, 0.0, 1.0],
                [0.873047, 0.265589, 0.408964, 0.124994, 0.237497, -0.964061, 0.119079, -0.002831, 0.425893, -0.006834, -0.904748, -1.2e-05, 0.0, 0.0, 0.0, 1.0],
                [0.872209, 0.264675, 0.411337, 0.124994, 0.236205, -0.964311, 0.119633, -0.002831, 0.42832, -0.007185, -0.903598, -1.2e-05, 0.0, 0.0, 0.0, 1.0],
                [0.870787, 0.265653, 0.413714, 0.124994, 0.235985, -0.964027, 0.12232, -0.002831, 0.431326, -0.008884, -0.902152, -1.2e-05, 0.0, 0.0, 0.0, 1.0],
                [0.869347, 0.266667, 0.416082, 0.124994, 0.23579, -0.96373, 0.125005, -0.002831, 0.434326, -0.010564, -0.900694, -1.2e-05, 0.0, 0.0, 0.0, 1.0],
                [0.867891, 0.267717, 0.418441, 0.124994, 0.235621, -0.96342, 0.127689, -0.002831, 0.437319, -0.012227, -0.899223, -1.2e-05, 0.0, 0.0, 0.0, 1.0],
                [0.866419, 0.268802, 0.42079, 0.124994, 0.235479, -0.963095, 0.130371, -0.002831, 0.440305, -0.013868, -0.897741, -1.2e-05, 0.0, 0.0, 0.0, 1.0],
                [0.864452, 0.269326, 0.424483, 0.124994, 0.234957, -0.962935, 0.132478, -0.002831, 0.44443, -0.014785, -0.895692, -1.2e-05, 0.0, 0.0, 0.0, 1.0],
                [0.863575, 0.270577, 0.425472, 0.124994, 0.235065, -0.962555, 0.135024, -0.002831, 0.446075, -0.016589, -0.894842, -1.2e-05, 0.0, 0.0, 0.0, 1.0],
                [0.861756, 0.269689, 0.429704, 0.124994, 0.234137, -0.962822, 0.134731, -0.002831, 0.450064, -0.015495, -0.892862, -1.2e-05, 0.0, 0.0, 0.0, 1.0],
                [0.862431, 0.270128, 0.42807, 0.124994, 0.234339, -0.962684, 0.135369, -0.002831, 0.448663, -0.016432, -0.89355, -1.2e-05, 0.0, 0.0, 0.0, 1.0],
                [0.862855, 0.268079, 0.428503, 0.124994, 0.233393, -0.963288, 0.132679, -0.002831, 0.448341, -0.014473, -0.893746, -1.2e-05, 0.0, 0.0, 0.0, 1.0],
                [0.864088, 0.267225, 0.426548, 0.124994, 0.233586, -0.963545, 0.130455, -0.002831, 0.445859, -0.013089, -0.895008, -1.2e-05, 0.0, 0.0, 0.0, 1.0],
                [0.865312, 0.26638, 0.424592, 0.124994, 0.233781, -0.963796, 0.128224, -0.002831, 0.443377, -0.011692, -0.896259, -1.2e-05, 0.0, 0.0, 0.0, 1.0],
                [0.866524, 0.265544, 0.422638, 0.124994, 0.233981, -0.964043, 0.125985, -0.002831, 0.440896, -0.010279, -0.897499, -1.2e-05, 0.0, 0.0, 0.0, 1.0],
                [0.867727, 0.264718, 0.420684, 0.124994, 0.234185, -0.964285, 0.12374, -0.002831, 0.438416, -0.008854, -0.898729, -1.2e-05, 0.0, 0.0, 0.0, 1.0],
                [0.86892, 0.2639, 0.418731, 0.124994, 0.234392, -0.964521, 0.121486, -0.002831, 0.435936, -0.007414, -0.899947, -1.2e-05, 0.0, 0.0, 0.0, 1.0],
                [0.870687, 0.263343, 0.415398, 0.124994, 0.234854, -0.964681, 0.119303, -0.002831, 0.432145, -0.006317, -0.901782, -1.2e-05, 0.0, 0.0, 0.0, 1.0],
                [0.872475, 0.263142, 0.411758, 0.124994, 0.234748, -0.964729, 0.119124, -0.002831, 0.428582, -0.007273, -0.903474, -1.2e-05, 0.0, 0.0, 0.0, 1.0]
            ]
        },
        {
            "name": "Leg_R",
            "time": [0.0, 0.0333, 0.0667, 0.1, 0.1333, 0.1667, 0.2, 0.2333, 0.2667, 0.3, 0.3333, 0.3667, 0.4, 0.4333, 0.4667, 0.5, 0.5333, 0.5667, 0.6, 0.6333, 0.6667, 0.7, 0.7333, 0.7667, 0.8, 0.8333, 0.8667, 0.9, 0.9333, 0.9667, 1.0, 1.0333, 1.0667, 1.1, 1.1333, 1.1667, 1.2, 1.2333, 1.2667, 1.3, 1.3333, 1.3667, 1.4, 1.4333, 1.4667, 1.5, 1.5333, 1.5667, 1.6, 1.6333, 1.6667, 1.7, 1.7333, 1.7667, 1.8, 1.8333, 1.8667, 1.9, 1.9333, 1.9667, 2.0, 2.0333, 2.0667, 2.1, 2.1333, 2.1667, 2.2, 2.2333, 2.2667, 2.3, 2.3333],
            "transform": [
                [0.999998, 0.00189, 0.000489, 0.0, 0.000489, -0.484997, 0.874516, 0.37472, 0.00189, -0.874514, -0.484997, -0.0, 0.0, 0.0, 0.0, 1.0],
                [0.999998, 0.001907, 0.000418, 0.0, 0.000418, -0.418471, 0.908231, 0.37472, 0.001907, -0.908228, -0.418471, 0.0, 0.0, 0.0, 0.0, 1.0],
                [0.999998, 0.001928, 0.000311, -0.0, 0.00031, -0.314346, 0.949309, 0.37472, 0.001928, -0.949307, -0.314346, 0.0, 0.0, 0.0, 0.0, 1.0],
                [0.999998, 0.001948, 0.000138, 0.0, 0.000137, -0.140278, 0.990112, 0.37472, 0.001948, -0.99011, -0.140279, -0.0, 0.0, 0.0, 0.0, 1.0],
                [0.999998, 0.001951, -7.8e-05, 0.0, -7.9e-05, 0.080383, 0.996764, 0.37472, 0.001951, -0.996763, 0.080383, -0.0, 0.0, 0.0, 0.0, 1.0],
                [0.999998, 0.001929, -0.000303, 0.0, -0.000305, 0.307858, 0.951432, 0.37472, 0.001929, -0.951431, 0.307858, -0.0, 0.0, 0.0, 0.0, 1.0],
                [0.999998, 0.001892, -0.000485, 0.0, -0.000487, 0.482188, 0.876067, 0.37472, 0.001891, -0.876065, 0.482188, 0.0, 0.0, 0.0, 0.0, 1.0],
                [0.999998, 0.00185, -0.000623, -0.0, -0.000625, 0.60593, 0.795517, 0.37472, 0.00185, -0.795515, 0.605931, -0.0, 0.0, 0.0, 0.0, 1.0],
                [0.999998, 0.001795, -0.000768, -0.0, -0.000771, 0.724207, 0.689582, 0.37472, 0.001795, -0.68958, 0.724207, 0.0, 0.0, 0.0, 0.0, 1.0],
                [0.999998, 0.001728, -0.000911, -0.0, -0.000913, 0.825947, 0.563747, 0.37472, 0.001727, -0.563745, 0.825947, 0.0, 0.0, 0.0, 0.0, 1.0],
                [0.999998, 0.001661, -0.001028, 0.0, -0.00103, 0.895727, 0.444604, 0.37472, 0.001659, -0.444602, 0.895727, 0.0, 0.0, 0.0, 0.0, 1.0],
                [0.999998, 0.00169, -0.000979, 0.0, -0.000981, 0.867897, 0.496744, 0.37472, 0.001689, -0.496742, 0.867897, -0.0, 0.0, 0.0, 0.0, 1.0],
                [0.999998, 0.001731, -0.000905, 0.0, -0.000907, 0.821847, 0.569709, 0.37472, 0.00173, -0.569707, 0.821846, 0.0, 0.0, 0.0, 0.0, 1.0],
                [0.999998, 0.001779, -0.000805, -0.0, -0.000808, 0.752192, 0.658944, 0.37472, 0.001778, -0.658941, 0.752192, -0.0, 0.0, 0.0, 0.0, 1.0],
                [0.999998, 0.001814, -0.000723, -0.0, -0.000724, 0.688212, 0.725509, 0.37472, 0.001813, -0.725507, 0.688212, -0.0, 0.0, 0.0, 0.0, 1.0],
                [0.999998, 0.001843, -0.000646, 0.0, -0.000649, 0.625313, 0.780374, 0.37472, 0.001842, -0.780372, 0.625313, -0.0, 0.0, 0.0, 0.0, 1.0],
                [0.999998, 0.001854, -0.000611, -0.0, -0.000615, 0.596056, 0.802943, 0.37472, 0.001853, -0.802941, 0.596056, 0.0, 0.0, 0.0, 0.0, 1.0],
                [0.999998, 0.001841, -0.00065, 0.0, -0.000652, 0.628893, 0.777492, 0.37472, 0.001841, -0.77749, 0.628893, -0.0, 0.0, 0.0, 0.0, 1.0],
                [0.999998, 0.001822, -0.000703, -0.0, -0.000706, 0.672756, 0.739865, 0.37472, 0.001821, -0.739863, 0.672756, 0.0, 0.0, 0.0, 0.0, 1.0],
                [0.999998, 0.001801, -0.000756, 0.0, -0.000758, 0.714372, 0.699766, 0.37472, 0.0018, -0.699764, 0.714372, -0.0, 0.0, 0.0, 0.0, 1.0],
                [0.999998, 0.001779, -0.000806, 0.0, -0.000808, 0.752678, 0.658388, 0.37472, 0.001778, -0.658386, 0.752679, -0.0, 0.0, 0.0, 0.0, 1.0],
                [0.999998, 0.001764, -0.000838, -0.0, -0.00084, 0.775914, 0.630838, 0.37472, 0.001763, -0.630836, 0.775914, 0.0, 0.0, 0.0, 0.0, 1.0],
                [0.999998, 0.001766, -0.000835, -0.0, -0.000837, 0.773596, 0.633679, 0.37472, 0.001764, -0.633677, 0.773596, 0.0, 0.0, 0.0, 0.0, 1.0],
                [0.999998, 0.001774, -0.000816, -0.0, -0.000818, 0.760126, 0.649775, 0.37472, 0.001773, -0.649774, 0.760126, -0.0, 0.0, 0.0, 0.0, 1.0],
                [0.999998, 0.001783, -0.000797, 0.0, -0.0008, 0.746321, 0.665586, 0.37472, 0.001781, -0.665584, 0.746321, -0.0, 0.0, 0.0, 0.0, 1.0],
                [0.999998, 0.001792, -0.000775, 0.0, -0.000777, 0.729314, 0.684179, 0.37472, 0.001792, -0.684177, 0.729314, -0.0, 0.0, 0.0, 0.0, 1.0],
                [0.999998, 0.001804, -0.000748, 0.0, -0.00075, 0.708599, 0.705612, 0.37472, 0.001803, -0.70561, 0.708599, 0.0, 0.0, 0.0, 0.0, 1.0],
                [0.999998, 0.001812, -0.000726, -0.0, -0.000729, 0.691477, 0.722398, 0.37472, 0.001811, -0.722396, 0.691477, 0.0, 0.0, 0.0, 0.0, 1.0],
                [0.999998, 0.001815, -0.000719, -0.0, -0.000722, 0.686026, 0.727577, 0.37472, 0.001814, -0.727575, 0.686026, 0.0, 0.0, 0.0, 0.0, 1.0],
                [0.999998, 0.001813, -0.000726, -0.0, -0.000728, 0.690934, 0.722918, 0.37472, 0.001812, -0.722915, 0.690934, -0.0, 0.0, 0.0, 0.0, 1.0],
                [0.999998, 0.001809, -0.000737, 0.0, -0.000739, 0.699564, 0.71457, 0.37472, 0.001808, -0.714568, 0.699564, 0.0, 0.0, 0.0, 0.0, 1.0],
                [0.999998, 0.001829, -0.000683, -0.0, -0.000685, 0.65634, 0.754465, 0.37472, 0.001828, -0.754463, 0.65634, 0.0, 0.0, 0.0, 0.0, 1.0],
                [0.999998, 0.00184, -0.000654, -0.0, -0.000656, 0.631863, 0.77508, 0.37472, 0.001839, -0.775078, 0.631863, -0.0, 0.0, 0.0, 0.0, 1.0],
                [0.999998, 0.001836, -0.000664, 0.0, -0.000666, 0.640115, 0.768279, 0.37472, 0.001836, -0.768277, 0.640115, 0.0, 0.0, 0.0, 0.0, 1.0],
                [0.999998, 0.00182, -0.000707, -0.0, -0.000709, 0.676093, 0.736816, 0.37472, 0.001819, -0.736813, 0.676094, 0.0, 0.0, 0.0, 0.0, 1.0],
                [0.999998, 0.001794, -0.000772, 0.0, -0.000774, 0.726766, 0.686885, 0.37472, 0.001793, -0.686882, 0.726766, 0.0, 0.0, 0.0, 0.0, 1.0],
                [0.999997, 0.001763, -0.000841, -0.0, -0.000842, 0.77776, 0.62856, 0.37472, 0.001762, -0.628559, 0.77776, 0.0, 0.0, 0.0, 0.0, 1.0],
                [0.999998, 0.001727, -0.000912, 0.0, -0.000914, 0.826354, 0.563151, 0.37472, 0.001726, -0.563149, 0.826354, -0.0, 0.0, 0.0, 0.0, 1.0],
                [0.999998, 0.001707, -0.000949, 0.0, -0.000951, 0.849922, 0.526907, 0.37472, 0.001706, -0.526905, 0.849922, -0.0, 0.0, 0.0, 0.0, 1.0],
                [0.999999, 0.001701, -0.000959, 0.0, -0.000961, 0.855917, 0.517112, 0.37472, 0.0017, -0.51711, 0.855917, 0.0, 0.0, 0.0, 0.0, 1.0],
                [0.999998, 0.001703, -0.000956, -0.0, -0.000958, 0.85443, 0.519566, 0.37472, 0.001702, -0.519564, 0.85443, -0.0, 0.0, 0.0, 0.0, 1.0],
                [0.999998, 0.001704, -0.000954, -0.0, -0.000956, 0.852935, 0.522016, 0.37472, 0.001703, -0.522014, 0.852935, -0.0, 0.0, 0.0, 0.0, 1.0],
                [0.999998, 0.001702, -0.000957, 0.0, -0.000959, 0.855174, 0.518339, 0.37472, 0.001701, -0.518337, 0.855175, 0.0, 0.0, 0.0, 0.0, 1.0],
                [0.999998, 0.001694, -0.000971, 0.0, -0.000973, 0.863461, 0.504414, 0.37472, 0.001693, -0.504412, 0.863461, 0.0, 0.0, 0.0, 0.0, 1.0],
                [0.999998, 0.001687, -0.000985, 0.0, -0.000987, 0.871423, 0.49053, 0.37472, 0.001686, -0.490528, 0.871424, 0.0, 0.0, 0.0, 0.0, 1.0],
                [0.999998, 0.00168, -0.000995, 0.0, -0.000998, 0.877651, 0.479297, 0.37472, 0.001679, -0.479295, 0.877652, -0.0, 0.0, 0.0, 0.0, 1.0],
                [0.999999, 0.001677, -0.001, 0.0, -0.001002, 0.880369, 0.474287, 0.37472, 0.001676, -0.474284, 0.88037, 0.0, 0.0, 0.0, 0.0, 1.0],
                [0.999998, 0.001675, -0.001005, -0.0, -0.001007, 0.883059, 0.469261, 0.37472, 0.001673, -0.469258, 0.88306, -0.0, 0.0, 0.0, 0.0, 1.0],
                [0.999998, 0.001674, -0.001006, 0.0, -0.001008, 0.88356, 0.468317, 0.37472, 0.001673, -0.468315, 0.88356, 0.0, 0.0, 0.0, 0.0, 1.0],
                [0.999998, 0.001674, -0.001007, -0.0, -0.001009, 0.88406, 0.467373, 0.37472, 0.001673, -0.467371, 0.88406, -0.0, 0.0, 0.0, 0.0, 1.0],
                [0.999998, 0.001673, -0.001008, 0.0, -0.00101, 0.884558, 0.466429, 0.37472, 0.001672, -0.466427, 0.884558, 0.0, 0.0, 0.0, 0.0, 1.0],
                [0.999998, 0.001672, -0.001009, -0.0, -0.001011, 0.885055, 0.465485, 0.37472, 0.001671, -0.465483, 0.885055, -0.0, 0.0, 0.0, 0.0, 1.0],
                [0.999998, 0.00167, -0.001013, 0.0, -0.001015, 0.887421, 0.460958, 0.37472, 0.001669, -0.460956, 0.887421, -0.0, 0.0, 0.0, 0.0, 1.0],
                [0.999998, 0.001667, -0.001017, 0.0, -0.001019, 0.889764, 0.456419, 0.37472, 0.001666, -0.456417, 0.889764, 0.0, 0.0, 0.0, 0.0, 1.0],
                [0.999998, 0.001665, -0.001022, 0.0, -0.001024, 0.892085, 0.451867, 0.37472, 0.001664, -0.451865, 0.892085, -0.0, 0.0, 0.0, 0.0, 1.0],
                [0.999998, 0.001662, -0.001026, 0.0, -0.001028, 0.894381, 0.447305, 0.37472, 0.001661, -0.447303, 0.894381, -0.0, 0.0, 0.0, 0.0, 1.0],
                [0.999998, 0.00166, -0.00103, -0.0, -0.001032, 0.896654, 0.44273, 0.37472, 0.001658, -0.442728, 0.896654, 0.0, 0.0, 0.0, 0.0, 1.0],
                [0.999998, 0.001657, -0.001034, -0.0, -0.001036, 0.898904, 0.438145, 0.37472, 0.001656, -0.438142, 0.898904, -0.0, 0.0, 0.0, 0.0, 1.0],
                [0.999998, 0.001654, -0.001039, -0.0, -0.00104, 0.90113, 0.433547, 0.37472, 0.001653, -0.433545, 0.90113, -0.0, 0.0, 0.0, 0.0, 1.0],
                [0.999998, 0.001652, -0.001043, -0.0, -0.001045, 0.903333, 0.428938, 0.37472, 0.00165, -0.428936, 0.903333, -0.0, 0.0, 0.0, 0.0, 1.0],
                [0.999998, 0.001649, -0.001047, 0.0, -0.001049, 0.905513, 0.424317, 0.37472, 0.001648, -0.424316, 0.905513, -0.0, 0.0, 0.0, 0.0, 1.0],
                [0.999998, 0.001646, -0.001051, -0.0, -0.001053, 0.907667, 0.419688, 0.37472, 0.001645, -0.419686, 0.907668, 0.0, 0.0, 0.0, 0.0, 1.0],
                [0.999998, 0.001644, -0.001054, 0.0, -0.001056, 0.909294, 0.416154, 0.37472, 0.001643, -0.416152, 0.909294, -0.0, 0.0, 0.0, 0.0, 1.0],
                [0.999998, 0.001642, -0.001057, 0.0, -0.001059, 0.910905, 0.412615, 0.37472, 0.001641, -0.412613, 0.910905, 0.0, 0.0, 0.0, 0.0, 1.0],
                [0.999998, 0.001641, -0.001059, -0.0, -0.001061, 0.911777, 0.410684, 0.37472, 0.00164, -0.410682, 0.911777, -0.0, 0.0, 0.0, 0.0, 1.0],
                [0.999998, 0.00164, -0.001061, -0.0, -0.001063, 0.912645, 0.408751, 0.37472, 0.001638, -0.408749, 0.912645, 0.0, 0.0, 0.0, 0.0, 1.0],
                [0.999998, 0.001639, -0.001063, 0.0, -0.001065, 0.91351, 0.406816, 0.37472, 0.001637, -0.406814, 0.91351, -0.0, 0.0, 0.0, 0.0, 1.0],
                [0.999998, 0.001638, -0.001065, -0.0, -0.001066, 0.914369, 0.40488, 0.37472, 0.001636, -0.404878, 0.914369, 0.0, 0.0, 0.0, 0.0, 1.0],
                [0.999999, 0.001637, -0.001066, 0.0, -0.001068, 0.915225, 0.402941, 0.37472, 0.001635, -0.402939, 0.915225, -0.0, 0.0, 0.0, 0.0, 1.0],
                [0.999998, 0.001635, -0.001068, 0.0, -0.00107, 0.916077, 0.401001, 0.37472, 0.001634, -0.400999, 0.916077, 0.0, 0.0, 0.0, 0.0, 1.0],
                [0.999998, 0.001637, -0.001065, -0.0, -0.001068, 0.914941, 0.403587, 0.37472, 0.001635, -0.403585, 0.914941, 0.0, 0.0, 0.0, 0.0, 1.0]
            ]
        },
        {
            "name": "Knee_R",
            "time": [0.0, 2.3333],
            "transform": [
                [1.0, 0.0, -0.0, 0.0, -0.0, 1e-06, -1.0, 0.37472, -0.0, 1.0, 1e-06, -0.0, 0.0, 0.0, 0.0, 1.0],
                [1.0, 0.0, -0.0, -0.0, -0.0, 1e-06, -1.0, 0.37472, -0.0, 1.0, 1e-06, 0.0, 0.0, 0.0, 0.0, 1.0]
            ]
        },
        {
            "name": "Thigh_L",
            "time": [0.0, 0.0333, 0.0667, 0.1, 0.1333, 0.1667, 0.2, 0.2333, 0.2667, 0.3, 0.3333, 0.3667, 0.4, 0.4333, 0.4667, 0.5, 0.5333, 0.5667, 0.6, 0.6333, 0.6667, 0.7, 0.7333, 0.7667, 0.8, 0.8333, 0.8667, 0.9, 0.9333, 0.9667, 1.0, 1.0333, 1.0667, 1.1, 1.1333, 1.1667, 1.2, 1.2333, 1.2667, 1.3, 1.3333, 1.3667, 1.4, 1.4333, 1.4667, 1.5, 1.5333, 1.5667, 1.6, 1.6333, 1.6667, 1.7, 1.7333, 1.7667, 1.8, 1.8333, 1.8667, 1.9, 1.9333, 1.9667, 2.0, 2.0333, 2.0667, 2.1, 2.1333, 2.1667, 2.2, 2.2333, 2.2667, 2.3, 2.3333],
            "transform": [
                [0.588551, -0.353032, -0.727307, -0.125006, -0.728518, -0.621642, -0.28779, -0.002831, -0.350524, 0.699236, -0.623058, -1.2e-05, 0.0, 0.0, 0.0, 1.0],
                [0.488552, -0.357934, -0.795739, -0.125006, -0.767417, -0.610239, -0.196671, -0.002831, -0.415195, 0.706748, -0.572818, -1.2e-05, 0.0, 0.0, 0.0, 1.0],
                [0.388962, -0.371984, -0.842815, -0.125006, -0.781516, -0.617637, -0.088074, -0.002831, -0.487791, 0.692931, -0.530949, -1.2e-05, 0.0, 0.0, 0.0, 1.0],
                [0.364137, -0.409745, -0.83637, -0.125006, -0.756713, -0.653683, -0.009212, -0.002831, -0.542945, 0.636247, -0.548089, -1.2e-05, 0.0, 0.0, 0.0, 1.0],
                [0.380032, -0.516161, -0.767563, -0.125006, -0.670012, -0.725713, 0.156285, -0.002831, -0.637698, 0.454884, -0.621628, -1.2e-05, 0.0, 0.0, 0.0, 1.0],
                [0.407708, -0.524864, -0.74719, -0.125006, -0.586208, -0.777846, 0.22653, -0.002831, -0.700095, 0.345652, -0.624814, -1.2e-05, 0.0, 0.0, 0.0, 1.0],
                [0.446496, -0.537686, -0.715217, -0.125006, -0.497241, -0.813633, 0.301253, -0.002831, -0.743902, 0.221128, -0.630643, -1.2e-05, 0.0, 0.0, 0.0, 1.0],
                [0.48508, -0.562268, -0.66974, -0.125006, -0.402251, -0.823515, 0.400023, -0.002831, -0.77646, 0.075361, -0.625643, -1.2e-05, 0.0, 0.0, 0.0, 1.0],
                [0.53365, -0.57719, -0.618118, -0.125006, -0.296863, -0.81223, 0.502151, -0.002831, -0.79189, -0.084477, -0.604792, -1.2e-05, 0.0, 0.0, 0.0, 1.0],
                [0.613346, -0.559685, -0.557278, -0.125006, -0.178278, -0.785479, 0.592655, -0.002831, -0.76943, -0.264152, -0.58155, -1.2e-05, 0.0, 0.0, 0.0, 1.0],
                [0.728945, -0.492047, -0.475951, -0.125006, -0.052868, -0.73364, 0.677479, -0.002831, -0.682527, -0.468682, -0.560796, -1.2e-05, 0.0, 0.0, 0.0, 1.0],
                [0.912042, -0.314082, -0.26369, -0.125006, 0.019465, -0.609114, 0.792843, -0.002831, -0.409635, -0.728239, -0.549424, -1.2e-05, 0.0, 0.0, 0.0, 1.0],
                [0.992929, -0.108021, 0.049225, -0.125006, -0.096257, -0.489981, 0.866402, -0.002831, -0.069471, -0.865015, -0.496914, -1.2e-05, 0.0, 0.0, 0.0, 1.0],
                [0.948412, -0.009161, 0.316906, -0.125006, -0.285153, -0.461536, 0.840043, -0.002831, 0.138568, -0.887074, -0.440339, -1.2e-05, 0.0, 0.0, 0.0, 1.0],
                [0.929254, 0.049916, 0.366053, -0.125006, -0.303019, -0.463834, 0.832488, -0.002831, 0.211342, -0.884515, -0.415895, -1.2e-05, 0.0, 0.0, 0.0, 1.0],
                [0.92364, 0.080041, 0.37481, -0.125006, -0.299394, -0.459856, 0.835999, -0.002831, 0.239273, -0.884378, -0.400778, -1.2e-05, 0.0, 0.0, 0.0, 1.0],
                [0.918911, 0.098338, 0.382009, -0.125006, -0.296829, -0.465431, 0.833826, -0.002831, 0.259795, -0.879604, -0.398501, -1.2e-05, 0.0, 0.0, 0.0, 1.0],
                [0.907421, 0.124098, 0.40148, -0.125006, -0.295122, -0.491931, 0.819089, -0.002831, 0.299148, -0.861745, -0.409765, -1.2e-05, 0.0, 0.0, 0.0, 1.0],
                [0.893278, 0.150857, 0.423433, -0.125006, -0.291868, -0.521755, 0.801614, -0.002831, 0.341857, -0.839651, -0.422042, -1.2e-05, 0.0, 0.0, 0.0, 1.0],
                [0.882305, 0.169227, 0.439202, -0.125006, -0.286341, -0.5476, 0.78622, -0.002831, 0.373557, -0.819449, -0.434694, -1.2e-05, 0.0, 0.0, 0.0, 1.0],
                [0.883907, 0.1732, 0.434407, -0.125006, -0.271994, -0.565234, 0.7788, -0.002831, 0.38043, -0.806543, -0.452505, -1.2e-05, 0.0, 0.0, 0.0, 1.0],
                [0.89247, 0.165276, 0.419738, -0.125006, -0.260174, -0.57153, 0.778243, -0.002831, 0.368517, -0.803765, -0.467074, -1.2e-05, 0.0, 0.0, 0.0, 1.0],
                [0.906413, 0.148904, 0.395275, -0.125006, -0.248036, -0.569827, 0.783438, -0.002831, 0.341895, -0.808162, -0.479565, -1.2e-05, 0.0, 0.0, 0.0, 1.0],
                [0.922078, 0.127261, 0.365482, -0.125006, -0.235821, -0.564042, 0.791357, -0.002831, 0.306856, -0.815881, -0.49008, -1.2e-05, 0.0, 0.0, 0.0, 1.0],
                [0.93364, 0.109855, 0.34095, -0.125006, -0.223539, -0.565055, 0.794193, -0.002831, 0.279901, -0.817707, -0.503002, -1.2e-05, 0.0, 0.0, 0.0, 1.0],
                [0.938592, 0.104735, 0.328748, -0.125006, -0.213148, -0.573241, 0.791178, -0.002831, 0.271316, -0.812666, -0.515716, -1.2e-05, 0.0, 0.0, 0.0, 1.0],
                [0.940157, 0.105822, 0.323892, -0.125006, -0.205185, -0.583064, 0.786089, -0.002831, 0.272035, -0.805505, -0.526459, -1.2e-05, 0.0, 0.0, 0.0, 1.0],
                [0.941881, 0.101524, 0.320238, -0.125006, -0.199707, -0.597318, 0.776742, -0.002831, 0.270142, -0.795553, -0.542328, -1.2e-05, 0.0, 0.0, 0.0, 1.0],
                [0.947607, 0.083601, 0.308304, -0.125006, -0.191756, -0.623032, 0.758327, -0.002831, 0.255481, -0.777716, -0.574359, -1.2e-05, 0.0, 0.0, 0.0, 1.0],
                [0.956188, 0.051991, 0.288099, -0.125006, -0.184025, -0.658617, 0.72963, -0.002831, 0.227681, -0.750681, -0.620194, -1.2e-05, 0.0, 0.0, 0.0, 1.0],
                [0.965231, 0.013904, 0.261026, -0.125006, -0.17722, -0.699234, 0.692579, -0.002831, 0.192148, -0.714758, -0.672458, -1.2e-05, 0.0, 0.0, 0.0, 1.0],
                [0.973274, -0.024081, 0.228377, -0.125006, -0.170638, -0.741374, 0.649036, -0.002831, 0.153683, -0.670661, -0.72567, -1.2e-05, 0.0, 0.0, 0.0, 1.0],
                [0.979811, -0.062713, 0.189829, -0.125006, -0.166111, -0.783737, 0.598468, -0.002831, 0.111244, -0.61792, -0.778332, -1.2e-05, 0.0, 0.0, 0.0, 1.0],
                [0.984088, -0.09715, 0.148766, -0.125006, -0.163573, -0.822284, 0.545063, -0.002831, 0.069375, -0.560725, -0.825091, -1.2e-05, 0.0, 0.0, 0.0, 1.0],
                [0.986442, -0.126034, 0.105104, -0.125006, -0.161571, -0.858037, 0.487512, -0.002831, 0.02874, -0.497885, -0.866767, -1.2e-05, 0.0, 0.0, 0.0, 1.0],
                [0.986684, -0.14944, 0.064207, -0.125006, -0.162449, -0.885867, 0.434569, -0.002831, -0.008063, -0.439213, -0.898347, -1.2e-05, 0.0, 0.0, 0.0, 1.0],
                [0.985714, -0.166178, 0.027399, -0.125006, -0.163754, -0.90761, 0.386562, -0.002831, -0.039371, -0.385527, -0.921856, -1.2e-05, 0.0, 0.0, 0.0, 1.0],
                [0.983791, -0.179311, -0.000707, -0.125006, -0.167702, -0.92148, 0.350361, -0.002831, -0.063475, -0.344564, -0.936615, -1.2e-05, 0.0, 0.0, 0.0, 1.0],
                [0.9812, -0.19174, -0.021932, -0.125006, -0.174227, -0.92895, 0.326646, -0.002831, -0.083005, -0.316684, -0.944892, -1.2e-05, 0.0, 0.0, 0.0, 1.0],
                [0.978375, -0.203826, -0.035165, -0.125006, -0.182733, -0.931427, 0.314727, -0.002831, -0.096903, -0.301495, -0.94853, -1.2e-05, 0.0, 0.0, 0.0, 1.0],
                [0.975222, -0.216844, -0.043818, -0.125006, -0.192495, -0.929372, 0.314984, -0.002831, -0.109025, -0.298744, -0.948085, -1.2e-05, 0.0, 0.0, 0.0, 1.0],
                [0.972401, -0.228266, -0.048269, -0.125006, -0.201529, -0.926007, 0.319213, -0.002831, -0.117563, -0.300676, -0.946453, -1.2e-05, 0.0, 0.0, 0.0, 1.0],
                [0.97004, -0.23727, -0.052195, -0.125006, -0.208345, -0.922974, 0.323592, -0.002831, -0.124953, -0.303022, -0.944756, -1.2e-05, 0.0, 0.0, 0.0, 1.0],
                [0.9685, -0.242315, -0.057366, -0.125006, -0.211553, -0.922195, 0.323733, -0.002831, -0.131348, -0.3014, -0.944408, -1.2e-05, 0.0, 0.0, 0.0, 1.0],
                [0.967282, -0.245629, -0.063488, -0.125006, -0.213291, -0.922843, 0.320731, -0.002831, -0.13737, -0.296696, -0.94504, -1.2e-05, 0.0, 0.0, 0.0, 1.0],
                [0.967039, -0.245481, -0.067638, -0.125006, -0.211976, -0.923301, 0.320283, -0.002831, -0.141074, -0.295388, -0.944904, -1.2e-05, 0.0, 0.0, 0.0, 1.0],
                [0.967037, -0.24393, -0.07305, -0.125006, -0.208799, -0.923842, 0.32081, -0.002831, -0.145742, -0.294982, -0.944322, -1.2e-05, 0.0, 0.0, 0.0, 1.0],
                [0.967659, -0.241061, -0.074335, -0.125006, -0.205535, -0.924261, 0.32171, -0.002831, -0.146256, -0.296027, -0.943916, -1.2e-05, 0.0, 0.0, 0.0, 1.0],
                [0.96819, -0.237321, -0.079284, -0.125006, -0.200199, -0.924817, 0.323473, -0.002831, -0.15009, -0.297311, -0.94291, -1.2e-05, 0.0, 0.0, 0.0, 1.0],
                [0.969205, -0.233028, -0.07961, -0.125006, -0.195702, -0.925119, 0.325357, -0.002831, -0.149466, -0.299758, -0.942234, -1.2e-05, 0.0, 0.0, 0.0, 1.0],
                [0.970203, -0.228717, -0.079958, -0.125006, -0.191189, -0.925408, 0.327211, -0.002831, -0.148833, -0.302174, -0.941562, -1.2e-05, 0.0, 0.0, 0.0, 1.0],
                [0.971183, -0.224389, -0.080328, -0.125006, -0.186662, -0.925685, 0.329035, -0.002831, -0.14819, -0.304559, -0.940895, -1.2e-05, 0.0, 0.0, 0.0, 1.0],
                [0.972365, -0.220376, -0.077072, -0.125006, -0.184156, -0.926912, 0.326987, -0.002831, -0.143499, -0.303757, -0.941881, -1.2e-05, 0.0, 0.0, 0.0, 1.0],
                [0.973517, -0.216369, -0.073808, -0.125006, -0.181646, -0.92813, 0.324931, -0.002831, -0.138809, -0.302919, -0.942853, -1.2e-05, 0.0, 0.0, 0.0, 1.0],
                [0.97492, -0.212099, -0.067406, -0.125006, -0.180225, -0.930115, 0.320009, -0.002831, -0.130569, -0.299835, -0.945013, -1.2e-05, 0.0, 0.0, 0.0, 1.0],
                [0.976474, -0.207541, -0.058513, -0.125006, -0.179164, -0.931889, 0.315412, -0.002831, -0.119988, -0.297508, -0.947149, -1.2e-05, 0.0, 0.0, 0.0, 1.0],
                [0.977913, -0.203042, -0.049587, -0.125006, -0.178091, -0.933645, 0.310791, -0.002831, -0.1094, -0.295096, -0.949184, -1.2e-05, 0.0, 0.0, 0.0, 1.0],
                [0.979237, -0.198602, -0.040629, -0.125006, -0.177005, -0.935384, 0.306147, -0.002831, -0.098805, -0.292599, -0.951117, -1.2e-05, 0.0, 0.0, 0.0, 1.0],
                [0.980446, -0.194224, -0.031644, -0.125006, -0.175907, -0.937106, 0.301481, -0.002831, -0.088208, -0.29002, -0.952947, -1.2e-05, 0.0, 0.0, 0.0, 1.0],
                [0.981541, -0.189907, -0.02263, -0.125006, -0.174796, -0.938809, 0.296792, -0.002831, -0.077608, -0.287357, -0.954674, -1.2e-05, 0.0, 0.0, 0.0, 1.0],
                [0.982401, -0.186242, -0.014157, -0.125006, -0.174025, -0.940218, 0.292758, -0.002831, -0.067834, -0.285142, -0.956082, -1.2e-05, 0.0, 0.0, 0.0, 1.0],
                [0.983167, -0.182617, -0.005664, -0.125006, -0.173235, -0.941613, 0.288713, -0.002831, -0.058058, -0.282872, -0.957399, -1.2e-05, 0.0, 0.0, 0.0, 1.0],
                [0.983549, -0.180623, 0.001886, -0.125006, -0.173551, -0.942047, 0.287106, -0.002831, -0.050081, -0.282711, -0.957897, -1.2e-05, 0.0, 0.0, 0.0, 1.0],
                [0.983805, -0.179154, 0.005505, -0.125006, -0.173248, -0.942606, 0.285447, -0.002831, -0.04595, -0.281778, -0.958379, -1.2e-05, 0.0, 0.0, 0.0, 1.0],
                [0.984047, -0.177601, 0.01038, -0.125006, -0.173146, -0.942703, 0.285188, -0.002831, -0.040864, -0.282436, -0.958415, -1.2e-05, 0.0, 0.0, 0.0, 1.0],
                [0.984265, -0.176037, 0.015253, -0.125006, -0.173035, -0.942797, 0.284944, -0.002831, -0.03578, -0.283099, -0.958423, -1.2e-05, 0.0, 0.0, 0.0, 1.0],
                [0.984458, -0.174462, 0.020124, -0.125006, -0.172915, -0.942888, 0.284715, -0.002831, -0.030697, -0.28377, -0.958401, -1.2e-05, 0.0, 0.0, 0.0, 1.0],
                [0.984626, -0.172877, 0.024993, -0.125006, -0.172785, -0.942976, 0.284501, -0.002831, -0.025615, -0.284446, -0.95835, -1.2e-05, 0.0, 0.0, 0.0, 1.0],
                [0.98474, -0.17121, 0.031205, -0.125006, -0.172971, -0.943131, 0.283875, -0.002831, -0.019172, -0.284941, -0.958353, -1.2e-05, 0.0, 0.0, 0.0, 1.0],
                [0.984814, -0.169529, 0.037415, -0.125006, -0.173141, -0.943283, 0.283265, -0.002831, -0.012728, -0.285442, -0.958311, -1.2e-05, 0.0, 0.0, 0.0, 1.0],
                [0.984651, -0.169279, 0.042488, -0.125006, -0.174372, -0.943829, 0.280682, -0.002831, -0.007412, -0.283783, -0.95886, -1.2e-05, 0.0, 0.0, 0.0, 1.0]
            ]
        },
        {
            "name": "Leg_L",
            "time": [0.0, 0.0333, 0.0667, 0.1, 0.1333, 0.1667, 0.2, 0.2333, 0.2667, 0.3, 0.3333, 0.3667, 0.4, 0.4333, 0.4667, 0.5, 0.5333, 0.5667, 0.6, 0.6333, 0.6667, 0.7, 0.7333, 0.7667, 0.8, 0.8333, 0.8667, 0.9, 0.9333, 0.9667, 1.0, 1.0333, 1.0667, 1.1, 1.1333, 1.1667, 1.2, 1.2333, 1.2667, 1.3, 1.3333, 1.3667, 1.4, 1.4333, 1.4667, 1.5, 1.5333, 1.5667, 1.6, 1.6333, 1.6667, 1.7, 1.7333, 1.7667, 1.8, 1.8333, 1.8667, 1.9, 1.9333, 1.9667, 2.0, 2.0333, 2.0667, 2.1, 2.1333, 2.1667, 2.2, 2.2333, 2.2667, 2.3, 2.3333],
            "transform": [
                [0.999998, -0.001639, 0.001066, 0.0, 0.001064, 0.913511, 0.406814, 0.37472, -0.001641, -0.406812, 0.91351, -0.0, 0.0, 0.0, 0.0, 1.0],
                [0.999998, -0.001599, 0.001125, 0.0, 0.001123, 0.940813, 0.338926, 0.37472, -0.0016, -0.338924, 0.940812, 0.0, 0.0, 0.0, 0.0, 1.0],
                [0.999998, -0.001589, 0.00114, 0.0, 0.001137, 0.946831, 0.321729, 0.37472, -0.00159, -0.321727, 0.946831, 0.0, 0.0, 0.0, 0.0, 1.0],
                [0.999998, -0.00165, 0.001049, 0.0, 0.001047, 0.904977, 0.425459, 0.37472, -0.001651, -0.425458, 0.904977, 0.0, 0.0, 0.0, 0.0, 1.0],
                [0.999998, -0.001776, 0.000818, -0.0, 0.000816, 0.759434, 0.650585, 0.37472, -0.001777, -0.650583, 0.759433, 0.0, 0.0, 0.0, 0.0, 1.0],
                [0.999998, -0.001802, 0.000758, -0.0, 0.000757, 0.714371, 0.699767, 0.37472, -0.001803, -0.699765, 0.714371, 0.0, 0.0, 0.0, 0.0, 1.0],
                [0.999998, -0.001836, 0.000673, -0.0, 0.000671, 0.645371, 0.763869, 0.37472, -0.001836, -0.763868, 0.64537, -0.0, 0.0, 0.0, 0.0, 1.0],
                [0.999998, -0.001882, 0.000531, 0.0, 0.00053, 0.522163, 0.852845, 0.37472, -0.001882, -0.852844, 0.522162, -0.0, 0.0, 0.0, 0.0, 1.0],
                [0.999998, -0.001919, 0.000377, 0.0, 0.000376, 0.37754, 0.925993, 0.37472, -0.001919, -0.925992, 0.37754, 0.0, 0.0, 0.0, 0.0, 1.0],
