{
    "animation": [
        {
            "name": "Root",
            "time": [0.0, 0.0667, 0.1333, 0.2333, 0.3, 0.3333, 0.3667, 0.4333, 0.4667, 0.6667, 0.7333, 0.8333, 0.9333, 1.0667, 1.1667, 1.3333, 1.6667, 2.1667],
            "transform": [
                [1.0, 0.0, 0.0, -5e-06, 0.0, 0.0, -1.0, 0.000946, 0.0, 1.0, 0.0, 0.403063, 0.0, 0.0, 0.0, 1.0],
                [1.0, 0.0, 0.0, -5e-06, 0.0, 0.0, -1.0, 0.016683, 0.0, 1.0, 0.0, 0.472709, 0.0, 0.0, 0.0, 1.0],
                [1.0, 0.0, 0.0, -5e-06, 0.0, 0.0, -1.0, 0.093077, 0.0, 1.0, 0.0, 0.527416, 0.0, 0.0, 0.0, 1.0],
                [1.0, 0.0, 0.0, -5e-06, 0.0, 0.0, -1.0, 0.183614, 0.0, 1.0, 0.0, 0.570971, 0.0, 0.0, 0.0, 1.0],
                [1.0, 0.0, 0.0, -5e-06, 0.0, 0.0, -1.0, 0.236648, 0.0, 1.0, 0.0, 0.576172, 0.0, 0.0, 0.0, 1.0],
                [1.0, 0.0, 0.0, -5e-06, 0.0, 0.0, -1.0, 0.31729, 0.0, 1.0, 0.0, 0.576892, 0.0, 0.0, 0.0, 1.0],
                [1.0, 0.0, 0.0, -5e-06, 0.0, 0.0, -1.0, 0.504925, 0.0, 1.0, 0.0, 0.577196, 0.0, 0.0, 0.0, 1.0],
                [1.0, 0.0, 0.0, -5e-06, 0.0, 0.0, -1.0, 0.748923, 0.0, 1.0, 0.0, 0.485705, 0.0, 0.0, 0.0, 1.0],
                [1.0, 0.0, 0.0, -5e-06, 0.0, 0.0, -1.0, 0.994908, 0.0, 1.0, 0.0, 0.379571, 0.0, 0.0, 0.0, 1.0],
                [1.0, 0.0, 0.0, -5e-06, 0.0, 0.0, -1.0, 1.018884, 0.0, 1.0, 0.0, 0.39919, 0.0, 0.0, 0.0, 1.0],
                [1.0, 0.0, 0.0, -5e-06, 0.0, 0.0, -1.0, 0.990614, 0.0, 1.0, 0.0, 0.410847, 0.0, 0.0, 0.0, 1.0],
                [1.0, 0.0, 0.0, -5e-06, 0.0, 0.0, -1.0, 0.995902, 0.0, 1.0, 0.0, 0.430763, 0.0, 0.0, 0.0, 1.0],
                [1.0, 0.0, 0.0, -5e-06, 0.0, 0.0, -1.0, 0.981286, 0.0, 1.0, 0.0, 0.453064, 0.0, 0.0, 0.0, 1.0],
                [1.0, 0.0, 0.0, -5e-06, 0.0, 0.0, -1.0, 1.054794, 0.0, 1.0, 0.0, 0.528854, 0.0, 0.0, 0.0, 1.0],
                [1.0, 0.0, 0.0, -5e-06, 0.0, 0.0, -1.0, 1.156382, 0.0, 1.0, 0.0, 0.564746, 0.0, 0.0, 0.0, 1.0],
                [1.0, 0.0, 0.0, -5e-06, 0.0, 0.0, -1.0, 1.246444, 0.0, 1.0, 0.0, 0.618341, 0.0, 0.0, 0.0, 1.0],
                [1.0, 0.0, 0.0, -5e-06, 0.0, 0.0, -1.0, 1.353635, 0.0, 1.0, 0.0, 0.669651, 0.0, 0.0, 0.0, 1.0],
                [1.0, 0.0, 0.0, -5e-06, 0.0, 0.0, -1.0, 1.379672, 0.0, 1.0, 0.0, 0.689954, 0.0, 0.0, 0.0, 1.0]
            ]
        },
        {
            "name": "Thigh_R",
            "time": [0.0, 0.0333, 0.0667, 0.1, 0.1333, 0.1667, 0.2, 0.2333, 0.2667, 0.3, 0.3333, 0.3667, 0.4, 0.4333, 0.4667, 0.5, 0.5333, 0.5667, 0.6, 0.6333, 0.6667, 0.7, 0.7333, 0.7667, 0.8, 0.8333, 0.8667, 0.9, 0.9333, 0.9667, 1.0, 1.0333, 1.0667, 1.1, 1.1333, 1.1667, 1.2, 1.2333, 1.2667, 1.3, 1.3333, 1.3667, 1.4, 1.4333, 1.4667, 1.5, 1.5333, 1.5667, 1.6, 1.6333, 1.6667, 1.7, 1.7333, 1.7667, 1.8, 1.8333, 1.8667, 1.9, 1.9333, 1.9667, 2.0, 2.0333, 2.0667, 2.1, 2.1333, 2.1667],
            "transform": [
                [0.524628, 0.521331, 0.673038, 0.124994, 0.661311, -0.747422, 0.063463, -0.002831, 0.536129, 0.411793, -0.73688, -1.2e-05, 0.0, 0.0, 0.0, 1.0],
                [0.466876, 0.505091, 0.725886, 0.124994, 0.660586, -0.744911, 0.093455, -0.002831, 0.587924, 0.435878, -0.681437, -1.2e-05, 0.0, 0.0, 0.0, 1.0],
                [0.396679, 0.45012, 0.800024, 0.124994, 0.65249, -0.75128, 0.09917, -0.002831, 0.645681, 0.482669, -0.591716, -1.2e-05, 0.0, 0.0, 0.0, 1.0],
                [0.326443, 0.33769, 0.882837, 0.124994, 0.649608, -0.758624, 0.049976, -0.002831, 0.686618, 0.557184, -0.467014, -1.2e-05, 0.0, 0.0, 0.0, 1.0],
                [0.276277, 0.162273, 0.94728, 0.124994, 0.657102, -0.751167, -0.062968, -0.002831, 0.701347, 0.639856, -0.31416, -1.2e-05, 0.0, 0.0, 0.0, 1.0],
                [0.281749, 0.188053, 0.940879, 0.124994, 0.660224, -0.749539, -0.047896, -0.002831, 0.696219, 0.634686, -0.335339, -1.2e-05, 0.0, 0.0, 0.0, 1.0],
                [0.355889, 0.197791, 0.913358, 0.124994, 0.663, -0.742229, -0.097604, -0.002831, 0.658616, 0.640292, -0.395286, -1.2e-05, 0.0, 0.0, 0.0, 1.0],
                [0.463193, 0.214188, 0.859986, 0.124994, 0.66015, -0.73081, -0.173545, -0.002831, 0.591316, 0.648104, -0.479902, -1.2e-05, 0.0, 0.0, 0.0, 1.0],
                [0.582917, 0.330202, 0.742411, 0.124994, 0.625214, -0.76585, -0.150269, -0.002831, 0.518957, 0.55176, -0.652874, -1.2e-05, 0.0, 0.0, 0.0, 1.0],
                [0.698003, 0.40243, 0.592319, 0.124994, 0.58619, -0.796198, -0.149832, -0.002831, 0.411306, 0.451795, -0.791649, -1.2e-05, 0.0, 0.0, 0.0, 1.0],
                [0.808907, 0.429556, 0.401436, 0.124994, 0.515147, -0.846906, -0.131808, -0.002831, 0.28336, 0.313419, -0.906353, -1.2e-05, 0.0, 0.0, 0.0, 1.0],
                [0.956582, 0.290505, -0.023618, 0.124994, 0.25134, -0.781154, 0.571512, -0.002831, 0.147577, -0.552634, -0.820254, -1.2e-05, 0.0, 0.0, 0.0, 1.0],
                [0.985635, 0.089499, -0.143224, 0.124994, 0.168872, -0.510367, 0.843212, -0.002831, 0.00237, -0.855286, -0.51815, -1.2e-05, 0.0, 0.0, 0.0, 1.0],
                [0.969252, -0.039314, -0.242908, 0.124994, 0.196064, -0.473111, 0.858909, -0.002831, -0.14869, -0.880125, -0.450856, -1.2e-05, 0.0, 0.0, 0.0, 1.0],
                [0.964679, -0.104025, -0.242021, 0.124994, 0.190901, -0.357033, 0.914376, -0.002831, -0.181528, -0.928281, -0.324564, -1.2e-05, 0.0, 0.0, 0.0, 1.0],
                [0.970003, -0.122264, -0.210109, 0.124994, 0.13752, -0.436734, 0.889017, -0.002831, -0.200456, -0.891243, -0.40682, -1.2e-05, 0.0, 0.0, 0.0, 1.0],
                [0.978288, -0.118919, -0.169739, 0.124994, 0.086937, -0.507997, 0.85696, -0.002831, -0.188136, -0.85311, -0.486629, -1.2e-05, 0.0, 0.0, 0.0, 1.0],
                [0.980121, -0.120413, -0.157678, 0.124994, 0.072046, -0.524487, 0.848365, -0.002831, -0.184855, -0.842861, -0.505386, -1.2e-05, 0.0, 0.0, 0.0, 1.0],
                [0.979126, -0.12667, -0.158953, 0.124994, 0.070842, -0.520328, 0.851023, -0.002831, -0.190507, -0.844519, -0.500494, -1.2e-05, 0.0, 0.0, 0.0, 1.0],
                [0.980899, -0.1196, -0.153405, 0.124994, 0.069072, -0.52309, 0.849473, -0.002831, -0.181842, -0.843843, -0.504838, -1.2e-05, 0.0, 0.0, 0.0, 1.0],
                [0.98272, -0.112609, -0.146903, 0.124994, 0.066856, -0.524131, 0.849009, -0.002831, -0.172602, -0.84416, -0.507546, -1.2e-05, 0.0, 0.0, 0.0, 1.0],
                [0.984668, -0.105565, -0.13887, 0.124994, 0.063562, -0.524239, 0.849195, -0.002831, -0.162446, -0.845002, -0.509492, -1.2e-05, 0.0, 0.0, 0.0, 1.0],
                [0.986607, -0.098948, -0.129678, 0.124994, 0.059045, -0.52445, 0.849391, -0.002831, -0.152056, -0.845672, -0.511583, -1.2e-05, 0.0, 0.0, 0.0, 1.0],
                [0.987904, -0.097625, -0.120482, 0.124994, 0.051507, -0.526268, 0.848757, -0.002831, -0.146265, -0.844696, -0.514874, -1.2e-05, 0.0, 0.0, 0.0, 1.0],
                [0.987791, -0.1041, -0.115894, 0.124994, 0.04332, -0.531051, 0.846231, -0.002831, -0.149639, -0.84092, -0.520059, -1.2e-05, 0.0, 0.0, 0.0, 1.0],
                [0.987638, -0.110979, -0.1107, 0.124994, 0.03377, -0.53899, 0.841635, -0.002831, -0.153071, -0.834969, -0.52858, -1.2e-05, 0.0, 0.0, 0.0, 1.0],
                [0.988183, -0.11148, -0.105199, 0.124994, 0.02643, -0.552121, 0.833345, -0.002831, -0.150984, -0.826278, -0.54265, -1.2e-05, 0.0, 0.0, 0.0, 1.0],
                [0.990197, -0.103149, -0.094178, 0.124994, 0.017642, -0.576503, 0.816904, -0.002831, -0.138557, -0.810558, -0.569032, -1.2e-05, 0.0, 0.0, 0.0, 1.0],
                [0.992792, -0.090133, -0.078995, 0.124994, 0.007007, -0.614337, 0.789012, -0.002831, -0.119645, -0.783878, -0.609278, -1.2e-05, 0.0, 0.0, 0.0, 1.0],
                [0.99504, -0.074747, -0.065642, 0.124994, 2e-05, -0.659712, 0.751518, -0.002831, -0.099478, -0.747792, -0.656439, -1.2e-05, 0.0, 0.0, 0.0, 1.0],
                [0.99653, -0.060178, -0.057494, 0.124994, -0.001963, -0.707603, 0.706607, -0.002831, -0.083205, -0.704043, -0.705267, -1.2e-05, 0.0, 0.0, 0.0, 1.0],
                [0.99714, -0.0484, -0.058037, 0.124994, 0.001014, -0.759349, 0.650683, -0.002831, -0.075564, -0.648881, -0.757128, -1.2e-05, 0.0, 0.0, 0.0, 1.0],
                [0.997394, -0.035419, -0.062864, 0.124994, 0.007682, -0.814163, 0.580586, -0.002831, -0.071745, -0.579555, -0.811769, -1.2e-05, 0.0, 0.0, 0.0, 1.0],
                [0.99747, -0.020418, -0.068093, 0.124994, 0.016679, -0.863915, 0.503361, -0.002831, -0.069105, -0.503223, -0.861389, -1.2e-05, 0.0, 0.0, 0.0, 1.0],
                [0.997668, -0.005517, -0.068026, 0.124994, 0.024066, -0.904269, 0.426285, -0.002831, -0.063865, -0.426928, -0.902027, -1.2e-05, 0.0, 0.0, 0.0, 1.0],
                [0.99823, 0.012257, -0.058197, 0.124994, 0.032524, -0.931759, 0.361619, -0.002831, -0.049794, -0.362871, -0.930508, -1.2e-05, 0.0, 0.0, 0.0, 1.0],
                [0.998647, 0.031329, -0.041498, 0.124994, 0.042574, -0.950861, 0.306678, -0.002831, -0.029851, -0.308029, -0.950908, -1.2e-05, 0.0, 0.0, 0.0, 1.0],
                [0.99856, 0.051243, -0.015869, 0.124994, 0.053587, -0.966484, 0.251072, -0.002831, -0.002471, -0.25156, -0.967838, -1.2e-05, 0.0, 0.0, 0.0, 1.0],
                [0.997514, 0.069964, 0.008448, 0.124994, 0.066966, -0.978394, 0.195601, -0.002831, 0.021951, -0.194549, -0.980647, -1.2e-05, 0.0, 0.0, 0.0, 1.0],
                [0.9955, 0.086839, 0.037939, 0.124994, 0.080715, -0.986758, 0.140689, -0.002831, 0.049654, -0.136994, -0.989327, -1.2e-05, 0.0, 0.0, 0.0, 1.0],
                [0.992672, 0.099918, 0.067956, 0.124994, 0.093938, -0.991844, 0.086146, -0.002831, 0.076009, -0.079131, -0.993962, -1.2e-05, 0.0, 0.0, 0.0, 1.0],
                [0.988545, 0.109599, 0.103765, 0.124994, 0.106558, -0.993711, 0.034424, -0.002831, 0.106885, -0.022972, -0.994006, -1.2e-05, 0.0, 0.0, 0.0, 1.0],
                [0.983818, 0.114435, 0.137871, 0.124994, 0.117824, -0.992894, -0.016643, -0.002831, 0.134987, 0.032619, -0.99031, -1.2e-05, 0.0, 0.0, 0.0, 1.0],
                [0.97761, 0.116925, 0.174949, 0.124994, 0.12938, -0.989684, -0.061526, -0.002831, 0.16595, 0.082784, -0.982653, -1.2e-05, 0.0, 0.0, 0.0, 1.0],
                [0.971053, 0.113686, 0.210076, 0.124994, 0.136533, -0.985814, -0.097616, -0.002831, 0.195998, 0.123473, -0.9728, -1.2e-05, 0.0, 0.0, 0.0, 1.0],
                [0.959721, 0.1325, 0.247749, 0.124994, 0.152744, -0.986173, -0.064272, -0.002831, 0.235807, 0.099526, -0.96669, -1.2e-05, 0.0, 0.0, 0.0, 1.0],
                [0.942484, 0.164568, 0.290933, 0.124994, 0.169387, -0.985511, 0.008732, -0.002831, 0.288154, 0.041051, -0.956704, -1.2e-05, 0.0, 0.0, 0.0, 1.0],
                [0.920645, 0.205825, 0.331738, 0.124994, 0.183791, -0.978182, 0.09685, -0.002831, 0.344434, -0.028193, -0.938387, -1.2e-05, 0.0, 0.0, 0.0, 1.0],
                [0.899695, 0.250064, 0.357795, 0.124994, 0.191201, -0.962594, 0.191976, -0.002831, 0.392417, -0.104308, -0.913853, -1.2e-05, 0.0, 0.0, 0.0, 1.0],
                [0.884208, 0.282541, 0.37195, 0.124994, 0.195755, -0.947153, 0.254127, -0.002831, 0.424095, -0.151889, -0.892789, -1.2e-05, 0.0, 0.0, 0.0, 1.0],
                [0.880242, 0.294219, 0.372303, 0.124994, 0.203592, -0.942859, 0.263756, -0.002831, 0.428631, -0.15637, -0.889845, -1.2e-05, 0.0, 0.0, 0.0, 1.0],
                [0.885373, 0.291918, 0.361798, 0.124994, 0.213551, -0.946677, 0.24124, -0.002831, 0.412929, -0.136325, -0.900503, -1.2e-05, 0.0, 0.0, 0.0, 1.0],
                [0.893356, 0.287106, 0.345667, 0.124994, 0.224226, -0.951469, 0.21078, -0.002831, 0.389408, -0.110794, -0.914378, -1.2e-05, 0.0, 0.0, 0.0, 1.0],
                [0.898503, 0.283422, 0.335208, 0.124994, 0.232574, -0.955002, 0.184066, -0.002831, 0.372293, -0.087423, -0.923989, -1.2e-05, 0.0, 0.0, 0.0, 1.0],
                [0.894544, 0.282718, 0.346211, 0.124994, 0.231398, -0.955596, 0.182458, -0.002831, 0.382422, -0.083103, -0.920243, -1.2e-05, 0.0, 0.0, 0.0, 1.0],
                [0.889932, 0.282682, 0.357927, 0.124994, 0.231714, -0.956167, 0.179036, -0.002831, 0.392848, -0.076393, -0.916425, -1.2e-05, 0.0, 0.0, 0.0, 1.0],
                [0.885805, 0.28136, 0.369034, 0.124994, 0.231097, -0.957066, 0.174983, -0.002831, 0.402423, -0.069717, -0.912795, -1.2e-05, 0.0, 0.0, 0.0, 1.0],
                [0.881598, 0.279823, 0.38011, 0.124994, 0.230365, -0.957974, 0.170935, -0.002831, 0.411967, -0.063131, -0.909009, -1.2e-05, 0.0, 0.0, 0.0, 1.0],
                [0.877314, 0.278072, 0.391148, 0.124994, 0.229519, -0.958888, 0.166894, -0.002831, 0.421476, -0.056642, -0.905069, -1.2e-05, 0.0, 0.0, 0.0, 1.0],
                [0.873595, 0.276384, 0.400554, 0.124994, 0.228894, -0.959708, 0.162992, -0.002831, 0.429464, -0.050704, -0.901659, -1.2e-05, 0.0, 0.0, 0.0, 1.0],
                [0.870558, 0.27356, 0.409015, 0.124994, 0.228308, -0.96089, 0.156733, -0.002831, 0.435894, -0.043063, -0.898967, -1.2e-05, 0.0, 0.0, 0.0, 1.0],
                [0.867783, 0.27141, 0.416281, 0.124994, 0.228705, -0.961818, 0.150334, -0.002831, 0.441189, -0.035251, -0.896722, -1.2e-05, 0.0, 0.0, 0.0, 1.0],
                [0.864951, 0.269188, 0.423553, 0.124994, 0.229106, -0.962695, 0.143974, -0.002831, 0.446508, -0.027491, -0.894357, -1.2e-05, 0.0, 0.0, 0.0, 1.0],
                [0.862067, 0.266896, 0.430823, 0.124994, 0.229513, -0.963521, 0.137656, -0.002831, 0.451847, -0.019789, -0.891876, -1.2e-05, 0.0, 0.0, 0.0, 1.0],
                [0.859133, 0.265459, 0.437519, 0.124994, 0.230017, -0.964023, 0.133237, -0.002831, 0.457147, -0.013831, -0.889284, -1.2e-05, 0.0, 0.0, 0.0, 1.0],
                [0.855168, 0.268593, 0.443336, 0.124994, 0.234657, -0.96322, 0.130925, -0.002831, 0.462196, -0.007931, -0.886742, -1.2e-05, 0.0, 0.0, 0.0, 1.0]
            ]
        },
        {
            "name": "Leg_R",
            "time": [0.0, 0.0333, 0.0667, 0.1, 0.1333, 0.1667, 0.2, 0.2333, 0.2667, 0.3, 0.3333, 0.3667, 0.4, 0.4333, 0.4667, 0.5, 0.5333, 0.5667, 0.6, 0.6333, 0.6667, 0.7, 0.7333, 0.7667, 0.8, 0.8333, 0.8667, 0.9, 0.9333, 0.9667, 1.0, 1.0333, 1.0667, 1.1, 1.1333, 1.1667, 1.2, 1.2333, 1.2667, 1.3, 1.3333, 1.3667, 1.4, 1.4333, 1.4667, 1.5, 1.5333, 1.5667, 1.6, 1.6333, 1.6667, 1.7, 1.7333, 1.7667, 1.8, 1.8333, 1.8667, 1.9, 1.9333, 1.9667, 2.0, 2.0333, 2.0667, 2.1, 2.1333, 2.1667],
            "transform": [
                [0.999998, 0.00189, -0.000491, 0.0, -0.000492, 0.487098, 0.873347, 0.37472, 0.00189, -0.873345, 0.487098, -0.0, 0.0, 0.0, 0.0, 1.0],
                [0.999998, 0.001853, -0.000617, -0.0, -0.000619, 0.600391, 0.799706, 0.37472, 0.001853, -0.799704, 0.600391, -0.0, 0.0, 0.0, 0.0, 1.0],
                [0.999998, 0.001783, -0.000797, 0.0, -0.000798, 0.745336, 0.666689, 0.37472, 0.001783, -0.666687, 0.745336, -0.0, 0.0, 0.0, 0.0, 1.0],
                [0.999998, 0.001645, -0.001054, 0.0, -0.001055, 0.908852, 0.417117, 0.37472, 0.001644, -0.417115, 0.908852, 0.0, 0.0, 0.0, 0.0, 1.0],
                [0.999998, 0.001391, -0.001371, -0.0, -0.001373, 0.999914, 0.013127, 0.37472, 0.001389, -0.013125, 0.999913, -0.0, 0.0, 0.0, 0.0, 1.0],
                [0.999998, 0.001391, -0.001371, -0.0, -0.001373, 0.999913, 0.013127, 0.37472, 0.001389, -0.013125, 0.999913, 0.0, 0.0, 0.0, 0.0, 1.0],
                [0.999998, 0.001391, -0.001371, -0.0, -0.001373, 0.999913, 0.013127, 0.37472, 0.001389, -0.013125, 0.999913, -0.0, 0.0, 0.0, 0.0, 1.0],
                [0.999998, 0.001391, -0.001371, -0.0, -0.001373, 0.999913, 0.013127, 0.37472, 0.001389, -0.013125, 0.999913, 0.0, 0.0, 0.0, 0.0, 1.0],
                [0.999998, 0.001562, -0.001173, 0.0, -0.001175, 0.960661, 0.277723, 0.37472, 0.00156, -0.277721, 0.96066, -0.0, 0.0, 0.0, 0.0, 1.0],
                [0.999998, 0.0017, -0.000962, 0.0, -0.000964, 0.857766, 0.514039, 0.37472, 0.001699, -0.514037, 0.857766, 0.0, 0.0, 0.0, 0.0, 1.0],
                [0.999998, 0.001809, -0.000737, -0.0, -0.000739, 0.699564, 0.71457, 0.37472, 0.001808, -0.714569, 0.699563, 0.0, 0.0, 0.0, 0.0, 1.0],
                [0.999998, 0.001952, -6.9e-05, -0.0, -7e-05, 0.070991, 0.997477, 0.37472, 0.001951, -0.997475, 0.070991, -0.0, 0.0, 0.0, 0.0, 1.0],
                [0.999999, 0.001927, -0.000313, 0.0, -0.000314, 0.316771, 0.948502, 0.37472, 0.001927, -0.9485, 0.316771, 0.0, 0.0, 0.0, 0.0, 1.0],
                [0.999998, 0.001949, -0.000122, -0.0, -0.000122, 0.124808, 0.992181, 0.37472, 0.001949, -0.992179, 0.124808, -0.0, 0.0, 0.0, 0.0, 1.0],
                [0.999998, 0.001908, 0.000414, 0.0, 0.000413, -0.413991, 0.910281, 0.37472, 0.001908, -0.910278, -0.413992, -0.0, 0.0, 0.0, 0.0, 1.0],
                [0.999998, 0.001878, 0.000535, 0.0, 0.000535, -0.52688, 0.84994, 0.37472, 0.001878, -0.849938, -0.52688, -0.0, 0.0, 0.0, 0.0, 1.0],
                [0.999998, 0.00188, 0.000528, 0.0, 0.000528, -0.520812, 0.853672, 0.37472, 0.00188, -0.853669, -0.520812, 0.0, 0.0, 0.0, 0.0, 1.0],
                [0.999998, 0.001879, 0.000532, 0.0, 0.000532, -0.524188, 0.851602, 0.37472, 0.001879, -0.851601, -0.524188, -0.0, 0.0, 0.0, 0.0, 1.0],
                [0.999998, 0.001883, 0.000516, -0.0, 0.000516, -0.50993, 0.860216, 0.37472, 0.001883, -0.860214, -0.50993, 0.0, 0.0, 0.0, 0.0, 1.0],
                [0.999999, 0.001891, 0.000488, 0.0, 0.000488, -0.484182, 0.874968, 0.37472, 0.001891, -0.874965, -0.484182, 0.0, 0.0, 0.0, 0.0, 1.0],
                [0.999999, 0.001898, 0.00046, -0.0, 0.00046, -0.458008, 0.888948, 0.37472, 0.001898, -0.888946, -0.458009, -0.0, 0.0, 0.0, 0.0, 1.0],
                [0.999998, 0.001906, 0.000427, 0.0, 0.000427, -0.42646, 0.904507, 0.37472, 0.001906, -0.904504, -0.42646, -0.0, 0.0, 0.0, 0.0, 1.0],
                [0.999998, 0.001913, 0.000393, 0.0, 0.000393, -0.394384, 0.918946, 0.37472, 0.001913, -0.918944, -0.394384, -0.0, 0.0, 0.0, 0.0, 1.0],
                [0.999998, 0.00192, 0.000354, -0.0, 0.000354, -0.356554, 0.934275, 0.37472, 0.00192, -0.934272, -0.356554, 0.0, 0.0, 0.0, 0.0, 1.0],
                [0.999998, 0.001928, 0.00031, 0.0, 0.00031, -0.313537, 0.949577, 0.37472, 0.001928, -0.949574, -0.313537, 0.0, 0.0, 0.0, 0.0, 1.0],
                [0.999999, 0.001935, 0.000263, -0.0, 0.000263, -0.266596, 0.963809, 0.37472, 0.001935, -0.963806, -0.266596, 0.0, 0.0, 0.0, 0.0, 1.0],
                [0.999998, 0.001941, 0.000215, -0.0, 0.000215, -0.219014, 0.975721, 0.37472, 0.001941, -0.97572, -0.219014, 0.0, 0.0, 0.0, 0.0, 1.0],
                [0.999998, 0.001946, 0.000163, -0.0, 0.000163, -0.166349, 0.986067, 0.37472, 0.001946, -0.986065, -0.166349, -0.0, 0.0, 0.0, 0.0, 1.0],
                [0.999998, 0.00195, 0.000102, 0.0, 0.000101, -0.103659, 0.994613, 0.37472, 0.00195, -0.99461, -0.103659, 0.0, 0.0, 0.0, 0.0, 1.0],
                [0.999998, 0.001954, 3.6e-05, -0.0, 3.5e-05, -0.036404, 0.999337, 0.37472, 0.001954, -0.999335, -0.036405, -0.0, 0.0, 0.0, 0.0, 1.0],
                [0.999998, 0.001952, -3e-05, -0.0, -3.1e-05, 0.031015, 0.999519, 0.37472, 0.001952, -0.999518, 0.031015, 0.0, 0.0, 0.0, 0.0, 1.0],
                [0.999998, 0.00195, -0.000103, 0.0, -0.000104, 0.105508, 0.994418, 0.37472, 0.00195, -0.994416, 0.105508, -0.0, 0.0, 0.0, 0.0, 1.0],
                [0.999998, 0.001944, -0.000187, 0.0, -0.000188, 0.19114, 0.981563, 0.37472, 0.001944, -0.981561, 0.19114, 0.0, 0.0, 0.0, 0.0, 1.0],
                [0.999998, 0.001932, -0.000281, 0.0, -0.000282, 0.284911, 0.958554, 0.37472, 0.001932, -0.958552, 0.284911, -0.0, 0.0, 0.0, 0.0, 1.0],
                [0.999998, 0.001917, -0.000374, -0.0, -0.000375, 0.376769, 0.926307, 0.37472, 0.001916, -0.926305, 0.376769, -0.0, 0.0, 0.0, 0.0, 1.0],
                [0.999998, 0.001899, -0.000456, -0.0, -0.000457, 0.454406, 0.890795, 0.37472, 0.001899, -0.890793, 0.454406, 0.0, 0.0, 0.0, 0.0, 1.0],
                [0.999998, 0.00188, -0.000528, -0.0, -0.00053, 0.521488, 0.853258, 0.37472, 0.00188, -0.853256, 0.521488, -0.0, 0.0, 0.0, 0.0, 1.0],
                [0.999999, 0.001857, -0.000604, -0.0, -0.000606, 0.589196, 0.80799, 0.37472, 0.001857, -0.807987, 0.589197, -0.0, 0.0, 0.0, 0.0, 1.0],
                [0.999998, 0.00183, -0.000682, -0.0, -0.000684, 0.655194, 0.755461, 0.37472, 0.001829, -0.755459, 0.655193, -0.0, 0.0, 0.0, 0.0, 1.0],
                [0.999998, 0.001798, -0.000762, 0.0, -0.000764, 0.719052, 0.694957, 0.37472, 0.001797, -0.694955, 0.719051, -0.0, 0.0, 0.0, 0.0, 1.0],
                [0.999998, 0.001762, -0.000841, 0.0, -0.000843, 0.77822, 0.627991, 0.37472, 0.001762, -0.627989, 0.77822, 0.0, 0.0, 0.0, 0.0, 1.0],
                [0.999998, 0.001723, -0.00092, -0.0, -0.000922, 0.831606, 0.555366, 0.37472, 0.001722, -0.555364, 0.831606, 0.0, 0.0, 0.0, 0.0, 1.0],
                [0.999999, 0.001681, -0.000995, -0.0, -0.000997, 0.877309, 0.479924, 0.37472, 0.00168, -0.479921, 0.87731, 0.0, 0.0, 0.0, 0.0, 1.0],
                [0.999998, 0.001638, -0.001064, -0.0, -0.001065, 0.913989, 0.405739, 0.37472, 0.001637, -0.405737, 0.913989, 0.0, 0.0, 0.0, 0.0, 1.0],
                [0.999998, 0.001601, -0.001119, 0.0, -0.001121, 0.939618, 0.342224, 0.37472, 0.001599, -0.342222, 0.939618, -0.0, 0.0, 0.0, 0.0, 1.0],
                [0.999998, 0.001619, -0.001093, -0.0, -0.001095, 0.927807, 0.37306, 0.37472, 0.001618, -0.373059, 0.927806, 0.0, 0.0, 0.0, 0.0, 1.0],
                [0.999998, 0.001662, -0.001025, -0.0, -0.001027, 0.894143, 0.44778, 0.37472, 0.001661, -0.447778, 0.894143, 0.0, 0.0, 0.0, 0.0, 1.0],
                [0.999998, 0.001708, -0.000947, -0.0, -0.000948, 0.848405, 0.529347, 0.37472, 0.001707, -0.529345, 0.848405, -0.0, 0.0, 0.0, 0.0, 1.0],
                [0.999998, 0.001754, -0.000859, 0.0, -0.000861, 0.79047, 0.612501, 0.37472, 0.001753, -0.612499, 0.79047, 0.0, 0.0, 0.0, 0.0, 1.0],
                [0.999998, 0.001778, -0.000809, -0.0, -0.000811, 0.754618, 0.656164, 0.37472, 0.001777, -0.656162, 0.754618, -0.0, 0.0, 0.0, 0.0, 1.0],
                [0.999998, 0.001775, -0.000815, -0.0, -0.000817, 0.758955, 0.651143, 0.37472, 0.001774, -0.651141, 0.758955, -0.0, 0.0, 0.0, 0.0, 1.0],
                [0.999998, 0.001755, -0.000857, 0.0, -0.000859, 0.789125, 0.614231, 0.37472, 0.001754, -0.614229, 0.789125, -0.0, 0.0, 0.0, 0.0, 1.0],
                [0.999999, 0.001731, -0.000905, -0.0, -0.000907, 0.821915, 0.569609, 0.37472, 0.00173, -0.569607, 0.821916, -0.0, 0.0, 0.0, 0.0, 1.0],
                [0.999998, 0.001705, -0.000953, 0.0, -0.000954, 0.852185, 0.523239, 0.37472, 0.001704, -0.523238, 0.852185, 0.0, 0.0, 0.0, 0.0, 1.0],
                [0.999998, 0.001705, -0.000953, -0.0, -0.000954, 0.852185, 0.523239, 0.37472, 0.001704, -0.523237, 0.852185, 0.0, 0.0, 0.0, 0.0, 1.0],
                [0.999998, 0.001702, -0.000959, -0.0, -0.000961, 0.855918, 0.517111, 0.37472, 0.001701, -0.517109, 0.855918, 0.0, 0.0, 0.0, 0.0, 1.0],
                [0.999998, 0.001696, -0.000969, 0.0, -0.000971, 0.862278, 0.506435, 0.37472, 0.001695, -0.506433, 0.862277, -0.0, 0.0, 0.0, 0.0, 1.0],
                [0.999998, 0.00169, -0.00098, 0.0, -0.000982, 0.868505, 0.49568, 0.37472, 0.001689, -0.495678, 0.868505, -0.0, 0.0, 0.0, 0.0, 1.0],
                [0.999998, 0.001683, -0.00099, 0.0, -0.000992, 0.874597, 0.484849, 0.37472, 0.001682, -0.484847, 0.874597, -0.0, 0.0, 0.0, 0.0, 1.0],
                [0.999998, 0.001678, -0.001001, -0.0, -0.001003, 0.880555, 0.473942, 0.37472, 0.001676, -0.47394, 0.880555, -0.0, 0.0, 0.0, 0.0, 1.0],
                [0.999998, 0.001671, -0.001011, -0.0, -0.001013, 0.886376, 0.462965, 0.37472, 0.00167, -0.462963, 0.886376, 0.0, 0.0, 0.0, 0.0, 1.0],
                [0.999998, 0.001664, -0.001023, -0.0, -0.001025, 0.892693, 0.450665, 0.37472, 0.001663, -0.450663, 0.892692, 0.0, 0.0, 0.0, 0.0, 1.0],
                [0.999998, 0.001657, -0.001034, 0.0, -0.001036, 0.898839, 0.438279, 0.37472, 0.001656, -0.438277, 0.898838, 0.0, 0.0, 0.0, 0.0, 1.0],
                [0.999998, 0.00165, -0.001046, 0.0, -0.001047, 0.904812, 0.425809, 0.37472, 0.001649, -0.425807, 0.904813, 0.0, 0.0, 0.0, 0.0, 1.0],
                [0.999998, 0.001642, -0.001057, 0.0, -0.001059, 0.910613, 0.413258, 0.37472, 0.001641, -0.413257, 0.910613, 0.0, 0.0, 0.0, 0.0, 1.0],
                [0.999998, 0.001637, -0.001066, -0.0, -0.001067, 0.914941, 0.403586, 0.37472, 0.001636, -0.403584, 0.914941, -0.0, 0.0, 0.0, 0.0, 1.0]
            ]
        },
        {
            "name": "Knee_R",
            "time": [0.0, 2.1667],
            "transform": [
                [1.0, 0.0, -0.0, 0.0, -0.0, 1e-06, -1.0, 0.37472, -0.0, 1.0, 1e-06, -0.0, 0.0, 0.0, 0.0, 1.0],
                [1.0, 0.0, -0.0, -0.0, -0.0, 1e-06, -1.0, 0.37472, -0.0, 1.0, 1e-06, -0.0, 0.0, 0.0, 0.0, 1.0]
            ]
        },
        {
            "name": "Thigh_L",
            "time": [0.0, 0.0333, 0.0667, 0.1, 0.1333, 0.1667, 0.2, 0.2333, 0.2667, 0.3, 0.3333, 0.3667, 0.4, 0.4333, 0.4667, 0.5, 0.5333, 0.5667, 0.6, 0.6333, 0.6667, 0.7, 0.7333, 0.7667, 0.8, 0.8333, 0.8667, 0.9, 0.9333, 0.9667, 1.0, 1.0333, 1.0667, 1.1, 1.1333, 1.1667, 1.2, 1.2333, 1.2667, 1.3, 1.3333, 1.3667, 1.4, 1.4333, 1.4667, 1.5, 1.5333, 1.5667, 1.6, 1.6333, 1.6667, 1.7, 1.7333, 1.7667, 1.8, 1.8333, 1.8667, 1.9, 1.9333, 1.9667, 2.0, 2.0333, 2.0667, 2.1, 2.1333, 2.1667],
            "transform": [
                [0.86687, 0.062405, 0.494612, -0.125006, -0.413908, -0.462911, 0.783832, -0.002831, 0.277876, -0.884205, -0.375455, -1.2e-05, 0.0, 0.0, 0.0, 1.0],
                [0.852896, 0.067285, 0.517727, -0.125006, -0.397448, -0.559341, 0.727443, -0.002831, 0.338532, -0.826203, -0.450317, -1.2e-05, 0.0, 0.0, 0.0, 1.0],
                [0.841851, 0.051232, 0.537273, -0.125006, -0.382229, -0.646215, 0.660535, -0.002831, 0.381034, -0.761433, -0.524435, -1.2e-05, 0.0, 0.0, 0.0, 1.0],
                [0.834105, 0.034557, 0.550521, -0.125006, -0.359975, -0.722116, 0.590734, -0.002831, 0.417954, -0.690908, -0.589882, -1.2e-05, 0.0, 0.0, 0.0, 1.0],
                [0.833021, 0.024155, 0.552713, -0.125006, -0.326065, -0.785655, 0.525764, -0.002831, 0.446942, -0.618193, -0.646592, -1.2e-05, 0.0, 0.0, 0.0, 1.0],
                [0.841353, 0.008149, 0.540424, -0.125006, -0.288482, -0.838777, 0.461769, -0.002831, 0.457058, -0.544414, -0.703357, -1.2e-05, 0.0, 0.0, 0.0, 1.0],
                [0.855511, -0.006252, 0.517747, -0.125006, -0.245101, -0.885691, 0.394305, -0.002831, 0.456099, -0.464232, -0.759251, -1.2e-05, 0.0, 0.0, 0.0, 1.0],
                [0.869905, -0.016492, 0.492942, -0.125006, -0.198742, -0.926431, 0.31973, -0.002831, 0.451404, -0.376103, -0.809185, -1.2e-05, 0.0, 0.0, 0.0, 1.0],
                [0.885842, -0.02875, 0.463094, -0.125006, -0.155725, -0.958608, 0.238371, -0.002831, 0.437072, -0.283274, -0.853653, -1.2e-05, 0.0, 0.0, 0.0, 1.0],
                [0.916912, -0.049702, 0.395982, -0.125006, -0.115053, -0.983009, 0.143029, -0.002831, 0.382145, -0.176703, -0.907051, -1.2e-05, 0.0, 0.0, 0.0, 1.0],
                [0.950146, -0.056875, 0.306572, -0.125006, -0.070124, -0.997013, 0.032368, -0.002831, 0.303816, -0.052252, -0.951297, -1.2e-05, 0.0, 0.0, 0.0, 1.0],
                [0.987198, -0.047288, 0.152326, -0.125006, -0.025535, -0.989578, -0.141714, -0.002831, 0.15744, 0.13601, -0.978118, -1.2e-05, 0.0, 0.0, 0.0, 1.0],
                [0.997906, -0.055859, -0.032618, -0.125006, -0.06356, -0.940376, -0.334145, -0.002831, -0.012008, 0.335518, -0.941957, -1.2e-05, 0.0, 0.0, 0.0, 1.0],
                [0.968911, -0.100358, -0.226138, -0.125006, -0.207988, -0.825395, -0.524846, -0.002831, -0.133981, 0.555564, -0.820608, -1.2e-05, 0.0, 0.0, 0.0, 1.0],
                [0.878842, -0.190998, -0.437215, -0.125006, -0.437199, -0.689299, -0.577688, -0.002831, -0.191034, 0.698847, -0.689289, -1.2e-05, 0.0, 0.0, 0.0, 1.0],
                [0.738219, -0.294204, -0.607022, -0.125006, -0.624121, -0.63932, -0.449158, -0.002831, -0.255937, 0.710433, -0.655577, -1.2e-05, 0.0, 0.0, 0.0, 1.0],
                [0.618714, -0.365765, -0.695276, -0.125006, -0.716333, -0.626049, -0.308106, -0.002831, -0.322582, 0.688679, -0.649355, -1.2e-05, 0.0, 0.0, 0.0, 1.0],
                [0.57211, -0.366357, -0.733807, -0.125006, -0.744883, -0.606555, -0.27792, -0.002831, -0.343276, 0.705601, -0.61991, -1.2e-05, 0.0, 0.0, 0.0, 1.0],
                [0.569687, -0.347711, -0.744684, -0.125006, -0.744459, -0.602198, -0.288335, -0.002831, -0.348189, 0.718648, -0.601921, -1.2e-05, 0.0, 0.0, 0.0, 1.0],
                [0.588552, -0.353031, -0.727307, -0.125006, -0.728517, -0.621642, -0.28779, -0.002831, -0.350526, 0.699236, -0.623058, -1.2e-05, 0.0, 0.0, 0.0, 1.0],
                [0.616362, -0.363691, -0.698445, -0.125006, -0.706194, -0.647716, -0.285925, -0.002831, -0.348406, 0.669472, -0.656065, -1.2e-05, 0.0, 0.0, 0.0, 1.0],
                [0.64772, -0.363074, -0.669803, -0.125006, -0.681153, -0.669805, -0.295621, -0.002831, -0.341305, 0.647718, -0.681155, -1.2e-05, 0.0, 0.0, 0.0, 1.0],
                [0.682093, -0.341602, -0.646574, -0.125006, -0.652997, -0.682515, -0.328279, -0.002831, -0.329155, 0.646128, -0.688604, -1.2e-05, 0.0, 0.0, 0.0, 1.0],
                [0.721956, -0.308912, -0.619155, -0.125006, -0.617789, -0.690776, -0.375719, -0.002831, -0.311633, 0.65376, -0.689552, -1.2e-05, 0.0, 0.0, 0.0, 1.0],
                [0.763607, -0.274629, -0.584365, -0.125006, -0.577042, -0.696326, -0.426793, -0.002831, -0.289699, 0.663106, -0.690192, -1.2e-05, 0.0, 0.0, 0.0, 1.0],
                [0.801222, -0.250474, -0.543421, -0.125006, -0.535702, -0.70487, -0.464953, -0.002831, -0.266583, 0.663642, -0.698937, -1.2e-05, 0.0, 0.0, 0.0, 1.0],
                [0.830804, -0.244321, -0.500072, -0.125006, -0.499666, -0.72318, -0.476806, -0.002831, -0.245149, 0.646001, -0.7229, -1.2e-05, 0.0, 0.0, 0.0, 1.0],
                [0.853136, -0.24364, -0.461301, -0.125006, -0.463885, -0.758846, -0.457126, -0.002831, -0.238682, 0.603981, -0.76042, -1.2e-05, 0.0, 0.0, 0.0, 1.0],
                [0.872141, -0.254426, -0.417896, -0.125006, -0.42893, -0.808492, -0.402938, -0.002831, -0.235348, 0.530667, -0.814251, -1.2e-05, 0.0, 0.0, 0.0, 1.0],
                [0.891142, -0.265201, -0.368149, -0.125006, -0.391237, -0.860052, -0.327481, -0.002831, -0.229779, 0.435866, -0.870186, -1.2e-05, 0.0, 0.0, 0.0, 1.0],
                [0.909576, -0.270175, -0.315717, -0.125006, -0.354204, -0.90138, -0.249104, -0.002831, -0.217279, 0.338408, -0.915571, -1.2e-05, 0.0, 0.0, 0.0, 1.0],
                [0.929303, -0.266528, -0.255654, -0.125006, -0.314721, -0.933734, -0.170564, -0.002831, -0.193252, 0.238966, -0.951603, -1.2e-05, 0.0, 0.0, 0.0, 1.0],
                [0.947346, -0.250737, -0.199165, -0.125006, -0.272086, -0.958258, -0.087811, -0.002831, -0.168834, 0.137377, -0.976024, -1.2e-05, 0.0, 0.0, 0.0, 1.0],
                [0.961779, -0.226355, -0.154094, -0.125006, -0.228616, -0.973512, 0.003121, -0.002831, -0.150719, 0.032227, -0.988051, -1.2e-05, 0.0, 0.0, 0.0, 1.0],
                [0.973196, -0.204158, -0.10587, -0.125006, -0.191885, -0.974595, 0.11552, -0.002831, -0.126765, -0.092108, -0.987647, -1.2e-05, 0.0, 0.0, 0.0, 1.0],
                [0.980871, -0.184418, -0.062307, -0.125006, -0.164708, -0.956881, 0.23927, -0.002831, -0.103746, -0.22443, -0.968952, -1.2e-05, 0.0, 0.0, 0.0, 1.0],
                [0.985153, -0.169703, -0.025962, -0.125006, -0.149353, -0.921762, 0.357839, -0.002831, -0.084657, -0.348649, -0.933422, -1.2e-05, 0.0, 0.0, 0.0, 1.0],
                [0.987446, -0.157893, 0.00442, -0.125006, -0.142915, -0.881162, 0.450699, -0.002831, -0.067267, -0.445673, -0.892665, -1.2e-05, 0.0, 0.0, 0.0, 1.0],
                [0.987923, -0.154346, 0.013603, -0.125006, -0.140844, -0.857959, 0.494034, -0.002831, -0.064582, -0.489983, -0.869336, -1.2e-05, 0.0, 0.0, 0.0, 1.0],
                [0.987568, -0.156932, 0.00903, -0.125006, -0.140543, -0.855785, 0.497876, -0.002831, -0.070405, -0.492955, -0.867202, -1.2e-05, 0.0, 0.0, 0.0, 1.0],
                [0.986763, -0.162162, 0.000924, -0.125006, -0.140769, -0.853732, 0.501325, -0.002831, -0.080507, -0.494819, -0.865259, -1.2e-05, 0.0, 0.0, 0.0, 1.0],
                [0.986506, -0.163589, -0.006596, -0.125006, -0.139713, -0.862162, 0.486989, -0.002831, -0.085353, -0.479496, -0.873383, -1.2e-05, 0.0, 0.0, 0.0, 1.0],
                [0.987842, -0.155381, 0.005084, -0.125006, -0.140475, -0.878118, 0.457357, -0.002831, -0.0666, -0.45251, -0.889269, -1.2e-05, 0.0, 0.0, 0.0, 1.0],
                [0.98879, -0.148895, 0.011112, -0.125006, -0.139131, -0.891831, 0.430442, -0.002831, -0.054181, -0.427163, -0.90255, -1.2e-05, 0.0, 0.0, 0.0, 1.0],
                [0.989043, -0.146591, 0.017445, -0.125006, -0.14107, -0.903686, 0.404292, -0.002831, -0.043501, -0.402323, -0.914464, -1.2e-05, 0.0, 0.0, 0.0, 1.0],
                [0.989406, -0.143118, 0.024361, -0.125006, -0.141499, -0.913138, 0.382305, -0.002831, -0.03247, -0.381702, -0.923715, -1.2e-05, 0.0, 0.0, 0.0, 1.0],
                [0.989305, -0.142724, 0.030079, -0.125006, -0.143784, -0.919616, 0.365558, -0.002831, -0.024513, -0.365974, -0.930302, -1.2e-05, 0.0, 0.0, 0.0, 1.0],
                [0.989146, -0.142304, 0.036582, -0.125006, -0.14598, -0.923527, 0.354666, -0.002831, -0.016686, -0.356156, -0.934277, -1.2e-05, 0.0, 0.0, 0.0, 1.0],
                [0.988579, -0.145052, 0.040884, -0.125006, -0.150223, -0.926839, 0.344098, -0.002831, -0.01202, -0.346309, -0.938043, -1.2e-05, 0.0, 0.0, 0.0, 1.0],
                [0.987989, -0.147561, 0.045856, -0.125006, -0.154341, -0.928046, 0.338985, -0.002831, -0.007465, -0.34199, -0.939674, -1.2e-05, 0.0, 0.0, 0.0, 1.0],
                [0.987353, -0.150177, 0.050798, -0.125006, -0.158508, -0.929198, 0.333866, -0.002831, -0.002937, -0.337696, -0.941251, -1.2e-05, 0.0, 0.0, 0.0, 1.0],
                [0.986671, -0.152899, 0.055709, -0.125006, -0.162724, -0.930294, 0.328744, -0.002831, 0.001561, -0.333427, -0.942775, -1.2e-05, 0.0, 0.0, 0.0, 1.0],
                [0.986254, -0.154307, 0.059095, -0.125006, -0.165162, -0.931255, 0.324786, -0.002831, 0.004916, -0.330082, -0.943939, -1.2e-05, 0.0, 0.0, 0.0, 1.0],
                [0.985631, -0.156982, 0.062345, -0.125006, -0.168705, -0.933025, 0.31781, -0.002831, 0.00828, -0.323762, -0.946102, -1.2e-05, 0.0, 0.0, 0.0, 1.0],
                [0.984975, -0.159769, 0.065564, -0.125006, -0.172307, -0.934716, 0.310831, -0.002831, 0.011623, -0.317458, -0.948201, -1.2e-05, 0.0, 0.0, 0.0, 1.0],
                [0.984468, -0.162258, 0.067036, -0.125006, -0.175004, -0.937355, 0.301231, -0.002831, 0.01396, -0.308284, -0.951192, -1.2e-05, 0.0, 0.0, 0.0, 1.0],
                [0.984196, -0.164177, 0.066357, -0.125006, -0.176507, -0.939648, 0.293097, -0.002831, 0.014233, -0.300177, -0.953777, -1.2e-05, 0.0, 0.0, 0.0, 1.0],
                [0.98391, -0.16614, 0.065705, -0.125006, -0.178067, -0.94186, 0.284945, -0.002831, 0.014544, -0.29206, -0.956289, -1.2e-05, 0.0, 0.0, 0.0, 1.0],
                [0.983612, -0.168145, 0.065077, -0.125006, -0.179683, -0.943985, 0.276778, -0.002831, 0.014893, -0.283935, -0.958728, -1.2e-05, 0.0, 0.0, 0.0, 1.0],
                [0.983435, -0.169806, 0.063418, -0.125006, -0.18074, -0.945164, 0.272027, -0.002831, 0.013749, -0.278983, -0.960198, -1.2e-05, 0.0, 0.0, 0.0, 1.0],
                [0.983362, -0.170917, 0.061538, -0.125006, -0.181276, -0.945215, 0.271489, -0.002831, 0.011764, -0.278127, -0.960472, -1.2e-05, 0.0, 0.0, 0.0, 1.0],
                [0.983484, -0.171138, 0.058919, -0.125006, -0.180781, -0.944658, 0.27375, -0.002831, 0.008809, -0.27988, -0.959995, -1.2e-05, 0.0, 0.0, 0.0, 1.0],
                [0.983598, -0.171367, 0.056282, -0.125006, -0.180278, -0.944103, 0.275988, -0.002831, 0.00584, -0.281608, -0.959512, -1.2e-05, 0.0, 0.0, 0.0, 1.0],
                [0.983705, -0.171605, 0.053626, -0.125006, -0.179766, -0.94355, 0.278203, -0.002831, 0.002858, -0.283309, -0.959024, -1.2e-05, 0.0, 0.0, 0.0, 1.0],
                [0.983819, -0.172021, 0.050079, -0.125006, -0.179159, -0.942842, 0.280984, -0.002831, -0.001119, -0.285409, -0.958405, -1.2e-05, 0.0, 0.0, 0.0, 1.0],
                [0.984653, -0.168196, 0.046563, -0.125006, -0.174493, -0.943928, 0.28027, -0.002831, -0.003188, -0.284093, -0.958791, -1.2e-05, 0.0, 0.0, 0.0, 1.0]
            ]
        },
        {
            "name": "Leg_L",
            "time": [0.0, 0.0333, 0.0667, 0.1, 0.1333, 0.1667, 0.2, 0.2333, 0.2667, 0.3, 0.3333, 0.3667, 0.4, 0.4333, 0.4667, 0.5, 0.5333, 0.5667, 0.6, 0.6333, 0.6667, 0.7, 0.7333, 0.7667, 0.8, 0.8333, 0.8667, 0.9, 0.9333, 0.9667, 1.0, 1.0333, 1.0667, 1.1, 1.1333, 1.1667, 1.2, 1.2333, 1.2667, 1.3, 1.3333, 1.3667, 1.4, 1.4333, 1.4667, 1.5, 1.5333, 1.5667, 1.6, 1.6333, 1.6667, 1.7, 1.7333, 1.7667, 1.8, 1.8333, 1.8667, 1.9, 1.9333, 1.9667, 2.0, 2.0333, 2.0667, 2.1, 2.1333, 2.1667],
            "transform": [
                [0.999998, -0.001949, -0.000156, 0.0, -0.000158, -0.160092, 0.987102, 0.37472, -0.001949, -0.9871, -0.160092, -0.0, 0.0, 0.0, 0.0, 1.0],
                [0.999998, -0.001955, -2.9e-05, -0.0, -3e-05, -0.030052, 0.999548, 0.37472, -0.001955, -0.999547, -0.030052, 0.0, 0.0, 0.0, 0.0, 1.0],
                [0.999998, -0.001951, 0.000125, -0.0, 0.000123, 0.126635, 0.99195, 0.37472, -0.001951, -0.991947, 0.126635, 0.0, 0.0, 0.0, 0.0, 1.0],
                [0.999998, -0.001939, 0.000256, 0.0, 0.000254, 0.258229, 0.966084, 0.37472, -0.001939, -0.966082, 0.258228, -0.0, 0.0, 0.0, 0.0, 1.0],
                [0.999998, -0.001923, 0.000352, -0.0, 0.000351, 0.353415, 0.935466, 0.37472, -0.001923, -0.935465, 0.353415, 0.0, 0.0, 0.0, 0.0, 1.0],
                [0.999998, -0.001907, 0.000432, 0.0, 0.000431, 0.430331, 0.902671, 0.37472, -0.001907, -0.902669, 0.430331, 0.0, 0.0, 0.0, 0.0, 1.0],
                [0.999998, -0.001892, 0.000498, 0.0, 0.000496, 0.491383, 0.870943, 0.37472, -0.001892, -0.870941, 0.491383, 0.0, 0.0, 0.0, 0.0, 1.0],
                [0.999998, -0.001873, 0.000562, -0.0, 0.000561, 0.550109, 0.835092, 0.37472, -0.001873, -0.83509, 0.55011, 0.0, 0.0, 0.0, 0.0, 1.0],
                [0.999998, -0.001851, 0.00063, 0.0, 0.000629, 0.609602, 0.792707, 0.37472, -0.001851, -0.792705, 0.609603, 0.0, 0.0, 0.0, 0.0, 1.0],
                [0.999998, -0.001823, 0.000707, 0.0, 0.000705, 0.673308, 0.739361, 0.37472, -0.001824, -0.739359, 0.673309, 0.0, 0.0, 0.0, 0.0, 1.0],
                [0.999998, -0.001795, 0.000775, -0.0, 0.000773, 0.727278, 0.686342, 0.37472, -0.001796, -0.68634, 0.727279, 0.0, 0.0, 0.0, 0.0, 1.0],
                [0.999998, -0.001757, 0.000858, 0.0, 0.000856, 0.787778, 0.615958, 0.37472, -0.001758, -0.615956, 0.787778, 0.0, 0.0, 0.0, 0.0, 1.0],
                [0.999999, -0.001713, 0.000942, -0.0, 0.00094, 0.843805, 0.536648, 0.37472, -0.001714, -0.536645, 0.843806, 0.0, 0.0, 0.0, 0.0, 1.0],
                [0.999998, -0.001681, 0.000999, 0.0, 0.000997, 0.877653, 0.479296, 0.37472, -0.001682, -0.479294, 0.877653, 0.0, 0.0, 0.0, 0.0, 1.0],
                [0.999998, -0.001677, 0.001006, 0.0, 0.001004, 0.881719, 0.471773, 0.37472, -0.001678, -0.47177, 0.88172, 0.0, 0.0, 0.0, 0.0, 1.0],
                [0.999998, -0.001687, 0.000988, 0.0, 0.000987, 0.871775, 0.489907, 0.37472, -0.001688, -0.489905, 0.871774, -0.0, 0.0, 0.0, 0.0, 1.0],
                [0.999998, -0.001688, 0.000986, -0.0, 0.000984, 0.870371, 0.492395, 0.37472, -0.001689, -0.492394, 0.870371, -0.0, 0.0, 0.0, 0.0, 1.0],
                [0.999998, -0.001654, 0.001043, -0.0, 0.001042, 0.902247, 0.431217, 0.37472, -0.001654, -0.431215, 0.902247, -0.0, 0.0, 0.0, 0.0, 1.0],
                [0.999998, -0.001622, 0.001091, 0.0, 0.00109, 0.925958, 0.377626, 0.37472, -0.001623, -0.377624, 0.925958, 0.0, 0.0, 0.0, 0.0, 1.0],
                [0.999998, -0.001639, 0.001066, -0.0, 0.001065, 0.913798, 0.406167, 0.37472, -0.00164, -0.406166, 0.913798, 0.0, 0.0, 0.0, 0.0, 1.0],
                [0.999998, -0.00167, 0.001017, 0.0, 0.001015, 0.888018, 0.459808, 0.37472, -0.001671, -0.459806, 0.888018, 0.0, 0.0, 0.0, 0.0, 1.0],
                [0.999998, -0.001687, 0.000988, 0.0, 0.000987, 0.871775, 0.489906, 0.37472, -0.001688, -0.489905, 0.871774, -0.0, 0.0, 0.0, 0.0, 1.0],
                [0.999998, -0.00168, 0.001001, -0.0, 0.000999, 0.879016, 0.476791, 0.37472, -0.001681, -0.476789, 0.879016, -0.0, 0.0, 0.0, 0.0, 1.0],
