{
    "animation": [
        {
            "name": "Root",
            "time": [0.0, 0.0333, 0.0667, 0.1, 0.1333, 0.1667, 0.2, 0.2333, 0.2667, 0.3, 0.3333, 0.3667, 0.4, 0.4333, 0.4667, 0.5, 0.5333, 0.5667, 0.6, 0.6333, 0.6667, 0.7, 0.7333, 0.7667, 0.8, 0.8333, 0.8667, 0.9, 0.9333, 0.9667, 1.0, 1.0333, 1.0667, 1.1, 1.1333, 1.1667, 1.2, 1.2333, 1.2667, 1.3, 1.3333, 1.3667, 1.4, 1.4333, 1.4667, 1.5, 1.5333, 1.5667, 1.6, 1.6333, 1.6667, 1.7, 2.0],
            "transform": [
                [0.999993, -0.000275, 0.003665, 0.030199, 0.003666, 0.003899, -0.999986, -0.056909, 0.00026, 0.999992, 0.0039, 0.415896, 0.0, 0.0, 0.0, 1.0],
                [0.999992, -0.000154, 0.003769, 0.036085, 0.003769, 0.003904, -0.999985, 0.069023, 0.000139, 0.999992, 0.003905, 0.464415, 0.0, 0.0, 0.0, 1.0],
                [0.999999, 6.4e-05, -0.0, 0.038791, -0.0, 0.003908, -0.999992, 0.243906, -6.4e-05, 0.999992, 0.003908, 0.52847, 0.0, 0.0, 0.0, 1.0],
                [1.0, 0.000356, 0.0, 0.039244, -1e-06, 0.003891, -0.999993, 0.847248, -0.000356, 0.999992, 0.003891, 0.611301, 0.0, 0.0, 0.0, 1.0],
                [0.999999, 0.000653, 1e-06, 0.038501, -1e-06, 0.003853, -0.999992, 1.610809, -0.000653, 0.999992, 0.003853, 0.694133, 0.0, 0.0, 0.0, 1.0],
                [0.999999, 0.000876, 2e-06, 0.037733, -2e-06, 0.003809, -0.999993, 2.105954, -0.000876, 0.999992, 0.003809, 0.759765, 0.0, 0.0, 0.0, 1.0],
                [0.999999, 0.001009, 2e-06, 0.03692, -2e-06, 0.003775, -0.999993, 2.420529, -0.001009, 0.999992, 0.003775, 0.808143, 0.0, 0.0, 0.0, 1.0],
                [0.999999, 0.001103, 2e-06, 0.036087, -2e-06, 0.003749, -0.999993, 2.722491, -0.001103, 0.999992, 0.003749, 0.850331, 0.0, 0.0, 0.0, 1.0],
                [0.999999, 0.001169, 2e-06, 0.035237, -3e-06, 0.003729, -0.999993, 2.868644, -0.001169, 0.999992, 0.003729, 0.8846, 0.0, 0.0, 0.0, 1.0],
                [0.999999, 0.001222, 2e-06, 0.034375, -2e-06, 0.003712, -0.999993, 3.01092, -0.001222, 0.999992, 0.003712, 0.909244, 0.0, 0.0, 0.0, 1.0],
                [0.999999, 0.001275, 3e-06, 0.033506, -2e-06, 0.003694, -0.999993, 3.153678, -0.001275, 0.999992, 0.003694, 0.922554, 0.0, 0.0, 0.0, 1.0],
                [0.999999, 0.001271, 2e-06, 0.032783, -3e-06, 0.003696, -0.999993, 3.299762, -0.001271, 0.999992, 0.003696, 0.922564, 0.0, 0.0, 0.0, 1.0],
                [0.999999, 0.001191, 2e-06, 0.032003, -3e-06, 0.003722, -0.999993, 3.44441, -0.001191, 0.999992, 0.003722, 0.907278, 0.0, 0.0, 0.0, 1.0],
                [0.999999, 0.001096, 2e-06, 0.031205, -2e-06, 0.003751, -0.999993, 3.580589, -0.001096, 0.999992, 0.003751, 0.874791, 0.0, 0.0, 0.0, 1.0],
                [0.999999, 0.000953, 2e-06, 0.02564, -2e-06, 0.00379, -0.999993, 3.701282, -0.000953, 0.999992, 0.00379, 0.823258, 0.0, 0.0, 0.0, 1.0],
                [0.999999, 0.000779, 1e-06, 0.007429, -2e-06, 0.00383, -0.999993, 3.784328, -0.000779, 0.999992, 0.00383, 0.72998, 0.0, 0.0, 0.0, 1.0],
                [1.0, 0.000559, 1e-06, -0.016251, -1e-06, 0.003868, -0.999992, 3.843988, -0.000559, 0.999992, 0.003868, 0.603933, 0.0, 0.0, 0.0, 1.0],
                [0.999998, -0.000123, 0.001766, -0.011446, 0.001766, 0.003893, -0.999991, 4.000522, 0.000116, 0.999992, 0.003893, 0.448048, 0.0, 0.0, 0.0, 1.0],
                [0.999994, -0.001777, 0.002902, 0.075285, 0.002909, 0.00348, -0.99999, 4.372398, 0.001767, 0.999992, 0.003485, 0.274045, 0.0, 0.0, 0.0, 1.0],
                [0.999994, -0.001991, 0.002849, 0.089237, 0.002856, 0.003362, -0.99999, 4.393857, 0.001982, 0.999992, 0.003368, 0.241591, 0.0, 0.0, 0.0, 1.0],
                [0.999994, -0.002038, 0.00284, 0.092088, 0.002847, 0.003335, -0.99999, 4.370968, 0.002028, 0.999992, 0.003341, 0.232549, 0.0, 0.0, 0.0, 1.0],
                [0.999994, -0.002083, 0.002831, 0.093592, 0.002838, 0.003307, -0.99999, 4.370892, 0.002073, 0.999992, 0.003313, 0.231814, 0.0, 0.0, 0.0, 1.0],
                [0.999994, -0.002108, 0.002826, 0.095095, 0.002833, 0.00329, -0.99999, 4.370848, 0.002099, 0.999992, 0.003296, 0.237048, 0.0, 0.0, 0.0, 1.0],
                [0.999994, -0.002119, 0.002824, 0.096602, 0.00283, 0.003283, -0.99999, 4.370821, 0.002109, 0.999992, 0.003289, 0.242282, 0.0, 0.0, 0.0, 1.0],
                [0.999994, -0.002123, 0.002823, 0.098113, 0.00283, 0.003281, -0.999991, 4.370808, 0.002113, 0.999992, 0.003287, 0.245156, 0.0, 0.0, 0.0, 1.0],
                [0.999993, -0.002126, 0.002823, 0.099629, 0.00283, 0.003279, -0.999991, 4.3708, 0.002117, 0.999992, 0.003285, 0.243806, 0.0, 0.0, 0.0, 1.0],
                [0.999994, -0.002141, 0.00282, 0.101145, 0.002827, 0.003269, -0.999991, 4.370796, 0.002132, 0.999992, 0.003275, 0.240251, 0.0, 0.0, 0.0, 1.0],
                [0.999994, -0.00216, 0.002816, 0.10266, 0.002823, 0.003256, -0.999991, 4.370797, 0.002151, 0.999992, 0.003262, 0.234931, 0.0, 0.0, 0.0, 1.0],
                [0.999994, -0.002179, 0.002813, 0.104176, 0.00282, 0.003244, -0.999991, 4.370803, 0.00217, 0.999992, 0.00325, 0.22961, 0.0, 0.0, 0.0, 1.0],
                [0.999993, -0.002198, 0.002809, 0.104468, 0.002817, 0.003231, -0.999991, 4.370816, 0.002189, 0.999992, 0.003237, 0.224289, 0.0, 0.0, 0.0, 1.0],
                [0.999994, -0.002208, 0.002808, 0.104761, 0.002815, 0.003224, -0.999991, 4.37083, 0.002199, 0.999992, 0.00323, 0.218968, 0.0, 0.0, 0.0, 1.0],
                [0.999993, -0.00221, 0.002808, 0.103664, 0.002815, 0.003223, -0.999991, 4.370849, 0.002201, 0.999992, 0.003229, 0.215619, 0.0, 0.0, 0.0, 1.0],
                [0.999993, -0.002197, 0.00281, 0.102549, 0.002817, 0.003232, -0.999991, 4.370874, 0.002188, 0.999992, 0.003238, 0.214572, 0.0, 0.0, 0.0, 1.0],
                [0.999994, -0.002166, 0.002815, 0.099627, 0.002822, 0.003252, -0.999991, 4.370903, 0.002157, 0.999992, 0.003258, 0.216527, 0.0, 0.0, 0.0, 1.0],
                [0.999994, -0.002116, 0.002824, 0.096688, 0.002831, 0.003286, -0.999991, 4.370934, 0.002106, 0.999992, 0.003292, 0.222274, 0.0, 0.0, 0.0, 1.0],
                [0.999994, -0.002038, 0.00284, 0.092088, 0.002846, 0.003334, -0.99999, 4.370968, 0.002029, 0.999992, 0.00334, 0.232549, 0.0, 0.0, 0.0, 1.0],
                [0.999994, -0.001921, 0.002866, 0.08467, 0.002872, 0.003403, -0.99999, 4.371015, 0.001912, 0.999992, 0.003408, 0.248905, 0.0, 0.0, 0.0, 1.0],
                [0.999994, -0.001759, 0.002908, 0.073482, 0.002914, 0.003489, -0.99999, 4.371079, 0.001749, 0.999992, 0.003494, 0.271463, 0.0, 0.0, 0.0, 1.0],
                [0.999994, -0.001561, 0.002967, 0.059467, 0.002973, 0.003583, -0.999989, 4.371156, 0.00155, 0.999992, 0.003587, 0.298893, 0.0, 0.0, 0.0, 1.0],
                [0.999994, -0.001331, 0.003051, 0.043133, 0.003055, 0.003674, -0.999988, 4.371242, 0.00132, 0.999992, 0.003678, 0.329846, 0.0, 0.0, 0.0, 1.0],
                [0.999994, -0.001085, 0.003156, 0.026811, 0.00316, 0.003754, -0.999988, 4.371331, 0.001073, 0.999992, 0.003758, 0.363326, 0.0, 0.0, 0.0, 1.0],
                [0.999994, -0.000832, 0.003285, 0.010499, 0.003289, 0.003818, -0.999987, 4.371416, 0.00082, 0.999992, 0.00382, 0.396807, 0.0, 0.0, 0.0, 1.0],
                [0.999994, -0.000586, 0.003435, -0.005806, 0.003437, 0.003863, -0.999987, 4.371497, 0.000573, 0.999992, 0.003865, 0.430287, 0.0, 0.0, 0.0, 1.0],
                [0.999993, -0.00036, 0.003597, -0.019693, 0.003598, 0.003891, -0.999986, 4.371569, 0.000346, 0.999992, 0.003893, 0.461801, 0.0, 0.0, 0.0, 1.0],
                [0.999993, -0.000163, 0.003761, -0.030716, 0.003762, 0.003904, -0.999985, 4.371629, 0.000148, 0.999992, 0.003905, 0.490074, 0.0, 0.0, 0.0, 1.0],
                [0.999992, -1.2e-05, 0.003904, -0.037932, 0.003904, 0.003944, -0.999985, 4.371677, -4e-06, 0.999992, 0.003944, 0.513766, 0.0, 0.0, 0.0, 1.0],
                [1.0, 0.000115, 0.0, -0.039505, -0.0, 0.003906, -0.999992, 4.371712, -0.000115, 0.999992, 0.003906, 0.532338, 0.0, 0.0, 0.0, 1.0],
                [1.0, 0.000208, 0.0, -0.035423, -0.0, 0.003902, -0.999992, 4.371739, -0.000208, 0.999992, 0.003902, 0.546772, 0.0, 0.0, 0.0, 1.0],
                [1.0, 0.000282, 1e-06, -0.027487, -1e-06, 0.003898, -0.999992, 4.371759, -0.000282, 0.999992, 0.003898, 0.557964, 0.0, 0.0, 0.0, 1.0],
                [1.0, 0.00034, 0.0, -0.017807, -1e-06, 0.003893, -0.999992, 4.371774, -0.00034, 0.999992, 0.003893, 0.566845, 0.0, 0.0, 0.0, 1.0],
                [1.0, 0.000388, 0.0, -0.008133, -1e-06, 0.003889, -0.999992, 4.371786, -0.000388, 0.999992, 0.003889, 0.573913, 0.0, 0.0, 0.0, 1.0],
                [1.0, 0.000425, 0.0, 0.001538, -1e-06, 0.003885, -0.999992, 4.371798, -0.000425, 0.999992, 0.003885, 0.580981, 0.0, 0.0, 0.0, 1.0],
                [1.0, 0.000632, 1e-06, 0.000308, -2e-06, 0.003857, -0.999992, 4.371834, -0.000632, 0.999992, 0.003857, 0.666162, 0.0, 0.0, 0.0, 1.0]
            ]
        },
        {
            "name": "Thigh_R",
            "time": [0.0, 0.0333, 0.0667, 0.1, 0.1333, 0.1667, 0.2, 0.2333, 0.2667, 0.3, 0.3333, 0.3667, 0.4, 0.4333, 0.4667, 0.5, 0.5333, 0.5667, 0.6, 0.6333, 0.6667, 0.7, 0.7333, 0.7667, 0.8, 0.8333, 0.8667, 0.9, 0.9333, 0.9667, 1.0, 1.0333, 1.0667, 1.1, 1.1333, 1.1667, 1.2, 1.2333, 1.2667, 1.3, 1.3333, 1.3667, 1.4, 1.4333, 1.4667, 1.5, 1.5333, 1.5667, 1.6, 1.6333, 1.6667, 1.7, 2.0],
            "transform": [
                [0.962901, -0.002509, -0.269829, -0.039441, 0.245599, -0.406076, 0.880219, 0.065919, -0.111779, -0.913841, -0.390395, 0.106328, 0.0, 0.0, 0.0, 1.0],
                [0.968, 0.04225, -0.247359, -0.038632, 0.25031, -0.232435, 0.939851, 0.075183, -0.017786, -0.971697, -0.235573, 0.105816, 0.0, 0.0, 0.0, 1.0],
                [0.964201, 0.159748, -0.21164, -0.039418, 0.228727, -0.097285, 0.968618, 0.086018, 0.134145, -0.982355, -0.130342, 0.105101, 0.0, 0.0, 0.0, 1.0],
                [0.927217, 0.338874, -0.159464, -0.040204, 0.167473, 0.005678, 0.98586, 0.096854, 0.334985, -0.940819, -0.051488, 0.104385, 0.0, 0.0, 0.0, 1.0],
                [0.849127, 0.517895, -0.103759, -0.04099, 0.091789, 0.048769, 0.994584, 0.107689, 0.520146, -0.854057, -0.006126, 0.10367, 0.0, 0.0, 0.0, 1.0],
                [0.762699, 0.645152, -0.045475, -0.033276, 0.052803, 0.007963, 0.998573, 0.103484, 0.644589, -0.764018, -0.027993, 0.106766, 0.0, 0.0, 0.0, 1.0],
                [0.694976, 0.718296, 0.032557, -0.025562, 0.094088, -0.135738, 0.986267, 0.099278, 0.712846, -0.682373, -0.161918, 0.109862, 0.0, 0.0, 0.0, 1.0],
                [0.651256, 0.744262, 0.148127, -0.017848, 0.191331, -0.349935, 0.917027, 0.095073, 0.734338, -0.568881, -0.370298, 0.112958, 0.0, 0.0, 0.0, 1.0],
                [0.639627, 0.717637, 0.275455, -0.018512, 0.295611, -0.560435, 0.773646, 0.10003, 0.709567, -0.41342, -0.570611, 0.11459, 0.0, 0.0, 0.0, 1.0],
                [0.649526, 0.655873, 0.38464, -0.019176, 0.362543, -0.711826, 0.601555, 0.104989, 0.668336, -0.251278, -0.700132, 0.116223, 0.0, 0.0, 0.0, 1.0],
                [0.652705, 0.59326, 0.471188, -0.01984, 0.368326, -0.791981, 0.486934, 0.109947, 0.662046, -0.144274, -0.735444, 0.117854, 0.0, 0.0, 0.0, 1.0],
                [0.624534, 0.589975, 0.511749, -0.019355, 0.33229, -0.793715, 0.509512, 0.110945, 0.706778, -0.148159, -0.691745, 0.118958, 0.0, 0.0, 0.0, 1.0],
                [0.58545, 0.639732, 0.497988, -0.018869, 0.26154, -0.730462, 0.630893, 0.111942, 0.767358, -0.239114, -0.594965, 0.120062, 0.0, 0.0, 0.0, 1.0],
                [0.567537, 0.675296, 0.471038, -0.018384, 0.165096, -0.653823, 0.738418, 0.112939, 0.806622, -0.341315, -0.482558, 0.121166, 0.0, 0.0, 0.0, 1.0],
                [0.614211, 0.64535, 0.454167, -0.017898, 0.115825, -0.643015, 0.757047, 0.113937, 0.780591, -0.412385, -0.469695, 0.12227, 0.0, 0.0, 0.0, 1.0],
                [0.80126, 0.365733, 0.473516, -0.017413, 0.136958, -0.882527, 0.449884, 0.114934, 0.582422, -0.295624, -0.757224, 0.123374, 0.0, 0.0, 0.0, 1.0],
                [0.910681, 0.269596, 0.31302, 0.020724, 0.239136, -0.961874, 0.132713, 0.112196, 0.336865, -0.046004, -0.940429, -0.11965, 0.0, 0.0, 0.0, 1.0],
                [0.938204, 0.345096, 0.026184, 0.035126, 0.331758, -0.91832, 0.215929, 0.103216, 0.098561, -0.193898, -0.976058, -0.110184, 0.0, 0.0, 0.0, 1.0],
                [0.968808, 0.166599, -0.183465, 0.05913, 0.019153, -0.788436, -0.614819, 0.088248, -0.247079, 0.592127, -0.767033, -0.094409, 0.0, 0.0, 0.0, 1.0],
                [0.969154, 0.147262, -0.197631, 0.066043, -0.011172, -0.774794, -0.632115, 0.083937, -0.24621, 0.614823, -0.749249, -0.089864, 0.0, 0.0, 0.0, 1.0],
                [0.969865, 0.134714, -0.20302, 0.072956, -0.001508, -0.82991, -0.557895, 0.079626, -0.243645, 0.541388, -0.804697, -0.085321, 0.0, 0.0, 0.0, 1.0],
                [0.970363, 0.139744, -0.197156, 0.07987, 0.006162, -0.829886, -0.557899, 0.075315, -0.24158, 0.540148, -0.806151, -0.080778, 0.0, 0.0, 0.0, 1.0],
                [0.972387, 0.14702, -0.181247, 0.086783, 0.02107, -0.828755, -0.559215, 0.071005, -0.232425, 0.539954, -0.808968, -0.076234, 0.0, 0.0, 0.0, 1.0],
                [0.974605, 0.154541, -0.162064, 0.093696, 0.03736, -0.825771, -0.562767, 0.066694, -0.220798, 0.542421, -0.810573, -0.071692, 0.0, 0.0, 0.0, 1.0],
                [0.976434, 0.160516, -0.144268, 0.100609, 0.051978, -0.823684, -0.564662, 0.062383, -0.209468, 0.543856, -0.812616, -0.067147, 0.0, 0.0, 0.0, 1.0],
                [0.977311, 0.163771, -0.134333, 0.107522, 0.059961, -0.822155, -0.566097, 0.058073, -0.203153, 0.545197, -0.81332, -0.062605, 0.0, 0.0, 0.0, 1.0],
                [0.977809, 0.164831, -0.12932, 0.110114, 0.062944, -0.819869, -0.56908, 0.056456, -0.199828, 0.548311, -0.81205, -0.060902, 0.0, 0.0, 0.0, 1.0],
                [0.97776, 0.164212, -0.130468, 0.112707, 0.061029, -0.817915, -0.572093, 0.05484, -0.200656, 0.551407, -0.809745, -0.059197, 0.0, 0.0, 0.0, 1.0],
                [0.977175, 0.162966, -0.136287, 0.115299, 0.05597, -0.816344, -0.574848, 0.053223, -0.204938, 0.554098, -0.806831, -0.057494, 0.0, 0.0, 0.0, 1.0],
                [0.976529, 0.161854, -0.142117, 0.117891, 0.05098, -0.814734, -0.577589, 0.051606, -0.209273, 0.556787, -0.803862, -0.055789, 0.0, 0.0, 0.0, 1.0],
                [0.975972, 0.159718, -0.148229, 0.120484, 0.045259, -0.814001, -0.579098, 0.04999, -0.213151, 0.558473, -0.80167, -0.054085, 0.0, 0.0, 0.0, 1.0],
                [0.975282, 0.159207, -0.153239, 0.123077, 0.041904, -0.814139, -0.579156, 0.048373, -0.216964, 0.558419, -0.800685, -0.052382, 0.0, 0.0, 0.0, 1.0],
                [0.975001, 0.158032, -0.15621, 0.125669, 0.039695, -0.815558, -0.577312, 0.046757, -0.218632, 0.556679, -0.801442, -0.050677, 0.0, 0.0, 0.0, 1.0],
                [0.975128, 0.157997, -0.155451, 0.128261, 0.041281, -0.818527, -0.572984, 0.04514, -0.217771, 0.552314, -0.80469, -0.048974, 0.0, 0.0, 0.0, 1.0],
                [0.975816, 0.160508, -0.148402, 0.128261, 0.049261, -0.822872, -0.566088, 0.04514, -0.212978, 0.545086, -0.810877, -0.048974, 0.0, 0.0, 0.0, 1.0],
                [0.97717, 0.164129, -0.134918, 0.128261, 0.062696, -0.829486, -0.554997, 0.04514, -0.203004, 0.533868, -0.820838, -0.048974, 0.0, 0.0, 0.0, 1.0],
                [0.976746, 0.16428, -0.137771, 0.128261, 0.078565, -0.872126, -0.482934, 0.04514, -0.19949, 0.46088, -0.864751, -0.048975, 0.0, 0.0, 0.0, 1.0],
                [0.975379, 0.15932, -0.1525, 0.128261, 0.096424, -0.929951, -0.354816, 0.04514, -0.198347, 0.331375, -0.922415, -0.048974, 0.0, 0.0, 0.0, 1.0],
                [0.973928, 0.157199, -0.163575, 0.128261, 0.130211, -0.977765, -0.164378, 0.04514, -0.185778, 0.138794, -0.97274, -0.048975, 0.0, 0.0, 0.0, 1.0],
                [0.972283, 0.16921, -0.161364, 0.128261, 0.177271, -0.983472, 0.036824, 0.04514, -0.152466, -0.064408, -0.986208, -0.048973, 0.0, 0.0, 0.0, 1.0],
                [0.96914, 0.202928, -0.139978, 0.128261, 0.227663, -0.954541, 0.192404, 0.04514, -0.094571, -0.218333, -0.971281, -0.048974, 0.0, 0.0, 0.0, 1.0],
                [0.962947, 0.250382, -0.100226, 0.128261, 0.268734, -0.922183, 0.278138, 0.04514, -0.022786, -0.294765, -0.955298, -0.048974, 0.0, 0.0, 0.0, 1.0],
                [0.954138, 0.295719, -0.046644, 0.128261, 0.294971, -0.901986, 0.315296, 0.04514, 0.051167, -0.314593, -0.947847, -0.048974, 0.0, 0.0, 0.0, 1.0],
                [0.944129, 0.329067, 0.01846, 0.128261, 0.305843, -0.895608, 0.323024, 0.04514, 0.12283, -0.299329, -0.946211, -0.048974, 0.0, 0.0, 0.0, 1.0],
                [0.93355, 0.348735, 0.082909, 0.128261, 0.305278, -0.894718, 0.326012, 0.04514, 0.187873, -0.279037, -0.941723, -0.048975, 0.0, 0.0, 0.0, 1.0],
                [0.921885, 0.361783, 0.138724, 0.128261, 0.301931, -0.895131, 0.327988, 0.04514, 0.242838, -0.260481, -0.934441, -0.048974, 0.0, 0.0, 0.0, 1.0],
                [0.910143, 0.364779, 0.196417, 0.128261, 0.297555, -0.905428, 0.302754, 0.04514, 0.288281, -0.217104, -0.93261, -0.048975, 0.0, 0.0, 0.0, 1.0],
                [0.899837, 0.360284, 0.245953, 0.128261, 0.289341, -0.914872, 0.281583, 0.04514, 0.326467, -0.182213, -0.92748, -0.048974, 0.0, 0.0, 0.0, 1.0],
                [0.890504, 0.351576, 0.288791, 0.128261, 0.277946, -0.922894, 0.26648, 0.04514, 0.360213, -0.157033, -0.919559, -0.048974, 0.0, 0.0, 0.0, 1.0],
                [0.881907, 0.341885, 0.32459, 0.128261, 0.266418, -0.929472, 0.25515, 0.04514, 0.388931, -0.138541, -0.910791, -0.048974, 0.0, 0.0, 0.0, 1.0],
                [0.874067, 0.33203, 0.354636, 0.128261, 0.255209, -0.934971, 0.246366, 0.04514, 0.413376, -0.124833, -0.901963, -0.048974, 0.0, 0.0, 0.0, 1.0],
                [0.867368, 0.321696, 0.379721, 0.128261, 0.244527, -0.940022, 0.237829, 0.04514, 0.433457, -0.113433, -0.894008, -0.048975, 0.0, 0.0, 0.0, 1.0],
                [0.860512, 0.267303, 0.433663, 0.096232, 0.232827, -0.963535, 0.131904, 0.058663, 0.453105, -0.012536, -0.891368, 0.031334, 0.0, 0.0, 0.0, 1.0]
            ]
        },
        {
            "name": "Leg_R",
            "time": [0.0, 0.0333, 0.0667, 0.1, 0.1333, 0.1667, 0.2, 0.2333, 0.2667, 0.3, 0.3333, 0.3667, 0.4, 0.4333, 0.4667, 0.5, 0.5333, 0.5667, 0.6, 0.6333, 0.6667, 0.7, 0.7333, 0.7667, 0.8, 0.8333, 0.8667, 0.9, 0.9333, 0.9667, 1.0, 1.0333, 1.0667, 1.1, 1.1333, 1.1667, 1.2, 1.2333, 1.2667, 1.3, 1.3333, 1.3667, 1.4, 1.4333, 1.4667, 1.5, 1.5333, 1.5667, 1.6, 1.6333, 1.6667, 1.7, 2.0],
            "transform": [
                [0.999993, -0.001954, -1.9e-05, -0.0, -2.1e-05, -0.020411, 0.999791, 0.37472, -0.001954, -0.999795, -0.020411, -0.0, 0.0, 0.0, 0.0, 1.0],
                [0.999994, -0.001954, -5e-05, 0.0, -5.1e-05, -0.052063, 0.998644, 0.37472, -0.001954, -0.998646, -0.052063, -0.0, 0.0, 0.0, 0.0, 1.0],
                [0.999993, -0.001944, -0.000206, -0.0, -0.000207, -0.210359, 0.977624, 0.37472, -0.001944, -0.977627, -0.210358, 0.0, 0.0, 0.0, 0.0, 1.0],
                [0.999992, -0.001904, -0.000447, -0.0, -0.000447, -0.444987, 0.895539, 0.37472, -0.001904, -0.89554, -0.444985, -0.0, 0.0, 0.0, 0.0, 1.0],
                [0.999993, -0.001836, -0.000676, -0.0, -0.000675, -0.648277, 0.761408, 0.37472, -0.001836, -0.761407, -0.648276, 0.0, 0.0, 0.0, 0.0, 1.0],
                [0.999993, -0.001783, -0.000808, 0.0, -0.000807, -0.751709, 0.659499, 0.37472, -0.001783, -0.659498, -0.751708, -0.0, 0.0, 0.0, 0.0, 1.0],
                [0.999994, -0.001767, -0.000839, -0.0, -0.000838, -0.774527, 0.632544, 0.37472, -0.001767, -0.632543, -0.774526, -0.0, 0.0, 0.0, 0.0, 1.0],
                [0.999994, -0.001773, -0.000826, 0.0, -0.000825, -0.765153, 0.643852, 0.37472, -0.001774, -0.643851, -0.765151, 0.0, 0.0, 0.0, 0.0, 1.0],
                [0.999994, -0.001795, -0.000777, 0.0, -0.000776, -0.728808, 0.684721, 0.37472, -0.001795, -0.68472, -0.728807, -0.0, 0.0, 0.0, 0.0, 1.0],
                [0.999994, -0.001826, -0.000701, -0.0, -0.0007, -0.668828, 0.743419, 0.37472, -0.001826, -0.743419, -0.668827, -0.0, 0.0, 0.0, 0.0, 1.0],
                [0.999995, -0.001859, -0.000608, 0.0, -0.000605, -0.589825, 0.807533, 0.37472, -0.001859, -0.807533, -0.589824, -0.0, 0.0, 0.0, 0.0, 1.0],
                [0.999994, -0.00189, -0.000503, -0.0, -0.000502, -0.496849, 0.867838, 0.37472, -0.00189, -0.867839, -0.496848, 0.0, 0.0, 0.0, 0.0, 1.0],
                [0.999995, -0.00192, -0.00037, -0.0, -0.000368, -0.370585, 0.928798, 0.37472, -0.00192, -0.928801, -0.370583, -0.0, 0.0, 0.0, 0.0, 1.0],
                [0.999995, -0.001948, -0.000175, -0.0, -0.000174, -0.177906, 0.984046, 0.37472, -0.001948, -0.98405, -0.177905, 0.0, 0.0, 0.0, 0.0, 1.0],
                [0.999994, -0.001952, 0.000115, 0.0, 0.000115, 0.117481, 0.993074, 0.37472, -0.001952, -0.993078, 0.11748, -0.0, 0.0, 0.0, 0.0, 1.0],
                [0.999993, -0.001811, 0.000738, -0.0, 0.000737, 0.698495, 0.715618, 0.37472, -0.001811, -0.715618, 0.698493, 0.0, 0.0, 0.0, 0.0, 1.0],
                [0.999998, -0.001458, 0.001302, -0.0, 0.0013, 0.993423, 0.114497, 0.37472, -0.00146, -0.114495, 0.993422, -0.0, 0.0, 0.0, 0.0, 1.0],
                [0.999999, -0.001867, 0.000585, 0.0, 0.000584, 0.570183, 0.821518, 0.37472, -0.001868, -0.821515, 0.570183, 0.0, 0.0, 0.0, 0.0, 1.0],
                [0.999999, -0.001703, 0.000959, 0.0, 0.000957, 0.854429, 0.519565, 0.37472, -0.001705, -0.519563, 0.85443, 0.0, 0.0, 0.0, 0.0, 1.0],
                [0.999999, -0.00174, 0.000891, 0.0, 0.000889, 0.810536, 0.585686, 0.37472, -0.001742, -0.585683, 0.810538, 0.0, 0.0, 0.0, 0.0, 1.0],
                [0.999999, -0.001818, 0.000719, -0.0, 0.000716, 0.682732, 0.730668, 0.37472, -0.001819, -0.730666, 0.682732, 0.0, 0.0, 0.0, 0.0, 1.0],
                [0.999999, -0.001822, 0.000709, 0.0, 0.000706, 0.674423, 0.738344, 0.37472, -0.001823, -0.738341, 0.674424, 0.0, 0.0, 0.0, 0.0, 1.0],
                [0.999999, -0.001819, 0.000715, -0.0, 0.000713, 0.679974, 0.733235, 0.374721, -0.00182, -0.733232, 0.679975, -1e-06, 0.0, 0.0, 0.0, 1.0],
                [0.999998, -0.001813, 0.000731, 0.0, 0.000728, 0.692561, 0.721359, 0.37472, -0.001814, -0.721356, 0.692561, 0.0, 0.0, 0.0, 0.0, 1.0],
                [0.999998, -0.001808, 0.000743, -0.0, 0.00074, 0.701702, 0.71247, 0.37472, -0.00181, -0.712468, 0.701702, -0.0, 0.0, 0.0, 0.0, 1.0],
                [0.999998, -0.001807, 0.000745, -0.0, 0.000743, 0.703831, 0.710366, 0.37472, -0.001808, -0.710364, 0.703832, -0.0, 0.0, 0.0, 0.0, 1.0],
                [0.999999, -0.001806, 0.000748, 0.0, 0.000745, 0.705955, 0.708256, 0.37472, -0.001807, -0.708253, 0.705956, 0.0, 0.0, 0.0, 0.0, 1.0],
                [0.999999, -0.001807, 0.000746, 0.0, 0.000743, 0.704097, 0.710102, 0.37472, -0.001808, -0.7101, 0.704098, 0.0, 0.0, 0.0, 0.0, 1.0],
                [0.999999, -0.001808, 0.000744, -0.0, 0.00074, 0.702235, 0.711945, 0.37472, -0.00181, -0.711942, 0.702235, 0.0, 0.0, 0.0, 0.0, 1.0],
                [0.999999, -0.00181, 0.000739, -0.0, 0.000735, 0.69835, 0.715756, 0.374721, -0.001812, -0.715753, 0.69835, -0.0, 0.0, 0.0, 0.0, 1.0],
                [0.999999, -0.001812, 0.000733, 0.0, 0.000731, 0.694445, 0.719545, 0.37472, -0.001813, -0.719542, 0.694445, -0.0, 0.0, 0.0, 0.0, 1.0],
                [0.999999, -0.001813, 0.000728, 0.0, 0.000726, 0.690519, 0.723313, 0.37472, -0.001815, -0.723311, 0.69052, -0.0, 0.0, 0.0, 0.0, 1.0],
                [0.999998, -0.001816, 0.000723, 0.0, 0.000721, 0.686553, 0.72708, 0.374721, -0.001817, -0.727078, 0.686553, -0.0, 0.0, 0.0, 0.0, 1.0],
                [0.999999, -0.001818, 0.00072, 0.0, 0.000718, 0.684012, 0.729469, 0.37472, -0.001819, -0.729466, 0.684013, 0.0, 0.0, 0.0, 0.0, 1.0],
                [0.999999, -0.001818, 0.000717, 0.0, 0.000714, 0.681444, 0.731869, 0.37472, -0.001819, -0.731866, 0.681445, -0.0, 0.0, 0.0, 0.0, 1.0],
                [0.999999, -0.001819, 0.000714, 0.0, 0.000711, 0.678868, 0.734259, 0.37472, -0.001821, -0.734257, 0.678868, 1e-06, 0.0, 0.0, 0.0, 1.0],
                [0.999999, -0.001854, 0.000619, 0.0, 0.000617, 0.599773, 0.80017, 0.37472, -0.001855, -0.800167, 0.599774, -0.0, 0.0, 0.0, 0.0, 1.0],
                [0.999999, -0.001902, 0.000458, 0.0, 0.000456, 0.454406, 0.890795, 0.37472, -0.001902, -0.890792, 0.454406, 0.0, 0.0, 0.0, 0.0, 1.0],
                [0.999999, -0.00194, 0.000242, -0.0, 0.00024, 0.244704, 0.969598, 0.37472, -0.00194, -0.969594, 0.244704, 0.0, 0.0, 0.0, 0.0, 1.0],
                [0.999999, -0.001953, 8.4e-05, -0.0, 8.2e-05, 0.085068, 0.996376, 0.37472, -0.001953, -0.996371, 0.085068, -1e-06, 0.0, 0.0, 0.0, 1.0],
                [0.999999, -0.001955, 3.1e-05, -0.0, 3.1e-05, 0.031982, 0.999489, 0.37472, -0.001955, -0.999484, 0.031982, 0.0, 0.0, 0.0, 0.0, 1.0],
                [0.999998, -0.001954, 7e-05, -0.0, 7.1e-05, 0.071935, 0.99741, 0.37472, -0.001954, -0.997407, 0.071934, -1e-06, 0.0, 0.0, 0.0, 1.0],
                [0.999999, -0.001947, 0.000172, -0.0, 0.000172, 0.175248, 0.984525, 0.37472, -0.001947, -0.984521, 0.175248, 0.0, 0.0, 0.0, 0.0, 1.0],
                [0.999999, -0.001929, 0.000318, 0.0, 0.000317, 0.320804, 0.947146, 0.37472, -0.001929, -0.947141, 0.320805, -1e-06, 0.0, 0.0, 0.0, 1.0],
                [0.999998, -0.001901, 0.000456, 0.0, 0.000456, 0.453685, 0.891163, 0.37472, -0.001902, -0.891159, 0.453686, -1e-06, 0.0, 0.0, 0.0, 1.0],
                [0.999998, -0.001873, 0.00056, -0.0, 0.000559, 0.548142, 0.836386, 0.37472, -0.001873, -0.836383, 0.548143, 0.0, 0.0, 0.0, 0.0, 1.0],
                [0.999998, -0.001841, 0.000659, 0.0, 0.000658, 0.634231, 0.773143, 0.37472, -0.001841, -0.77314, 0.634232, -0.0, 0.0, 0.0, 0.0, 1.0],
                [0.999998, -0.001812, 0.000734, -0.0, 0.000733, 0.695264, 0.718753, 0.37472, -0.001812, -0.718751, 0.695265, 0.0, 0.0, 0.0, 0.0, 1.0],
                [0.999998, -0.001789, 0.000788, 0.0, 0.000787, 0.737387, 0.67547, 0.37472, -0.00179, -0.675467, 0.737388, 0.0, 0.0, 0.0, 0.0, 1.0],
                [0.999998, -0.001771, 0.000827, -0.0, 0.000824, 0.765624, 0.643287, 0.37472, -0.001773, -0.643285, 0.765625, -0.0, 0.0, 0.0, 0.0, 1.0],
                [0.999998, -0.001759, 0.000853, 0.0, 0.000852, 0.784793, 0.619758, 0.37472, -0.00176, -0.619755, 0.784793, -0.0, 0.0, 0.0, 0.0, 1.0],
                [0.999999, -0.001746, 0.00088, 0.0, 0.000878, 0.80324, 0.595654, 0.37472, -0.001747, -0.595651, 0.803241, -0.0, 0.0, 0.0, 0.0, 1.0],
                [0.999995, -0.001635, 0.001071, 0.0, 0.001069, 0.91608, 0.400996, 0.37472, -0.001637, -0.400993, 0.916082, -0.0, 0.0, 0.0, 0.0, 1.0]
            ]
        },
        {
            "name": "Knee_R",
            "time": [0.0, 2.0],
            "transform": [
                [1.0, 0.0, -0.0, -0.0, -0.0, 1e-06, -1.0, 0.37472, -0.0, 1.0, 1e-06, -0.0, 0.0, 0.0, 0.0, 1.0],
                [1.0, 0.0, -0.0, 0.0, -0.0, 1e-06, -1.0, 0.37472, -0.0, 1.0, 1e-06, -0.0, 0.0, 0.0, 0.0, 1.0]
            ]
        },
        {
            "name": "Thigh_L",
            "time": [0.0, 0.0333, 0.0667, 0.1, 0.1333, 0.1667, 0.2, 0.2333, 0.2667, 0.3, 0.3333, 0.3667, 0.4, 0.4333, 0.4667, 0.5, 0.5333, 0.5667, 0.6, 0.6333, 0.6667, 0.7, 0.7333, 0.7667, 0.8, 0.8333, 0.8667, 0.9, 0.9333, 0.9667, 1.0, 1.0333, 1.0667, 1.1, 1.1333, 1.1667, 1.2, 1.2333, 1.2667, 1.3, 1.3333, 1.3667, 1.4, 1.4333, 1.4667, 1.5, 1.5333, 1.5667, 1.6, 1.6333, 1.6667, 1.7, 2.0],
            "transform": [
                [0.977992, -0.178528, -0.108003, -0.10211, -0.092409, -0.834678, 0.542929, -0.008068, -0.187076, -0.520997, -0.832805, 0.013854, 0.0, 0.0, 0.0, 1.0],
                [0.982543, -0.159674, -0.095503, -0.102658, -0.127467, -0.951605, 0.279639, -0.009488, -0.135533, -0.262582, -0.955344, 0.007408, 0.0, 0.0, 0.0, 1.0],
                [0.991624, -0.110843, -0.066371, -0.102667, -0.119046, -0.983517, -0.136076, -0.011476, -0.050194, 0.142837, -0.988473, -0.003357, 0.0, 0.0, 0.0, 1.0],
                [0.997003, -0.076075, 0.014402, -0.100897, -0.064065, -0.915002, -0.398325, -0.012643, 0.04348, 0.396205, -0.917132, -0.018532, 0.0, 0.0, 0.0, 1.0],
                [0.995179, -0.069769, 0.069, -0.096969, -0.007486, -0.755108, -0.655555, -0.011588, 0.097841, 0.651873, -0.751989, -0.033853, 0.0, 0.0, 0.0, 1.0],
                [0.994065, -0.06744, 0.085424, -0.092671, 0.019174, -0.664093, -0.747403, -0.008542, 0.107135, 0.744598, -0.658857, -0.044972, 0.0, 0.0, 0.0, 1.0],
                [0.994875, -0.073181, 0.069851, -0.089481, -0.001076, -0.698067, -0.71603, -0.004336, 0.101161, 0.712278, -0.694567, -0.051551, 0.0, 0.0, 0.0, 1.0],
                [0.995679, -0.08024, 0.046866, -0.086898, -0.039706, -0.823356, -0.566131, 0.000411, 0.084014, 0.561819, -0.822983, -0.055962, 0.0, 0.0, 0.0, 1.0],
                [0.995661, -0.083636, 0.040936, -0.08476, -0.067534, -0.951248, -0.300929, 0.005266, 0.06411, 0.296856, -0.952768, -0.058917, 0.0, 0.0, 0.0, 1.0],
                [0.99429, -0.079734, 0.071006, -0.082748, -0.081627, -0.996365, 0.024163, 0.010051, 0.068822, -0.02982, -0.997184, -0.061112, 0.0, 0.0, 0.0, 1.0],
                [0.990721, -0.059055, 0.12246, -0.080568, -0.08157, -0.978794, 0.187888, 0.014618, 0.108769, -0.196131, -0.974527, -0.063072, 0.0, 0.0, 0.0, 1.0],
                [0.986584, -0.010146, 0.162974, -0.080576, -0.05337, -0.963285, 0.26311, 0.015643, 0.154322, -0.268275, -0.950902, -0.062816, 0.0, 0.0, 0.0, 1.0],
                [0.98143, 0.046694, 0.186073, -0.083485, -0.019814, -0.940064, 0.340415, 0.012985, 0.190818, -0.337777, -0.921681, -0.059537, 0.0, 0.0, 0.0, 1.0],
                [0.973711, 0.113421, 0.197565, -0.086703, 0.018252, -0.903296, 0.428624, 0.009522, 0.227076, -0.413747, -0.881618, -0.055453, 0.0, 0.0, 0.0, 1.0],
                [0.969196, 0.169649, 0.178572, -0.090933, 0.045666, -0.836178, 0.546551, 0.005406, 0.242041, -0.521556, -0.818166, -0.048837, 0.0, 0.0, 0.0, 1.0],
                [0.969015, 0.221486, 0.109363, -0.095135, 0.069307, -0.668733, 0.740265, 0.000795, 0.237094, -0.709743, -0.663362, -0.040398, 0.0, 0.0, 0.0, 1.0],
                [0.976313, 0.215912, -0.013744, -0.099004, 0.084899, -0.323923, 0.942267, -0.004823, 0.198993, -0.921121, -0.334581, -0.029297, 0.0, 0.0, 0.0, 1.0],
                [0.98804, -0.148891, -0.040023, -0.100843, 0.058932, 0.124841, 0.990425, -0.014031, -0.142468, -0.980945, 0.132122, 0.005971, 0.0, 0.0, 0.0, 1.0],
                [0.509592, -0.838009, -0.195091, -0.061075, 0.181203, -0.117131, 0.976445, -0.002835, -0.841117, -0.532942, 0.09216, 0.083332, 0.0, 0.0, 0.0, 1.0],
                [0.477952, -0.865943, -0.147332, -0.050148, 0.172981, -0.071656, 0.982315, 0.005609, -0.861183, -0.494987, 0.115543, 0.090201, 0.0, 0.0, 0.0, 1.0],
                [0.522991, -0.84181, -0.133558, -0.047424, 0.161942, -0.055702, 0.985227, 0.010967, -0.836811, -0.536895, 0.107193, 0.091176, 0.0, 0.0, 0.0, 1.0],
                [0.526973, -0.839063, -0.135185, -0.044672, 0.153495, -0.062485, 0.986172, 0.014732, -0.835904, -0.540438, 0.095864, 0.09203, 0.0, 0.0, 0.0, 1.0],
                [0.531657, -0.83454, -0.144514, -0.043079, 0.144365, -0.078838, 0.986378, 0.017692, -0.834564, -0.54528, 0.078563, 0.092267, 0.0, 0.0, 0.0, 1.0],
                [0.536618, -0.829711, -0.153698, -0.042325, 0.133757, -0.096204, 0.986333, 0.019829, -0.833156, -0.549844, 0.059354, 0.092183, 0.0, 0.0, 0.0, 1.0],
                [0.541503, -0.825921, -0.156943, -0.042152, 0.125867, -0.104931, 0.986482, 0.020618, -0.831222, -0.553939, 0.047135, 0.092087, 0.0, 0.0, 0.0, 1.0],
                [0.543784, -0.825359, -0.151932, -0.041771, 0.122328, -0.101152, 0.987321, 0.020543, -0.830261, -0.555477, 0.04596, 0.092278, 0.0, 0.0, 0.0, 1.0],
                [0.544601, -0.826108, -0.144765, -0.041054, 0.121506, -0.093072, 0.988217, 0.020294, -0.829846, -0.555775, 0.04969, 0.092653, 0.0, 0.0, 0.0, 1.0],
                [0.542473, -0.829011, -0.13589, -0.039957, 0.12266, -0.081863, 0.989066, 0.019781, -0.831068, -0.553213, 0.057278, 0.093242, 0.0, 0.0, 0.0, 1.0],
                [0.540988, -0.831611, -0.125529, -0.038882, 0.125795, -0.067567, 0.989752, 0.018996, -0.831567, -0.551238, 0.068059, 0.093858, 0.0, 0.0, 0.0, 1.0],
                [0.539504, -0.834086, -0.115057, -0.037807, 0.128847, -0.053256, 0.990233, 0.018196, -0.832064, -0.549061, 0.078737, 0.094454, 0.0, 0.0, 0.0, 1.0],
                [0.539812, -0.835245, -0.104742, -0.037256, 0.130676, -0.039773, 0.990627, 0.017263, -0.83158, -0.548441, 0.087677, 0.094847, 0.0, 0.0, 0.0, 1.0],
                [0.540373, -0.835836, -0.096836, -0.037174, 0.130948, -0.030147, 0.99093, 0.01621, -0.831173, -0.548154, 0.09316, 0.095064, 0.0, 0.0, 0.0, 1.0],
                [0.545575, -0.833056, -0.09148, -0.038003, 0.127951, -0.025079, 0.991463, 0.015171, -0.828236, -0.552624, 0.092907, 0.094908, 0.0, 0.0, 0.0, 1.0],
                [0.553767, -0.828092, -0.087226, -0.039755, 0.119803, -0.024428, 0.992497, 0.014221, -0.824007, -0.560064, 0.085679, 0.094337, 0.0, 0.0, 0.0, 1.0],
                [0.567053, -0.818987, -0.087828, -0.042697, 0.105795, -0.033328, 0.993829, 0.013428, -0.816858, -0.572847, 0.067745, 0.09316, 0.0, 0.0, 0.0, 1.0],
                [0.586934, -0.804451, -0.091479, -0.047047, 0.0844, -0.051579, 0.995096, 0.012769, -0.805223, -0.591778, 0.037622, 0.091136, 0.0, 0.0, 0.0, 1.0],
                [0.617229, -0.780587, -0.098561, -0.053231, 0.052327, -0.084267, 0.995068, 0.012255, -0.785041, -0.619344, -0.011166, 0.087742, 0.0, 0.0, 0.0, 1.0],
                [0.660969, -0.743003, -0.105209, -0.061217, 0.008655, -0.132645, 0.991126, 0.01179, -0.750361, -0.656017, -0.081243, 0.082439, 0.0, 0.0, 0.0, 1.0],
                [0.715874, -0.689905, -0.107501, -0.070178, -0.042338, -0.196571, 0.979575, 0.011295, -0.696942, -0.696704, -0.16993, 0.075034, 0.0, 0.0, 0.0, 1.0],
                [0.776114, -0.622464, -0.100921, -0.079071, -0.09414, -0.272621, 0.957505, 0.010767, -0.623523, -0.733636, -0.270184, 0.065688, 0.0, 0.0, 0.0, 1.0],
                [0.835381, -0.543545, -0.081819, -0.087105, -0.144433, -0.360687, 0.921436, 0.010196, -0.53035, -0.757937, -0.379818, 0.054698, 0.0, 0.0, 0.0, 1.0],
                [0.887019, -0.45927, -0.047584, -0.093662, -0.187661, -0.452759, 0.871662, 0.009573, -0.421869, -0.764257, -0.487793, 0.042651, 0.0, 0.0, 0.0, 1.0],
                [0.926203, -0.377021, -0.000533, -0.098411, -0.219294, -0.539882, 0.812674, 0.008897, -0.306681, -0.752589, -0.582718, 0.030322, 0.0, 0.0, 0.0, 1.0],
                [0.95066, -0.305638, 0.053158, -0.10134, -0.240535, -0.617996, 0.748482, 0.008194, -0.195912, -0.724344, -0.661021, 0.018613, 0.0, 0.0, 0.0, 1.0],
                [0.961659, -0.252214, 0.10767, -0.102744, -0.25539, -0.680652, 0.686653, 0.007556, -0.099897, -0.68783, -0.718968, 0.008368, 0.0, 0.0, 0.0, 1.0],
                [0.963593, -0.218741, 0.153734, -0.10312, -0.265883, -0.723683, 0.636863, 0.007042, -0.028053, -0.654557, -0.755494, 0.000425, 0.0, 0.0, 0.0, 1.0],
                [0.963466, -0.205797, 0.171392, -0.103002, -0.267818, -0.740386, 0.616527, 0.006613, 1.7e-05, -0.639909, -0.768452, -0.005504, 0.0, 0.0, 0.0, 1.0],
                [0.964686, -0.210169, 0.158754, -0.102663, -0.263235, -0.748874, 0.608193, 0.006199, -0.008936, -0.62851, -0.777752, -0.010268, 0.0, 0.0, 0.0, 1.0],
                [0.96668, -0.219593, 0.131534, -0.102218, -0.254347, -0.76623, 0.590088, 0.005856, -0.028793, -0.603887, -0.796552, -0.014165, 0.0, 0.0, 0.0, 1.0],
                [0.969936, -0.229957, 0.079609, -0.101761, -0.236623, -0.814896, 0.529113, 0.00552, -0.0568, -0.532047, -0.844809, -0.017253, 0.0, 0.0, 0.0, 1.0],
                [0.973625, -0.227731, 0.013686, -0.10134, -0.208458, -0.863659, 0.45896, 0.005309, -0.092699, -0.449711, -0.888351, -0.019631, 0.0, 0.0, 0.0, 1.0],
                [0.974812, -0.221692, -0.024272, -0.100973, -0.192826, -0.892532, 0.40769, 0.005028, -0.112045, -0.392743, -0.912798, -0.021509, 0.0, 0.0, 0.0, 1.0],
                [0.984786, -0.167668, 0.045695, -0.128273, -0.173724, -0.942938, 0.284054, 0.04514, -0.004539, -0.28767, -0.957719, -0.048975, 0.0, 0.0, 0.0, 1.0]
            ]
        },
        {
            "name": "Leg_L",
            "time": [0.0, 0.0333, 0.0667, 0.1, 0.1333, 0.1667, 0.2, 0.2333, 0.2667, 0.3, 0.3333, 0.3667, 0.4, 0.4333, 0.4667, 0.5, 0.5333, 0.5667, 0.6, 0.6333, 0.6667, 0.7, 0.7333, 0.7667, 0.8, 0.8333, 0.8667, 0.9, 0.9333, 0.9667, 1.0, 1.0333, 1.0667, 1.1, 1.1333, 1.1667, 1.2, 1.2333, 1.2667, 1.3, 1.3333, 1.3667, 1.4, 1.4333, 1.4667, 1.5, 1.5333, 1.5667, 1.6, 1.6333, 1.6667, 1.7, 2.0],
            "transform": [
                [1.000002, -0.001952, 9.2e-05, 0.0, 9.1e-05, 0.093455, 0.995626, 0.37472, -0.001952, -0.995615, 0.093456, -0.0, 0.0, 0.0, 0.0, 1.0],
                [1.000003, -0.001925, 0.000339, -0.0, 0.000338, 0.340782, 0.940143, 0.37472, -0.001925, -0.940132, 0.340786, -0.0, 0.0, 0.0, 0.0, 1.0],
                [1.000003, -0.001783, 0.0008, 0.0, 0.000798, 0.746322, 0.665581, 0.37472, -0.001784, -0.665575, 0.746326, 0.0, 0.0, 0.0, 0.0, 1.0],
                [1.000002, -0.001686, 0.00099, -0.0, 0.000988, 0.872818, 0.488038, 0.37472, -0.001687, -0.488034, 0.872822, 0.0, 0.0, 0.0, 0.0, 1.0],
                [1.000003, -0.001471, 0.001288, 0.0, 0.001286, 0.991106, 0.133042, 0.37472, -0.001472, -0.13304, 0.991109, -0.0, 0.0, 0.0, 0.0, 1.0],
                [1.000003, -0.001389, 0.001376, 0.0, 0.001374, 0.999942, 0.010364, 0.37472, -0.001391, -0.010362, 0.999944, 0.0, 0.0, 0.0, 0.0, 1.0],
                [1.000003, -0.001468, 0.001291, -0.0, 0.001289, 0.991651, 0.128924, 0.37472, -0.001469, -0.128922, 0.991652, 0.0, 0.0, 0.0, 0.0, 1.0],
                [1.000002, -0.001678, 0.001003, -0.0, 0.001001, 0.88003, 0.474911, 0.37472, -0.00168, -0.474907, 0.880033, 0.0, 0.0, 0.0, 0.0, 1.0],
                [1.000002, -0.001869, 0.000573, -0.0, 0.000572, 0.559883, 0.828571, 0.37472, -0.001869, -0.828563, 0.559887, -0.0, 0.0, 0.0, 0.0, 1.0],
                [1.000002, -0.001945, 0.0002, 0.0, 0.000199, 0.203409, 0.979096, 0.37472, -0.001945, -0.979085, 0.203411, 0.0, 0.0, 0.0, 0.0, 1.0],
                [1.000002, -0.001953, 8.6e-05, -0.0, 8.4e-05, 0.086935, 0.996217, 0.37472, -0.001953, -0.996205, 0.086935, 0.0, 0.0, 0.0, 0.0, 1.0],
                [1.000002, -0.001955, 3e-05, 0.0, 2.9e-05, 0.030057, 0.999551, 0.37472, -0.001955, -0.99954, 0.030057, 0.0, 0.0, 0.0, 0.0, 1.0],
                [1.000002, -0.001954, -6.2e-05, -0.0, -6.2e-05, -0.063442, 0.997989, 0.37472, -0.001954, -0.997977, -0.063442, -0.0, 0.0, 0.0, 0.0, 1.0],
                [1.000001, -0.001947, -0.000176, -0.0, -0.000175, -0.178791, 0.98389, 0.37472, -0.001947, -0.983879, -0.178792, -0.0, 0.0, 0.0, 0.0, 1.0],
                [1.000001, -0.001929, -0.000321, -0.0, -0.000321, -0.324018, 0.946053, 0.37472, -0.001929, -0.946042, -0.324021, 0.0, 0.0, 0.0, 0.0, 1.0],
                [1.000001, -0.001876, -0.000551, -0.0, -0.00055, -0.540223, 0.841523, 0.37472, -0.001876, -0.841514, -0.540227, 0.0, 0.0, 0.0, 0.0, 1.0],
                [0.999994, -0.001795, -0.000775, 0.0, -0.000774, -0.727276, 0.686347, 0.37472, -0.001796, -0.686341, -0.727281, 0.0, 0.0, 0.0, 0.0, 1.0],
                [0.999996, -0.001788, -0.000793, 0.0, -0.000793, -0.741518, 0.670934, 0.37472, -0.001788, -0.670929, -0.741521, -0.0, 0.0, 0.0, 0.0, 1.0],
                [0.999996, -0.00195, 0.000146, 0.0, 0.000144, 0.148423, 0.988925, 0.37472, -0.00195, -0.988923, 0.148423, 0.0, 0.0, 0.0, 0.0, 1.0],
                [0.999996, -0.001952, 0.00011, -0.0, 0.000109, 0.111976, 0.993712, 0.37472, -0.001952, -0.99371, 0.111976, 0.0, 0.0, 0.0, 0.0, 1.0],
                [0.999996, -0.001949, 0.000152, -0.0, 0.00015, 0.153823, 0.9881, 0.37472, -0.001949, -0.988097, 0.153823, 0.0, 0.0, 0.0, 0.0, 1.0],
                [0.999996, -0.001948, 0.000168, -0.0, 0.000166, 0.169922, 0.985459, 0.37472, -0.001949, -0.985457, 0.169922, -0.0, 0.0, 0.0, 0.0, 1.0],
                [0.999997, -0.001946, 0.000192, -0.0, 0.00019, 0.194099, 0.980983, 0.37472, -0.001946, -0.98098, 0.1941, -0.0, 0.0, 0.0, 0.0, 1.0],
                [0.999997, -0.001943, 0.000216, 0.0, 0.000213, 0.218159, 0.975914, 0.37472, -0.001944, -0.975912, 0.218159, 0.0, 0.0, 0.0, 0.0, 1.0],
