{
    "animation": [
        {
            "name": "Root",
            "time": [0.0, 0.5, 0.6333, 0.7333, 0.8667, 1.0, 1.2667, 1.5, 1.6667, 1.7667, 1.8667, 2.0, 2.5],
            "transform": [
                [1.0, 0.0, 0.0, -5e-06, 0.0, 0.0, -1.0, 0.000946, 0.0, 1.0, 0.0, 0.671468, 0.0, 0.0, 0.0, 1.0],
                [1.0, 0.0, 0.0, -5e-06, 0.0, 0.0, -1.0, 2.827323, 0.0, 1.0, 0.0, 0.430132, 0.0, 0.0, 0.0, 1.0],
                [1.0, 0.0, 0.0, -5e-06, 0.0, 0.0, -1.0, 3.360889, 0.0, 1.0, 0.0, 0.476514, 0.0, 0.0, 0.0, 1.0],
                [1.0, 0.0, 0.0, -5e-06, 0.0, 0.0, -1.0, 3.978959, 0.0, 1.0, 0.0, 0.506618, 0.0, 0.0, 0.0, 1.0],
                [1.0, 0.0, 0.0, -5e-06, 0.0, 0.0, -1.0, 4.388313, 0.0, 1.0, 0.0, 0.491081, 0.0, 0.0, 0.0, 1.0],
                [1.0, 0.0, 0.0, -5e-06, 0.0, 0.0, -1.0, 4.622971, 0.0, 1.0, 0.0, 0.475545, 0.0, 0.0, 0.0, 1.0],
                [1.0, 0.0, 0.0, -5e-06, 0.0, 0.0, -1.0, 4.651927, 0.0, 1.0, 0.0, 0.475545, 0.0, 0.0, 0.0, 1.0],
                [1.0, 0.0, 0.0, -5e-06, 0.0, 0.0, -1.0, 4.689183, 0.0, 1.0, 0.0, 0.475545, 0.0, 0.0, 0.0, 1.0],
                [1.0, 0.0, 0.0, -5e-06, 0.0, 0.0, -1.0, 4.719661, 0.0, 1.0, 0.0, 0.502337, 0.0, 0.0, 0.0, 1.0],
                [1.0, 0.0, 0.0, -5e-06, 0.0, 0.0, -1.0, 4.734244, 0.0, 1.0, 0.0, 0.55164, 0.0, 0.0, 0.0, 1.0],
                [1.0, 0.0, 0.0, -5e-06, 0.0, 0.0, -1.0, 4.775151, 0.0, 1.0, 0.0, 0.580963, 0.0, 0.0, 0.0, 1.0],
                [1.0, 0.0, 0.0, -5e-06, 0.0, 0.0, -1.0, 4.802073, 0.0, 1.0, 0.0, 0.634874, 0.0, 0.0, 0.0, 1.0],
                [1.0, 0.0, 0.0, -5e-06, 0.0, 0.0, -1.0, 4.802073, 0.0, 1.0, 0.0, 0.634874, 0.0, 0.0, 0.0, 1.0]
            ]
        },
        {
            "name": "Thigh_R",
            "time": [0.0, 0.0333, 0.0667, 0.1, 0.1333, 0.1667, 0.2, 0.2333, 0.2667, 0.3, 0.3333, 0.3667, 0.4, 0.4333, 0.4667, 0.5, 0.5333, 0.5667, 0.6, 0.6333, 0.6667, 0.7, 0.7333, 0.7667, 0.8, 0.8333, 0.8667, 0.9, 0.9333, 0.9667, 1.0, 1.0333, 1.0667, 1.1, 1.1333, 1.1667, 1.2, 1.2333, 1.2667, 1.3, 1.3333, 1.3667, 1.4, 1.4333, 1.4667, 1.5, 1.5333, 1.5667, 1.6, 1.6333, 1.6667, 1.7, 1.7333, 1.7667, 1.8, 1.8333, 1.8667, 1.9, 1.9333, 1.9667, 2.0, 2.0333, 2.0667, 2.1, 2.1333, 2.1667, 2.2, 2.2333, 2.2667, 2.3, 2.3333, 2.3667, 2.4, 2.4333, 2.4667, 2.5],
            "transform": [
                [0.984822, 0.132597, 0.112003, 0.124994, 0.021256, -0.732563, 0.680367, -0.002831, 0.172264, -0.667658, -0.724263, -1.2e-05, 0.0, 0.0, 0.0, 1.0],
                [0.997886, 0.005987, 0.06473, 0.124994, -0.039791, -0.731152, 0.681052, -0.002831, 0.051405, -0.682187, -0.729368, -1.2e-05, 0.0, 0.0, 0.0, 1.0],
                [0.997059, -0.063484, 0.042982, 0.124994, -0.076433, -0.779401, 0.621843, -0.002831, -0.005976, -0.623297, -0.781961, -1.2e-05, 0.0, 0.0, 0.0, 1.0],
                [0.988947, -0.146012, -0.025843, 0.124994, -0.121125, -0.896001, 0.427211, -0.002831, -0.085533, -0.419358, -0.903782, -1.2e-05, 0.0, 0.0, 0.0, 1.0],
                [0.966466, -0.18852, -0.17437, 0.124994, -0.175772, -0.980666, 0.086008, -0.002831, -0.187213, -0.052474, -0.980917, -1.2e-05, 0.0, 0.0, 0.0, 1.0],
                [0.935303, -0.107889, -0.336996, 0.124994, -0.238672, -0.895466, -0.375735, -0.002831, -0.26123, 0.431859, -0.863283, -1.2e-05, 0.0, 0.0, 0.0, 1.0],
                [0.911549, -0.006698, -0.411137, 0.124994, -0.285054, -0.730905, -0.620098, -0.002831, -0.296349, 0.682446, -0.668165, -1.2e-05, 0.0, 0.0, 0.0, 1.0],
                [0.900029, 0.056364, -0.432172, 0.124994, -0.311942, -0.60919, -0.729094, -0.002831, -0.30437, 0.791018, -0.530706, -1.2e-05, 0.0, 0.0, 0.0, 1.0],
                [0.923674, 0.001439, -0.383178, 0.124994, -0.258799, -0.735103, -0.626615, -0.002831, -0.282577, 0.677953, -0.678623, -1.2e-05, 0.0, 0.0, 0.0, 1.0],
                [0.931872, -0.026753, -0.3618, 0.124994, -0.190359, -0.885018, -0.424859, -0.002831, -0.308833, 0.464786, -0.829817, -1.2e-05, 0.0, 0.0, 0.0, 1.0],
                [0.913934, -0.015286, -0.405577, 0.124994, -0.122592, -0.963011, -0.239955, -0.002831, -0.386907, 0.269024, -0.882003, -1.2e-05, 0.0, 0.0, 0.0, 1.0],
                [0.854943, 0.012442, -0.518573, 0.124994, -0.02126, -0.998031, -0.058996, -0.002831, -0.518287, 0.061464, -0.852996, -1.2e-05, 0.0, 0.0, 0.0, 1.0],
                [0.76419, 0.046756, -0.643295, 0.124994, 0.130034, -0.988057, 0.082656, -0.002831, -0.631749, -0.146814, -0.761143, -1.2e-05, 0.0, 0.0, 0.0, 1.0],
                [0.676633, 0.037703, -0.735355, 0.124994, 0.277022, -0.938348, 0.206789, -0.002831, -0.682222, -0.343629, -0.645362, -1.2e-05, 0.0, 0.0, 0.0, 1.0],
                [0.603647, -0.122436, -0.787794, 0.124994, 0.363479, -0.8372, 0.40863, -0.002831, -0.709573, -0.533014, -0.460871, -1.2e-05, 0.0, 0.0, 0.0, 1.0],
                [0.553978, -0.307124, -0.773811, 0.124994, 0.39311, -0.722826, 0.568319, -0.002831, -0.733876, -0.619028, -0.279696, -1.1e-05, 0.0, 0.0, 0.0, 1.0],
                [0.544607, -0.465619, -0.697569, 0.124994, 0.190837, -0.741119, 0.643679, -0.002831, -0.816693, -0.483673, -0.314761, -1.2e-05, 0.0, 0.0, 0.0, 1.0],
                [0.616152, -0.53975, -0.573609, 0.124994, -0.006618, -0.731795, 0.681491, -0.002831, -0.787602, -0.416105, -0.454469, -1.1e-05, 0.0, 0.0, 0.0, 1.0],
                [0.844624, -0.361823, -0.394584, 0.124994, -0.081286, -0.815167, 0.573492, -0.002831, -0.529156, -0.452309, -0.717921, -1.2e-05, 0.0, 0.0, 0.0, 1.0],
                [0.976789, -0.104533, -0.186971, 0.124994, -0.024152, -0.921024, 0.388754, -0.002831, -0.212843, -0.375214, -0.902171, -1.2e-05, 0.0, 0.0, 0.0, 1.0],
                [0.993156, 0.106319, 0.048354, 0.124994, 0.086747, -0.948662, 0.304161, -0.002831, 0.07821, -0.297884, -0.951393, -1.2e-05, 0.0, 0.0, 0.0, 1.0],
                [0.876194, 0.351603, 0.329637, 0.124994, 0.250497, -0.916537, 0.311783, -0.002831, 0.41175, -0.190609, -0.89114, -1.2e-05, 0.0, 0.0, 0.0, 1.0],
                [0.671672, 0.525913, 0.521798, 0.124994, 0.37892, -0.849096, 0.36804, -0.002831, 0.636615, -0.049482, -0.769593, -1.2e-05, 0.0, 0.0, 0.0, 1.0],
                [0.533906, 0.595835, 0.599938, 0.124994, 0.460067, -0.800014, 0.385117, -0.002831, 0.709427, 0.070396, -0.701256, -1.1e-05, 0.0, 0.0, 0.0, 1.0],
                [0.440537, 0.631103, 0.638464, 0.124994, 0.530583, -0.756723, 0.381903, -0.002831, 0.724163, 0.170515, -0.668217, -1.2e-05, 0.0, 0.0, 0.0, 1.0],
                [0.383497, 0.642633, 0.663289, 0.124994, 0.591016, -0.72265, 0.358437, -0.002831, 0.70967, 0.254554, -0.656941, -1.2e-05, 0.0, 0.0, 0.0, 1.0],
                [0.345198, 0.628284, 0.697206, 0.124994, 0.633875, -0.70391, 0.320488, -0.002831, 0.69213, 0.331309, -0.641242, -1.2e-05, 0.0, 0.0, 0.0, 1.0],
                [0.315808, 0.595612, 0.738587, 0.124994, 0.663981, -0.694793, 0.276391, -0.002831, 0.677789, 0.40312, -0.614896, -1.2e-05, 0.0, 0.0, 0.0, 1.0],
                [0.296684, 0.571334, 0.765216, 0.124994, 0.683439, -0.686689, 0.247728, -0.002831, 0.667003, 0.44948, -0.594202, -1.2e-05, 0.0, 0.0, 0.0, 1.0],
                [0.286486, 0.556296, 0.780038, 0.124994, 0.69261, -0.682791, 0.232568, -0.002831, 0.66198, 0.473635, -0.580907, -1.2e-05, 0.0, 0.0, 0.0, 1.0],
                [0.285495, 0.550956, 0.784181, 0.124994, 0.694882, -0.682509, 0.226541, -0.002831, 0.660026, 0.480236, -0.577702, -1.1e-05, 0.0, 0.0, 0.0, 1.0],
                [0.291041, 0.550997, 0.78211, 0.124994, 0.694681, -0.683802, 0.223234, -0.002831, 0.657811, 0.478346, -0.581782, -1.2e-05, 0.0, 0.0, 0.0, 1.0],
                [0.303104, 0.546043, 0.781002, 0.124994, 0.693747, -0.68831, 0.211998, -0.002831, 0.653333, 0.47756, -0.587446, -1.2e-05, 0.0, 0.0, 0.0, 1.0],
                [0.321966, 0.533739, 0.781959, 0.124994, 0.690851, -0.697194, 0.19143, -0.002831, 0.647351, 0.478583, -0.593207, -1.2e-05, 0.0, 0.0, 0.0, 1.0],
                [0.343989, 0.519759, 0.781998, 0.124994, 0.685587, -0.708089, 0.169057, -0.002831, 0.641594, 0.477974, -0.599916, -1.2e-05, 0.0, 0.0, 0.0, 1.0],
                [0.369285, 0.504797, 0.780261, 0.124994, 0.677167, -0.721182, 0.146084, -0.002831, 0.636454, 0.47442, -0.608154, -1.2e-05, 0.0, 0.0, 0.0, 1.0],
                [0.398087, 0.48946, 0.775858, 0.124994, 0.665951, -0.735862, 0.122535, -0.002831, 0.630901, 0.467904, -0.618894, -1.2e-05, 0.0, 0.0, 0.0, 1.0],
                [0.42752, 0.475797, 0.768663, 0.124994, 0.654077, -0.749748, 0.100301, -0.002831, 0.624027, 0.459884, -0.631741, -1.1e-05, 0.0, 0.0, 0.0, 1.0],
                [0.459269, 0.460588, 0.759559, 0.124994, 0.640592, -0.76411, 0.076014, -0.002831, 0.615399, 0.451656, -0.645981, -1.2e-05, 0.0, 0.0, 0.0, 1.0],
                [0.491347, 0.443483, 0.7496, 0.124994, 0.626939, -0.777522, 0.049059, -0.002831, 0.604588, 0.445848, -0.66007, -1.2e-05, 0.0, 0.0, 0.0, 1.0],
                [0.524654, 0.427137, 0.736405, 0.124994, 0.613439, -0.789466, 0.020868, -0.002831, 0.59028, 0.440791, -0.676219, -1.2e-05, 0.0, 0.0, 0.0, 1.0],
                [0.557041, 0.410796, 0.72177, 0.124994, 0.59998, -0.799977, -0.007738, -0.002831, 0.574221, 0.437358, -0.69209, -1.1e-05, 0.0, 0.0, 0.0, 1.0],
                [0.587589, 0.394811, 0.706303, 0.124994, 0.585729, -0.809766, -0.034634, -0.002831, 0.558267, 0.434052, -0.707062, -1.2e-05, 0.0, 0.0, 0.0, 1.0],
                [0.617344, 0.378895, 0.689438, 0.124994, 0.571484, -0.818265, -0.062027, -0.00283, 0.540642, 0.432295, -0.721684, -1.2e-05, 0.0, 0.0, 0.0, 1.0],
                [0.644269, 0.359532, 0.675021, 0.124994, 0.556604, -0.825729, -0.091443, -0.002831, 0.524509, 0.434634, -0.732109, -1.2e-05, 0.0, 0.0, 0.0, 1.0],
                [0.667568, 0.337328, 0.663749, 0.124994, 0.543091, -0.830441, -0.12417, -0.002831, 0.509319, 0.443368, -0.737576, -1.2e-05, 0.0, 0.0, 0.0, 1.0],
                [0.691802, 0.316763, 0.6489, 0.124994, 0.529275, -0.833747, -0.157269, -0.002831, 0.491202, 0.452246, -0.744443, -1.1e-05, 0.0, 0.0, 0.0, 1.0],
                [0.717921, 0.303679, 0.626394, 0.124994, 0.514539, -0.837565, -0.183663, -0.002831, 0.468872, 0.45416, -0.757561, -1.2e-05, 0.0, 0.0, 0.0, 1.0],
                [0.746206, 0.291965, 0.598275, 0.124994, 0.498034, -0.841176, -0.210676, -0.002831, 0.441745, 0.455169, -0.773099, -1.2e-05, 0.0, 0.0, 0.0, 1.0],
                [0.773399, 0.264271, 0.576207, 0.124994, 0.480208, -0.837616, -0.260381, -0.002831, 0.41383, 0.478077, -0.774717, -1.2e-05, 0.0, 0.0, 0.0, 1.0],
                [0.800328, 0.258919, 0.540774, 0.124994, 0.465071, -0.83733, -0.28738, -0.002831, 0.378399, 0.481497, -0.790554, -1.2e-05, 0.0, 0.0, 0.0, 1.0],
                [0.825015, 0.276899, 0.492624, 0.124994, 0.453966, -0.843896, -0.285925, -0.002831, 0.336551, 0.459527, -0.82193, -1.2e-05, 0.0, 0.0, 0.0, 1.0],
                [0.857569, 0.3065, 0.413079, 0.124994, 0.420797, -0.879894, -0.220717, -0.002831, 0.295816, 0.363102, -0.883544, -1.2e-05, 0.0, 0.0, 0.0, 1.0],
                [0.887523, 0.347468, 0.302603, 0.124994, 0.389216, -0.91686, -0.088757, -0.002831, 0.246605, 0.196553, -0.948975, -1.2e-05, 0.0, 0.0, 0.0, 1.0],
                [0.903649, 0.363704, 0.226139, 0.124994, 0.369255, -0.929137, 0.018818, -0.002831, 0.216959, 0.066499, -0.973913, -1.2e-05, 0.0, 0.0, 0.0, 1.0],
                [0.910233, 0.357036, 0.20977, 0.124994, 0.352986, -0.933843, 0.057766, -0.002831, 0.216517, 0.021465, -0.976043, -1.1e-05, 0.0, 0.0, 0.0, 1.0],
                [0.911191, 0.350717, 0.21617, 0.124994, 0.341474, -0.936481, 0.079994, -0.002831, 0.230495, 0.000927, -0.973073, -1.1e-05, 0.0, 0.0, 0.0, 1.0],
                [0.91136, 0.338175, 0.234652, 0.124994, 0.325888, -0.941062, 0.090535, -0.002831, 0.251439, -0.006039, -0.967854, -1.2e-05, 0.0, 0.0, 0.0, 1.0],
                [0.909567, 0.327346, 0.255994, 0.124994, 0.311291, -0.944811, 0.102119, -0.002831, 0.275294, -0.013195, -0.961269, -1.2e-05, 0.0, 0.0, 0.0, 1.0],
                [0.906645, 0.316565, 0.278893, 0.124994, 0.295084, -0.94827, 0.117082, -0.002831, 0.301531, -0.023855, -0.953158, -1.2e-05, 0.0, 0.0, 0.0, 1.0],
                [0.903001, 0.305908, 0.301679, 0.124994, 0.284929, -0.951933, 0.112416, -0.002831, 0.321567, -0.015555, -0.946759, -1.2e-05, 0.0, 0.0, 0.0, 1.0],
                [0.89935, 0.294153, 0.323488, 0.124994, 0.28055, -0.955698, 0.089057, -0.002831, 0.335354, 0.010661, -0.942032, -1.2e-05, 0.0, 0.0, 0.0, 1.0],
                [0.895547, 0.283962, 0.342581, 0.124994, 0.276243, -0.958368, 0.072252, -0.002831, 0.348835, 0.029931, -0.936706, -1.2e-05, 0.0, 0.0, 0.0, 1.0],
                [0.892732, 0.275558, 0.356508, 0.124994, 0.27289, -0.960242, 0.058865, -0.002831, 0.358555, 0.044737, -0.932436, -1.2e-05, 0.0, 0.0, 0.0, 1.0],
                [0.889944, 0.269202, 0.368145, 0.124994, 0.269591, -0.961598, 0.05146, -0.002831, 0.367861, 0.053452, -0.928343, -1.2e-05, 0.0, 0.0, 0.0, 1.0],
                [0.887424, 0.264257, 0.377688, 0.124994, 0.265716, -0.962789, 0.049305, -0.002831, 0.376663, 0.056604, -0.924619, -1.2e-05, 0.0, 0.0, 0.0, 1.0],
                [0.88449, 0.262644, 0.385612, 0.124994, 0.263421, -0.963284, 0.051887, -0.002831, 0.385082, 0.055686, -0.921201, -1.1e-05, 0.0, 0.0, 0.0, 1.0],
                [0.881916, 0.262301, 0.391694, 0.124994, 0.260681, -0.963657, 0.058389, -0.002831, 0.392774, 0.050614, -0.918241, -1.2e-05, 0.0, 0.0, 0.0, 1.0],
                [0.879449, 0.263243, 0.396577, 0.124994, 0.257496, -0.96383, 0.068758, -0.002831, 0.400333, 0.041649, -0.915423, -1.2e-05, 0.0, 0.0, 0.0, 1.0],
                [0.876947, 0.264264, 0.401409, 0.124994, 0.254249, -0.963896, 0.079123, -0.002831, 0.407826, 0.032671, -0.912475, -1.2e-05, 0.0, 0.0, 0.0, 1.0],
                [0.87441, 0.265364, 0.406188, 0.124994, 0.250943, -0.963857, 0.089483, -0.002831, 0.415252, 0.023686, -0.909398, -1.2e-05, 0.0, 0.0, 0.0, 1.0],
                [0.871826, 0.266548, 0.410941, 0.124994, 0.247554, -0.963709, 0.099898, -0.002831, 0.422656, 0.014637, -0.906172, -1.2e-05, 0.0, 0.0, 0.0, 1.0],
                [0.869241, 0.267796, 0.41558, 0.124994, 0.244149, -0.963458, 0.110174, -0.002831, 0.429898, 0.005696, -0.902859, -1.1e-05, 0.0, 0.0, 0.0, 1.0],
                [0.866261, 0.268106, 0.421559, 0.124994, 0.24089, -0.963389, 0.117698, -0.002831, 0.437681, -0.000408, -0.899131, -1.1e-05, 0.0, 0.0, 0.0, 1.0],
                [0.86324, 0.268459, 0.427489, 0.124994, 0.237561, -0.963269, 0.12521, -0.002831, 0.445401, -0.006531, -0.895308, -1.1e-05, 0.0, 0.0, 0.0, 1.0],
                [0.860058, 0.266639, 0.434977, 0.124994, 0.233879, -0.963757, 0.128344, -0.002831, 0.453434, -0.008651, -0.891248, -1.2e-05, 0.0, 0.0, 0.0, 1.0]
            ]
        },
        {
            "name": "Leg_R",
            "time": [0.0, 0.0333, 0.0667, 0.1, 0.1333, 0.1667, 0.2, 0.2333, 0.2667, 0.3, 0.3333, 0.3667, 0.4, 0.4333, 0.4667, 0.5, 0.5333, 0.5667, 0.6, 0.6333, 0.6667, 0.7, 0.7333, 0.7667, 0.8, 0.8333, 0.8667, 0.9, 0.9333, 0.9667, 1.0, 1.0333, 1.0667, 1.1, 1.1333, 1.1667, 1.2, 1.2333, 1.2667, 1.3, 1.3333, 1.3667, 1.4, 1.4333, 1.4667, 1.5, 1.5333, 1.5667, 1.6, 1.6333, 1.6667, 1.7, 1.7333, 1.7667, 1.8, 1.8333, 1.8667, 1.9, 1.9333, 1.9667, 2.0, 2.0333, 2.0667, 2.1, 2.1333, 2.1667, 2.2, 2.2333, 2.2667, 2.3, 2.3333, 2.3667, 2.4, 2.4333, 2.4667, 2.5],
            "transform": [
                [0.999999, -0.001819, 0.000717, 0.0, 0.000714, 0.681077, 0.732211, 0.37472, -0.00182, -0.732208, 0.681078, 0.0, 0.0, 0.0, 0.0, 1.0],
                [0.999999, -0.001892, 0.000498, -0.0, 0.000496, 0.491288, 0.870997, 0.37472, -0.001892, -0.870993, 0.491289, 0.0, 0.0, 0.0, 0.0, 1.0],
                [1.0, -0.001946, 0.000192, 0.0, 0.000191, 0.194651, 0.980874, 0.37472, -0.001946, -0.980867, 0.194652, -0.0, 0.0, 0.0, 0.0, 1.0],
                [0.999999, -0.001954, 7.6e-05, 0.0, 7.5e-05, 0.077571, 0.996988, 0.37472, -0.001954, -0.996983, 0.077572, -0.0, 0.0, 0.0, 0.0, 1.0],
                [0.999998, -0.001939, 0.000254, -0.0, 0.000253, 0.257386, 0.966309, 0.37472, -0.001939, -0.966307, 0.257386, -0.0, 0.0, 0.0, 0.0, 1.0],
                [0.999998, -0.00179, 0.000785, 0.0, 0.000783, 0.734877, 0.6782, 0.37472, -0.001791, -0.678199, 0.734876, -0.0, 0.0, 0.0, 0.0, 1.0],
                [0.999998, -0.001595, 0.00113, -0.0, 0.001128, 0.942932, 0.332983, 0.37472, -0.001597, -0.33298, 0.942932, -0.0, 0.0, 0.0, 0.0, 1.0],
                [0.999998, -0.001475, 0.001283, -0.0, 0.001281, 0.990164, 0.139903, 0.37472, -0.001477, -0.139901, 0.990165, -0.0, 0.0, 0.0, 0.0, 1.0],
                [0.999999, -0.001726, 0.000918, 0.0, 0.000916, 0.828383, 0.560161, 0.37472, -0.001727, -0.560158, 0.828384, -0.0, 0.0, 0.0, 0.0, 1.0],
                [0.999998, -0.001915, 0.000392, 0.0, 0.000391, 0.3921, 0.919923, 0.37472, -0.001916, -0.91992, 0.3921, -0.0, 0.0, 0.0, 0.0, 1.0],
                [0.999999, -0.001955, -2.4e-05, -0.0, -2.5e-05, -0.025239, 0.999682, 0.37472, -0.001955, -0.999678, -0.025239, -0.0, 0.0, 0.0, 0.0, 1.0],
                [0.999999, -0.001929, -0.00032, -0.0, -0.000319, -0.322412, 0.9466, 0.37472, -0.00193, -0.946597, -0.322413, -0.0, 0.0, 0.0, 0.0, 1.0],
                [0.999999, -0.001904, -0.000447, -0.0, -0.000447, -0.444983, 0.895539, 0.37472, -0.001904, -0.895535, -0.444984, 0.0, 0.0, 0.0, 0.0, 1.0],
                [0.999998, -0.001906, -0.000438, -0.0, -0.000438, -0.436214, 0.899843, 0.37472, -0.001906, -0.899841, -0.436215, -0.0, 0.0, 0.0, 0.0, 1.0],
                [0.999998, -0.00191, -0.000422, -0.0, -0.000423, -0.42219, 0.906507, 0.37472, -0.001909, -0.906505, -0.42219, -0.0, 0.0, 0.0, 0.0, 1.0],
                [0.999998, -0.001929, -0.000324, -0.0, -0.000325, -0.327229, 0.944946, 0.37472, -0.001929, -0.944943, -0.327229, -0.0, 0.0, 0.0, 0.0, 1.0],
                [0.999999, -0.001911, -0.000414, -0.0, -0.000415, -0.413991, 0.910282, 0.37472, -0.001911, -0.910278, -0.413992, -0.0, 0.0, 0.0, 0.0, 1.0],
                [0.999999, -0.001904, -0.000446, 0.0, -0.000445, -0.443526, 0.896262, 0.37472, -0.001904, -0.896257, -0.443528, -0.0, 0.0, 0.0, 0.0, 1.0],
                [0.999999, -0.001937, -0.000264, -0.0, -0.000264, -0.267456, 0.963571, 0.37472, -0.001937, -0.963566, -0.267457, 0.0, 0.0, 0.0, 0.0, 1.0],
                [0.999998, -0.001955, 1.8e-05, -0.0, 1.7e-05, 0.017507, 0.999848, 0.37472, -0.001955, -0.999844, 0.017507, 0.0, 0.0, 0.0, 0.0, 1.0],
                [0.999999, -0.001951, 0.000133, -0.0, 0.000132, 0.134834, 0.990869, 0.37472, -0.001951, -0.990865, 0.134834, 0.0, 0.0, 0.0, 0.0, 1.0],
                [0.999999, -0.001947, 0.000178, 0.0, 0.000177, 0.180561, 0.983565, 0.37472, -0.001947, -0.98356, 0.180561, -0.0, 0.0, 0.0, 0.0, 1.0],
                [0.999998, -0.001946, 0.0002, 0.0, 0.000197, 0.20165, 0.979459, 0.37472, -0.001946, -0.979455, 0.20165, -0.0, 0.0, 0.0, 0.0, 1.0],
                [0.999999, -0.001945, 0.000206, -0.0, 0.000204, 0.208618, 0.977998, 0.37472, -0.001945, -0.977994, 0.208619, 0.0, 0.0, 0.0, 0.0, 1.0],
                [0.999999, -0.001943, 0.000221, 0.0, 0.000219, 0.223324, 0.974745, 0.37472, -0.001944, -0.97474, 0.223325, -0.0, 0.0, 0.0, 0.0, 1.0],
                [0.999998, -0.001938, 0.000263, 0.0, 0.000261, 0.265782, 0.964034, 0.37472, -0.001938, -0.964031, 0.265782, 0.0, 0.0, 0.0, 0.0, 1.0],
                [0.999999, -0.001921, 0.000365, -0.0, 0.000362, 0.365145, 0.930951, 0.37472, -0.001922, -0.930947, 0.365146, 0.0, 0.0, 0.0, 0.0, 1.0],
                [0.999999, -0.001891, 0.000496, 1e-06, 0.000493, 0.489194, 0.872175, 0.37472, -0.001892, -0.872171, 0.489196, -0.0, 0.0, 0.0, 0.0, 1.0],
                [0.999998, -0.001866, 0.000588, 0.0, 0.000585, 0.572113, 0.820175, 0.37472, -0.001867, -0.820172, 0.572114, -0.0, 0.0, 0.0, 0.0, 1.0],
                [0.999998, -0.001846, 0.000644, -0.0, 0.000642, 0.621115, 0.783719, 0.37472, -0.001846, -0.783716, 0.621116, 0.0, 0.0, 0.0, 0.0, 1.0],
                [0.999999, -0.001838, 0.000668, -0.0, 0.000666, 0.641285, 0.767302, 0.37472, -0.001839, -0.767299, 0.641286, 0.0, 0.0, 0.0, 0.0, 1.0],
                [0.999998, -0.001835, 0.000674, -0.0, 0.000673, 0.646819, 0.762643, 0.37472, -0.001836, -0.762641, 0.64682, 0.0, 0.0, 0.0, 0.0, 1.0],
                [0.999999, -0.001833, 0.000681, -0.0, 0.000679, 0.652318, 0.757945, 0.37472, -0.001833, -0.757942, 0.652319, 0.0, 0.0, 0.0, 0.0, 1.0],
                [0.999998, -0.001828, 0.000695, -0.0, 0.000693, 0.663726, 0.747975, 0.37472, -0.001828, -0.747973, 0.663726, 0.0, 0.0, 0.0, 0.0, 1.0],
                [0.999999, -0.001822, 0.000709, 0.0, 0.000707, 0.674981, 0.737835, 0.37472, -0.001823, -0.737832, 0.674982, -0.0, 0.0, 0.0, 0.0, 1.0],
                [0.999998, -0.00182, 0.000716, 0.0, 0.000715, 0.681079, 0.732209, 0.37472, -0.00182, -0.732207, 0.681079, -0.0, 0.0, 0.0, 0.0, 1.0],
                [0.999998, -0.001818, 0.000718, -0.0, 0.000716, 0.682549, 0.730839, 0.37472, -0.001819, -0.730837, 0.682549, -0.0, 0.0, 0.0, 0.0, 1.0],
                [0.999998, -0.001818, 0.00072, 0.0, 0.000718, 0.684014, 0.729468, 0.37472, -0.001819, -0.729466, 0.684015, 0.0, 0.0, 0.0, 0.0, 1.0],
                [0.999999, -0.001817, 0.000722, -0.0, 0.00072, 0.685477, 0.728094, 0.37472, -0.001818, -0.728091, 0.685478, 0.0, 0.0, 0.0, 0.0, 1.0],
                [0.999999, -0.001815, 0.000729, 0.0, 0.000727, 0.690929, 0.722922, 0.37472, -0.001815, -0.722919, 0.69093, 0.0, 0.0, 0.0, 0.0, 1.0],
                [0.999998, -0.001812, 0.000735, 0.0, 0.000734, 0.696342, 0.71771, 0.37472, -0.001812, -0.717707, 0.696342, -0.0, 0.0, 0.0, 0.0, 1.0],
                [0.999998, -0.001809, 0.000741, -0.0, 0.000739, 0.700364, 0.713785, 0.37472, -0.00181, -0.713782, 0.700365, 0.0, 0.0, 0.0, 0.0, 1.0],
                [0.999999, -0.001807, 0.000746, -0.0, 0.000744, 0.704364, 0.709839, 0.37472, -0.001808, -0.709836, 0.704365, -0.0, 0.0, 0.0, 0.0, 1.0],
                [0.999999, -0.001801, 0.000761, 0.0, 0.000758, 0.715523, 0.698588, 0.37472, -0.001803, -0.698585, 0.715524, -0.0, 0.0, 0.0, 0.0, 1.0],
                [0.999998, -0.001788, 0.00079, -0.0, 0.000789, 0.738886, 0.67383, 0.37472, -0.001789, -0.673828, 0.738886, -0.0, 0.0, 0.0, 0.0, 1.0],
                [0.999999, -0.001768, 0.000837, -0.0, 0.000834, 0.772514, 0.634996, 0.37472, -0.001769, -0.634993, 0.772515, 0.0, 0.0, 0.0, 0.0, 1.0],
                [0.999998, -0.001745, 0.000881, -0.0, 0.000879, 0.804105, 0.594486, 0.37472, -0.001746, -0.594484, 0.804105, 0.0, 0.0, 0.0, 0.0, 1.0],
                [0.999999, -0.001729, 0.000913, 0.0, 0.000911, 0.825072, 0.565026, 0.37472, -0.00173, -0.565023, 0.825073, 0.0, 0.0, 0.0, 0.0, 1.0],
                [0.999999, -0.001712, 0.000944, -0.0, 0.000942, 0.844962, 0.534825, 0.37472, -0.001713, -0.534823, 0.844962, -0.0, 0.0, 0.0, 0.0, 1.0],
                [0.999998, -0.001669, 0.001017, -0.0, 0.001015, 0.888017, 0.459808, 0.37472, -0.001671, -0.459806, 0.888018, -0.0, 0.0, 0.0, 0.0, 1.0],
                [0.999998, -0.001647, 0.001053, 0.0, 0.001051, 0.907074, 0.42097, 0.37472, -0.001648, -0.420968, 0.907074, -0.0, 0.0, 0.0, 0.0, 1.0],
                [0.999998, -0.001653, 0.001043, -0.0, 0.001041, 0.901941, 0.431857, 0.37472, -0.001655, -0.431855, 0.901942, 0.0, 0.0, 0.0, 0.0, 1.0],
                [0.999999, -0.001728, 0.000914, -0.0, 0.000912, 0.825946, 0.563748, 0.37472, -0.001729, -0.563745, 0.825947, 0.0, 0.0, 0.0, 0.0, 1.0],
                [0.999999, -0.001822, 0.000708, 0.0, 0.000706, 0.674424, 0.738344, 0.37472, -0.001823, -0.738341, 0.674424, -0.0, 0.0, 0.0, 0.0, 1.0],
                [0.999999, -0.001861, 0.000599, -0.0, 0.000597, 0.582278, 0.812989, 0.37472, -0.001862, -0.812986, 0.582279, -0.0, 0.0, 0.0, 0.0, 1.0],
                [0.999999, -0.001851, 0.00063, 0.0, 0.000628, 0.60899, 0.793177, 0.37472, -0.001852, -0.793174, 0.608991, -0.0, 0.0, 0.0, 0.0, 1.0],
                [0.999999, -0.001823, 0.000708, -0.0, 0.000706, 0.674424, 0.738344, 0.37472, -0.001823, -0.738341, 0.674425, 1e-06, 0.0, 0.0, 0.0, 1.0],
                [0.999999, -0.001779, 0.00081, 0.0, 0.000808, 0.753648, 0.657277, 0.37472, -0.00178, -0.657274, 0.75365, -0.0, 0.0, 0.0, 0.0, 1.0],
                [0.999999, -0.001731, 0.000907, 0.0, 0.000906, 0.821845, 0.569708, 0.37472, -0.001732, -0.569706, 0.821847, -0.0, 0.0, 0.0, 0.0, 1.0],
                [0.999999, -0.001692, 0.000979, 0.0, 0.000976, 0.866114, 0.499843, 0.37472, -0.001694, -0.499841, 0.866116, -0.0, 0.0, 0.0, 0.0, 1.0],
                [0.999998, -0.001653, 0.001043, -0.0, 0.001041, 0.901941, 0.431857, 0.37472, -0.001655, -0.431855, 0.901942, 0.0, 0.0, 0.0, 0.0, 1.0],
                [0.999998, -0.001625, 0.001086, -0.0, 0.001085, 0.923545, 0.383487, 0.37472, -0.001626, -0.383485, 0.923546, -0.0, 0.0, 0.0, 0.0, 1.0],
                [0.999998, -0.001603, 0.001118, -0.0, 0.001116, 0.937926, 0.346834, 0.37472, -0.001605, -0.346832, 0.937926, -0.0, 0.0, 0.0, 0.0, 1.0],
                [0.999998, -0.001586, 0.001142, 0.0, 0.00114, 0.947951, 0.318412, 0.37472, -0.001588, -0.31841, 0.947952, -0.0, 0.0, 0.0, 0.0, 1.0],
                [0.999999, -0.001575, 0.001158, 0.0, 0.001156, 0.954005, 0.299785, 0.37472, -0.001577, -0.299783, 0.954006, 0.0, 0.0, 0.0, 0.0, 1.0],
                [0.999999, -0.00157, 0.001164, 0.0, 0.001162, 0.956485, 0.291776, 0.37472, -0.001572, -0.291774, 0.956486, 0.0, 0.0, 0.0, 0.0, 1.0],
                [0.999999, -0.001571, 0.001164, -0.0, 0.001162, 0.956281, 0.292445, 0.37472, -0.001572, -0.292443, 0.956282, 0.0, 0.0, 0.0, 0.0, 1.0],
                [0.999999, -0.001576, 0.001157, 0.0, 0.001155, 0.953585, 0.301118, 0.37472, -0.001578, -0.301116, 0.953586, 0.0, 0.0, 0.0, 0.0, 1.0],
                [0.999999, -0.001584, 0.001145, -0.0, 0.001143, 0.94906, 0.315092, 0.37472, -0.001586, -0.31509, 0.94906, -0.0, 0.0, 0.0, 0.0, 1.0],
                [0.999999, -0.001595, 0.001131, 0.0, 0.001129, 0.943311, 0.331906, 0.37472, -0.001597, -0.331904, 0.943312, -0.0, 0.0, 0.0, 0.0, 1.0],
                [0.999998, -0.001605, 0.001117, -0.0, 0.001115, 0.937265, 0.348614, 0.37472, -0.001606, -0.348612, 0.937265, -0.0, 0.0, 0.0, 0.0, 1.0],
                [0.999999, -0.001615, 0.001102, 0.0, 0.0011, 0.930886, 0.365307, 0.37472, -0.001616, -0.365305, 0.930887, 0.0, 0.0, 0.0, 0.0, 1.0],
                [0.999998, -0.001622, 0.001091, 0.0, 0.001089, 0.925688, 0.378286, 0.37472, -0.001624, -0.378284, 0.925688, -1e-06, 0.0, 0.0, 0.0, 1.0],
                [0.999999, -0.00163, 0.00108, 0.0, 0.001077, 0.920269, 0.391284, 0.37472, -0.001632, -0.391282, 0.920269, 0.0, 0.0, 0.0, 0.0, 1.0],
                [0.999998, -0.001634, 0.001073, 0.0, 0.001071, 0.917206, 0.398412, 0.37472, -0.001635, -0.39841, 0.917206, 1e-06, 0.0, 0.0, 0.0, 1.0],
                [0.999999, -0.001635, 0.001071, 0.0, 0.001069, 0.916077, 0.401, 0.37472, -0.001637, -0.400997, 0.916078, -0.0, 0.0, 0.0, 0.0, 1.0]
            ]
        },
        {
            "name": "Knee_R",
            "time": [0.0, 2.5],
            "transform": [
                [1.0, 0.0, -0.0, 0.0, -0.0, 1e-06, -1.0, 0.37472, -0.0, 1.0, 1e-06, 0.0, 0.0, 0.0, 0.0, 1.0],
                [1.0, 0.0, -0.0, 0.0, -0.0, 1e-06, -1.0, 0.37472, -0.0, 1.0, 1e-06, -0.0, 0.0, 0.0, 0.0, 1.0]
            ]
        },
        {
            "name": "Thigh_L",
            "time": [0.0, 0.0333, 0.0667, 0.1, 0.1333, 0.1667, 0.2, 0.2333, 0.2667, 0.3, 0.3333, 0.3667, 0.4, 0.4333, 0.4667, 0.5, 0.5333, 0.5667, 0.6, 0.6333, 0.6667, 0.7, 0.7333, 0.7667, 0.8, 0.8333, 0.8667, 0.9, 0.9333, 0.9667, 1.0, 1.0333, 1.0667, 1.1, 1.1333, 1.1667, 1.2, 1.2333, 1.2667, 1.3, 1.3333, 1.3667, 1.4, 1.4333, 1.4667, 1.5, 1.5333, 1.5667, 1.6, 1.6333, 1.6667, 1.7, 1.7333, 1.7667, 1.8, 1.8333, 1.8667, 1.9, 1.9333, 1.9667, 2.0, 2.0333, 2.0667, 2.1, 2.1333, 2.1667, 2.2, 2.2333, 2.2667, 2.3, 2.3333, 2.3667, 2.4, 2.4333, 2.4667, 2.5],
            "transform": [
                [0.985398, 0.076665, -0.152029, -0.125006, 0.0188, -0.936423, -0.350369, -0.002831, -0.169225, 0.342395, -0.924191, -1.2e-05, 0.0, 0.0, 0.0, 1.0],
                [0.991709, 0.000239, -0.128505, -0.125006, -0.047712, -0.927832, -0.369934, -0.002831, -0.11932, 0.372999, -0.920128, -1.2e-05, 0.0, 0.0, 0.0, 1.0],
                [0.991158, -0.087872, -0.099429, -0.125006, -0.121707, -0.900556, -0.417355, -0.002831, -0.052868, 0.425766, -0.903288, -1.2e-05, 0.0, 0.0, 0.0, 1.0],
                [0.973026, -0.218345, -0.074472, -0.125006, -0.23022, -0.898317, -0.374199, -0.002831, 0.014805, 0.38125, -0.924353, -1.2e-05, 0.0, 0.0, 0.0, 1.0],
                [0.862348, -0.506264, 0.007216, -0.125006, -0.494829, -0.839681, 0.223784, -0.002831, -0.107234, -0.19655, -0.974612, -1.2e-05, 0.0, 0.0, 0.0, 1.0],
                [0.768993, -0.626346, -0.127829, -0.125006, -0.346781, -0.57672, 0.739687, -0.002831, -0.537021, -0.524485, -0.660699, -1.2e-05, 0.0, 0.0, 0.0, 1.0],
                [0.781058, -0.55115, -0.293567, -0.125006, 0.145201, -0.296936, 0.943793, -0.002831, -0.607343, -0.779783, -0.151897, -1.2e-05, 0.0, 0.0, 0.0, 1.0],
                [0.653872, -0.351133, -0.670192, -0.125006, 0.450322, -0.531195, 0.717664, -0.002831, -0.607999, -0.771062, -0.189211, -1.2e-05, 0.0, 0.0, 0.0, 1.0],
                [0.646265, -0.442749, -0.621542, -0.125006, 0.420187, -0.473435, 0.774146, -0.002831, -0.637013, -0.761467, -0.119928, -1.2e-05, 0.0, 0.0, 0.0, 1.0],
                [0.671602, -0.518166, -0.529579, -0.125006, 0.34776, -0.410682, 0.842854, -0.002831, -0.654228, -0.750229, -0.095617, -1.2e-05, 0.0, 0.0, 0.0, 1.0],
                [0.609421, -0.653266, -0.449276, -0.125006, 0.235651, -0.39181, 0.889356, -0.002831, -0.757018, -0.647864, -0.084835, -1.2e-05, 0.0, 0.0, 0.0, 1.0],
                [0.510654, -0.745337, -0.428607, -0.125006, 0.069145, -0.461289, 0.884551, -0.002831, -0.857002, -0.481335, -0.184023, -1.2e-05, 0.0, 0.0, 0.0, 1.0],
                [0.36573, -0.810974, -0.456686, -0.125006, -0.16728, -0.539966, 0.824896, -0.002831, -0.915564, -0.225295, -0.333142, -1.2e-05, 0.0, 0.0, 0.0, 1.0],
                [0.204631, -0.818369, -0.537027, -0.125006, -0.420598, -0.568919, 0.706702, -0.002831, -0.883869, 0.081259, -0.460623, -1.2e-05, 0.0, 0.0, 0.0, 1.0],
                [0.08831, -0.798072, -0.596055, -0.125006, -0.610937, -0.516021, 0.600398, -0.002831, -0.786739, 0.311131, -0.533141, -1.2e-05, 0.0, 0.0, 0.0, 1.0],
                [0.152108, -0.711051, -0.686491, -0.125006, -0.728335, -0.550165, 0.408468, -0.002831, -0.668125, 0.437864, -0.601568, -1.2e-05, 0.0, 0.0, 0.0, 1.0],
                [0.434914, -0.600228, -0.67125, -0.125006, -0.789181, -0.613052, 0.036862, -0.002831, -0.433637, 0.513707, -0.740314, -1.2e-05, 0.0, 0.0, 0.0, 1.0],
                [0.627868, -0.532712, -0.56745, -0.125006, -0.741668, -0.630595, -0.228646, -0.002831, -0.236029, 0.564419, -0.791026, -1.2e-05, 0.0, 0.0, 0.0, 1.0],
                [0.688148, -0.636661, -0.348016, -0.125006, -0.698813, -0.710611, -0.081804, -0.002831, -0.195222, 0.299492, -0.933913, -1.2e-05, 0.0, 0.0, 0.0, 1.0],
                [0.807921, -0.586358, -0.058729, -0.125006, -0.54821, -0.784415, 0.2901, -0.002831, -0.21617, -0.202181, -0.955193, -1.2e-05, 0.0, 0.0, 0.0, 1.0],
                [0.927829, -0.314902, 0.199927, -0.125006, -0.365615, -0.661604, 0.654679, -0.002831, -0.073887, -0.680526, -0.728988, -1.2e-05, 0.0, 0.0, 0.0, 1.0],
                [0.923592, -0.082696, 0.374352, -0.125006, -0.369848, -0.449304, 0.813227, -0.002831, 0.100948, -0.889543, -0.445559, -1.1e-05, 0.0, 0.0, 0.0, 1.0],
                [0.878996, -0.137699, 0.456512, -0.125006, -0.452002, -0.54551, 0.705771, -0.002831, 0.151848, -0.826715, -0.541743, -1.2e-05, 0.0, 0.0, 0.0, 1.0],
                [0.843268, -0.140726, 0.518742, -0.125006, -0.509859, -0.5149, 0.689145, -0.002831, 0.17012, -0.845621, -0.50595, -1.2e-05, 0.0, 0.0, 0.0, 1.0],
                [0.799908, -0.116694, 0.588668, -0.125006, -0.557922, -0.505937, 0.657838, -0.002831, 0.221063, -0.854641, -0.469809, -1.2e-05, 0.0, 0.0, 0.0, 1.0],
                [0.77805, -0.06648, 0.624675, -0.125006, -0.56972, -0.493642, 0.657067, -0.002831, 0.264684, -0.867121, -0.421953, -1.1e-05, 0.0, 0.0, 0.0, 1.0],
                [0.776224, -0.035834, 0.629438, -0.125006, -0.554524, -0.513825, 0.654589, -0.002831, 0.299964, -0.857147, -0.418714, -1.2e-05, 0.0, 0.0, 0.0, 1.0],
                [0.782429, -0.021309, 0.622375, -0.125006, -0.525954, -0.557726, 0.642117, -0.002831, 0.333431, -0.829752, -0.447589, -1.2e-05, 0.0, 0.0, 0.0, 1.0],
                [0.787508, -0.012976, 0.616168, -0.125006, -0.503572, -0.589939, 0.63118, -0.002831, 0.355311, -0.807344, -0.471116, -1.2e-05, 0.0, 0.0, 0.0, 1.0],
                [0.792182, -0.005878, 0.610256, -0.125006, -0.485495, -0.611963, 0.624336, -0.002831, 0.369784, -0.790865, -0.48764, -1.2e-05, 0.0, 0.0, 0.0, 1.0],
                [0.797251, -0.001014, 0.603646, -0.125006, -0.47255, -0.623287, 0.623064, -0.002831, 0.375613, -0.781993, -0.497396, -1.2e-05, 0.0, 0.0, 0.0, 1.0],
                [0.80167, -0.004055, 0.597752, -0.125006, -0.465123, -0.632352, 0.619508, -0.002831, 0.375478, -0.774671, -0.508825, -1.1e-05, 0.0, 0.0, 0.0, 1.0],
                [0.807449, -0.009522, 0.58986, -0.125006, -0.457533, -0.641296, 0.615957, -0.002831, 0.37241, -0.767234, -0.522171, -1.2e-05, 0.0, 0.0, 0.0, 1.0],
                [0.813609, -0.016063, 0.58119, -0.125006, -0.453108, -0.6439, 0.61651, -0.002831, 0.364326, -0.76494, -0.531162, -1.2e-05, 0.0, 0.0, 0.0, 1.0],
                [0.820678, -0.02479, 0.570853, -0.125006, -0.450366, -0.642913, 0.619543, -0.002831, 0.35165, -0.765538, -0.538789, -1.2e-05, 0.0, 0.0, 0.0, 1.0],
                [0.827988, -0.035401, 0.559627, -0.125006, -0.449756, -0.637968, 0.625073, -0.002831, 0.334897, -0.769248, -0.544152, -1.2e-05, 0.0, 0.0, 0.0, 1.0],
                [0.835683, -0.046929, 0.547203, -0.125006, -0.449577, -0.630735, 0.632498, -0.002831, 0.315457, -0.774578, -0.548193, -1.2e-05, 0.0, 0.0, 0.0, 1.0],
                [0.844174, -0.060385, 0.532658, -0.125006, -0.449152, -0.62208, 0.64131, -0.002831, 0.292631, -0.780621, -0.552266, -1.2e-05, 0.0, 0.0, 0.0, 1.0],
                [0.853305, -0.072679, 0.516323, -0.125006, -0.446608, -0.61293, 0.651811, -0.002831, 0.269097, -0.786786, -0.555476, -1.2e-05, 0.0, 0.0, 0.0, 1.0],
                [0.863105, -0.085028, 0.497815, -0.125006, -0.442024, -0.603947, 0.663221, -0.002831, 0.244261, -0.792476, -0.558854, -1.1e-05, 0.0, 0.0, 0.0, 1.0],
                [0.873115, -0.098343, 0.477492, -0.125006, -0.436841, -0.59263, 0.676727, -0.002831, 0.216425, -0.799449, -0.560395, -1.1e-05, 0.0, 0.0, 0.0, 1.0],
                [0.883201, -0.111047, 0.455658, -0.125006, -0.429813, -0.5804, 0.691661, -0.002831, 0.187657, -0.806724, -0.56034, -1.2e-05, 0.0, 0.0, 0.0, 1.0],
                [0.892153, -0.122984, 0.43467, -0.125006, -0.422604, -0.567158, 0.706921, -0.002831, 0.159587, -0.814376, -0.557965, -1.1e-05, 0.0, 0.0, 0.0, 1.0],
                [0.901235, -0.132165, 0.412684, -0.125006, -0.41152, -0.559374, 0.719549, -0.002831, 0.135745, -0.81831, -0.558517, -1.2e-05, 0.0, 0.0, 0.0, 1.0],
                [0.909105, -0.135522, 0.393905, -0.125006, -0.398422, -0.558909, 0.727242, -0.002831, 0.1216, -0.81808, -0.562102, -1.2e-05, 0.0, 0.0, 0.0, 1.0],
                [0.91435, -0.128354, 0.384042, -0.125006, -0.385518, -0.566026, 0.728691, -0.002831, 0.123848, -0.814334, -0.567029, -1.2e-05, 0.0, 0.0, 0.0, 1.0],
                [0.917231, -0.114923, 0.38142, -0.125006, -0.374696, -0.573964, 0.728126, -0.002831, 0.135243, -0.810775, -0.569519, -1.2e-05, 0.0, 0.0, 0.0, 1.0],
                [0.922191, -0.105848, 0.371968, -0.125006, -0.360958, -0.580846, 0.729608, -0.002831, 0.138829, -0.807102, -0.573858, -1.2e-05, 0.0, 0.0, 0.0, 1.0],
                [0.929308, -0.103354, 0.354547, -0.125006, -0.344449, -0.588821, 0.731194, -0.002831, 0.133193, -0.801628, -0.582797, -1.2e-05, 0.0, 0.0, 0.0, 1.0],
                [0.935878, -0.100615, 0.337653, -0.125006, -0.327564, -0.601409, 0.728703, -0.002831, 0.12975, -0.79258, -0.595804, -1.2e-05, 0.0, 0.0, 0.0, 1.0],
                [0.942758, -0.102606, 0.317303, -0.125006, -0.310282, -0.618568, 0.721871, -0.002831, 0.122205, -0.779002, -0.614996, -1.2e-05, 0.0, 0.0, 0.0, 1.0],
                [0.949066, -0.105419, 0.29692, -0.125006, -0.292915, -0.642393, 0.708189, -0.002831, 0.116083, -0.759089, -0.640553, -1.2e-05, 0.0, 0.0, 0.0, 1.0],
                [0.955709, -0.111249, 0.272479, -0.125006, -0.274429, -0.671375, 0.688436, -0.002831, 0.106348, -0.73272, -0.672169, -1.2e-05, 0.0, 0.0, 0.0, 1.0],
                [0.961556, -0.118738, 0.24761, -0.125006, -0.257078, -0.706223, 0.659666, -0.002831, 0.096541, -0.697961, -0.709599, -1.2e-05, 0.0, 0.0, 0.0, 1.0],
                [0.966363, -0.125005, 0.22476, -0.125006, -0.241215, -0.743685, 0.623496, -0.002831, 0.089211, -0.656738, -0.748823, -1.2e-05, 0.0, 0.0, 0.0, 1.0],
                [0.969159, -0.13374, 0.206988, -0.125006, -0.23182, -0.779718, 0.581634, -0.002831, 0.083605, -0.61168, -0.786675, -1.1e-05, 0.0, 0.0, 0.0, 1.0],
                [0.972369, -0.13676, 0.1892, -0.125006, -0.219658, -0.810428, 0.543098, -0.002831, 0.079059, -0.56965, -0.818076, -1.2e-05, 0.0, 0.0, 0.0, 1.0],
                [0.974862, -0.141657, 0.171982, -0.125006, -0.211213, -0.83331, 0.510865, -0.002831, 0.070946, -0.534348, -0.842282, -1.1e-05, 0.0, 0.0, 0.0, 1.0],
                [0.976692, -0.146052, 0.157292, -0.125006, -0.205398, -0.848711, 0.487341, -0.002831, 0.062318, -0.50829, -0.858928, -1.2e-05, 0.0, 0.0, 0.0, 1.0],
                [0.977537, -0.150632, 0.14742, -0.125006, -0.203198, -0.859295, 0.469385, -0.002831, 0.055973, -0.488796, -0.8706, -1.1e-05, 0.0, 0.0, 0.0, 1.0],
                [0.977907, -0.154911, 0.140356, -0.125006, -0.202729, -0.866534, 0.456092, -0.002831, 0.05097, -0.47447, -0.878795, -1.2e-05, 0.0, 0.0, 0.0, 1.0],
                [0.978225, -0.159132, 0.133245, -0.125006, -0.2024, -0.87354, 0.442675, -0.002831, 0.045951, -0.460004, -0.886727, -1.2e-05, 0.0, 0.0, 0.0, 1.0],
                [0.977879, -0.164518, 0.129176, -0.125006, -0.204859, -0.878016, 0.432574, -0.002831, 0.042252, -0.449468, -0.892297, -1.2e-05, 0.0, 0.0, 0.0, 1.0],
                [0.97797, -0.169344, 0.122057, -0.125006, -0.205557, -0.883074, 0.421812, -0.002831, 0.036354, -0.437609, -0.89843, -1.2e-05, 0.0, 0.0, 0.0, 1.0],
                [0.977603, -0.173623, 0.118951, -0.125006, -0.207634, -0.887991, 0.410316, -0.002831, 0.034387, -0.425823, -0.904152, -1.2e-05, 0.0, 0.0, 0.0, 1.0],
                [0.977211, -0.177901, 0.115808, -0.125006, -0.20978, -0.892738, 0.398761, -0.002831, 0.032447, -0.413967, -0.909713, -1.1e-05, 0.0, 0.0, 0.0, 1.0],
                [0.976572, -0.180632, 0.116965, -0.125006, -0.212406, -0.896318, 0.389227, -0.002831, 0.034531, -0.404951, -0.913686, -1.2e-05, 0.0, 0.0, 0.0, 1.0],
                [0.976151, -0.181384, 0.11929, -0.125006, -0.213861, -0.897925, 0.384698, -0.002831, 0.037335, -0.401034, -0.915302, -1.2e-05, 0.0, 0.0, 0.0, 1.0],
                [0.975713, -0.182186, 0.121629, -0.125006, -0.215346, -0.899498, 0.380169, -0.002831, 0.040144, -0.397127, -0.916885, -1.2e-05, 0.0, 0.0, 0.0, 1.0],
                [0.975845, -0.182178, 0.120573, -0.125006, -0.214677, -0.901965, 0.374663, -0.002831, 0.040498, -0.391497, -0.919288, -1.1e-05, 0.0, 0.0, 0.0, 1.0],
                [0.976539, -0.182492, 0.114312, -0.125006, -0.212137, -0.906472, 0.365112, -0.002831, 0.03699, -0.380795, -0.923919, -1.2e-05, 0.0, 0.0, 0.0, 1.0],
                [0.979551, -0.180082, 0.089729, -0.125006, -0.200172, -0.91726, 0.344331, -0.002831, 0.020297, -0.35525, -0.934551, -1.2e-05, 0.0, 0.0, 0.0, 1.0],
                [0.98341, -0.173302, 0.053588, -0.125006, -0.181319, -0.930386, 0.318598, -0.002831, -0.005356, -0.323028, -0.946374, -1.2e-05, 0.0, 0.0, 0.0, 1.0],
                [0.985444, -0.167936, 0.02639, -0.125006, -0.168195, -0.940649, 0.294771, -0.002831, -0.024679, -0.294918, -0.955203, -1.2e-05, 0.0, 0.0, 0.0, 1.0],
                [0.98508, -0.169596, 0.029222, -0.125006, -0.170795, -0.942623, 0.286864, -0.002831, -0.021106, -0.287575, -0.957525, -1.2e-05, 0.0, 0.0, 0.0, 1.0],
