{
    "animation": [
        {
            "name": "Root",
            "time": [0.0, 0.1, 0.1333, 0.1667, 0.2, 0.2333, 0.2667, 0.3, 0.3333, 0.3667, 0.4, 0.4333, 0.4667, 0.5, 0.5333, 0.5667, 0.6, 0.6333, 0.6667, 0.7, 0.7333, 0.7667, 0.8, 0.8333, 0.8667, 0.9, 0.9333, 0.9667, 1.0, 1.0333, 1.0667, 1.1, 1.1333, 1.1667, 1.3333, 1.5],
            "transform": [
                [0.999995, 0.002927, 4e-06, -0.006895, -4e-06, 0.00259, -0.999997, 0.138404, -0.002927, 0.999992, 0.00259, 0.375109, 0.0, 0.0, 0.0, 1.0],
                [0.901041, 0.002849, -0.433725, -0.005234, -0.43373, 0.001846, -0.901041, 0.138404, -0.001767, 0.999994, 0.002899, 0.646876, 0.0, 0.0, 0.0, 1.0],
                [0.821868, 0.002744, -0.569672, -0.134576, -0.569677, 0.001603, -0.821867, 0.138404, -0.001342, 0.999995, 0.002881, 0.632159, 0.0, 0.0, 0.0, 1.0],
                [0.72167, 0.002602, -0.692232, -0.314678, -0.692236, 0.001378, -0.72167, 0.138404, -0.000924, 0.999996, 0.002795, 0.579133, 0.0, 0.0, 0.0, 1.0],
                [0.604174, 0.002427, -0.796849, -0.433823, -0.796852, 0.00118, -0.604173, 0.138404, -0.000526, 0.999996, 0.002646, 0.556026, 0.0, 0.0, 0.0, 1.0],
                [0.47427, 0.002226, -0.880377, -0.669821, -0.880379, 0.001014, -0.474269, 0.138404, -0.000163, 0.999997, 0.002441, 0.537903, 0.0, 0.0, 0.0, 1.0],
                [0.337376, 0.00201, -0.941368, -0.89522, -0.94137, 0.000884, -0.337375, 0.138404, 0.000154, 0.999998, 0.002191, 0.537878, 0.0, 0.0, 0.0, 1.0],
                [0.198772, 0.001786, -0.980044, -1.09677, -0.980045, 0.000792, -0.198771, 0.138404, 0.000421, 0.999998, 0.001908, 0.566078, 0.0, 0.0, 0.0, 1.0],
                [0.140991, 0.001819, -0.990009, -1.288699, -0.990011, 0.000735, -0.14099, 0.138404, 0.000471, 0.999998, 0.001905, 0.606093, 0.0, 0.0, 0.0, 1.0],
                [0.086876, 0.001858, -0.996218, -1.479608, -0.996219, 0.00067, -0.086875, 0.138404, 0.000506, 0.999998, 0.001909, 0.646108, 0.0, 0.0, 0.0, 1.0],
                [0.036634, 0.001901, -0.999327, -1.665997, -0.999328, 0.000598, -0.036633, 0.138404, 0.000528, 0.999998, 0.001922, 0.682214, 0.0, 0.0, 0.0, 1.0],
                [-0.009639, 0.001948, -0.999952, -1.861536, -0.999953, 0.00052, 0.009641, 0.138404, 0.000538, 0.999998, 0.001943, 0.714877, 0.0, 0.0, 0.0, 1.0],
                [-0.051944, 0.001999, -0.998648, -2.090422, -0.998649, 0.000435, 0.051945, 0.138404, 0.000538, 0.999998, 0.001974, 0.751801, 0.0, 0.0, 0.0, 1.0],
                [-0.090348, 0.002053, -0.995908, -2.328483, -0.99591, 0.000344, 0.090349, 0.138404, 0.000528, 0.999998, 0.002013, 0.786132, 0.0, 0.0, 0.0, 1.0],
                [-0.124978, 0.002108, -0.992158, -2.537551, -0.992159, 0.000248, 0.124979, 0.138404, 0.00051, 0.999998, 0.002061, 0.78882, 0.0, 0.0, 0.0, 1.0],
                [-0.155998, 0.002166, -0.987755, -2.710103, -0.987757, 0.000148, 0.155998, 0.138404, 0.000484, 0.999998, 0.002117, 0.749012, 0.0, 0.0, 0.0, 1.0],
                [-0.183595, 0.002226, -0.983, -2.865607, -0.983001, 4.5e-05, 0.183595, 0.138404, 0.000453, 0.999998, 0.00218, 0.686022, 0.0, 0.0, 0.0, 1.0],
                [-0.207975, 0.002286, -0.978132, -3.006392, -0.978134, -6.1e-05, 0.207976, 0.138404, 0.000415, 0.999997, 0.002249, 0.616007, 0.0, 0.0, 0.0, 1.0],
                [-0.229353, 0.002348, -0.973341, -3.134778, -0.973343, -0.000169, 0.229353, 0.138404, 0.000374, 0.999997, 0.002324, 0.555119, 0.0, 0.0, 0.0, 1.0],
                [-0.247943, 0.002411, -0.968772, -3.22334, -0.968774, -0.000279, 0.247943, 0.138404, 0.000328, 0.999997, 0.002405, 0.515419, 0.0, 0.0, 0.0, 1.0],
                [-0.263961, 0.002474, -0.96453, -3.275053, -0.964533, -0.000388, 0.263961, 0.138404, 0.000279, 0.999997, 0.002489, 0.48321, 0.0, 0.0, 0.0, 1.0],
                [-0.277617, 0.002538, -0.960689, -3.326025, -0.960691, -0.000497, 0.277617, 0.138404, 0.000227, 0.999997, 0.002576, 0.464697, 0.0, 0.0, 0.0, 1.0],
                [-0.289119, 0.002602, -0.95729, -3.378177, -0.957293, -0.000605, 0.289118, 0.138404, 0.000173, 0.999996, 0.002666, 0.441907, 0.0, 0.0, 0.0, 1.0],
                [-0.298665, 0.002666, -0.954354, -3.428008, -0.954358, -0.000711, 0.298664, 0.138404, 0.000117, 0.999996, 0.002756, 0.419118, 0.0, 0.0, 0.0, 1.0],
                [-0.306451, 0.002729, -0.951883, -3.47201, -0.951886, -0.000815, 0.30645, 0.138404, 6.1e-05, 0.999996, 0.002847, 0.400605, 0.0, 0.0, 0.0, 1.0],
                [-0.312665, 0.002791, -0.949859, -3.506675, -0.949863, -0.000915, 0.312664, 0.138404, 3e-06, 0.999996, 0.002937, 0.39066, 0.0, 0.0, 0.0, 1.0],
                [-0.317493, 0.002852, -0.948257, -3.528501, -0.94826, -0.001011, 0.317491, 0.138404, -5.4e-05, 0.999995, 0.003025, 0.393542, 0.0, 0.0, 0.0, 1.0],
                [-0.321113, 0.002911, -0.947037, -3.540492, -0.94704, -0.001103, 0.321111, 0.138404, -0.00011, 0.999995, 0.003111, 0.407699, 0.0, 0.0, 0.0, 1.0],
                [-0.323703, 0.002967, -0.946154, -3.548247, -0.946159, -0.001189, 0.323701, 0.138404, -0.000164, 0.999995, 0.003193, 0.427892, 0.0, 0.0, 0.0, 1.0],
                [-0.325437, 0.003021, -0.945559, -3.552143, -0.945563, -0.001269, 0.325435, 0.138404, -0.000217, 0.999995, 0.00327, 0.453027, 0.0, 0.0, 0.0, 1.0],
                [-0.326489, 0.003072, -0.945196, -3.55255, -0.945201, -0.001343, 0.326486, 0.138404, -0.000266, 0.999994, 0.003342, 0.481309, 0.0, 0.0, 0.0, 1.0],
                [-0.327029, 0.003118, -0.945009, -3.549845, -0.945014, -0.001409, 0.327026, 0.138404, -0.000312, 0.999994, 0.003407, 0.512563, 0.0, 0.0, 0.0, 1.0],
                [-0.327227, 0.003159, -0.944941, -3.54441, -0.944945, -0.001468, 0.327225, 0.138404, -0.000354, 0.999994, 0.003466, 0.543818, 0.0, 0.0, 0.0, 1.0],
                [-0.327256, 0.003195, -0.94493, -3.536612, -0.944936, -0.001519, 0.327253, 0.138404, -0.000389, 0.999994, 0.003516, 0.575073, 0.0, 0.0, 0.0, 1.0],
                [-0.065734, 0.003792, -0.99783, -3.320266, -0.997837, -0.000871, 0.065731, 0.138404, -0.00062, 0.999992, 0.003842, 0.647944, 0.0, 0.0, 0.0, 1.0],
                [0.0, 0.0, -1.0, -3.266179, -1.0, 0.0, -0.0, 0.138404, 0.0, 1.0, 0.0, 0.666162, 0.0, 0.0, 0.0, 1.0]
            ]
        },
        {
            "name": "Thigh_R",
            "time": [0.0, 0.1, 0.1333, 0.1667, 0.2667, 0.3, 0.3333, 0.3667, 0.4, 0.4333, 0.4667, 0.7333, 0.7667, 0.8, 0.8333, 0.8667, 0.9, 0.9333, 0.9667, 1.0, 1.0333, 1.0667, 1.1, 1.1333, 1.1667, 1.3333, 1.5],
            "transform": [
                [0.030219, 0.921735, 0.386637, -0.143803, 0.375955, -0.368889, 0.850047, 0.052091, 0.926149, 0.11967, -0.357678, 0.151352, 0.0, 0.0, 0.0, 1.0],
                [0.929455, 0.366535, 0.042071, 0.027546, 0.24567, -0.699938, 0.670621, 0.121502, 0.275254, -0.612974, -0.740606, 0.223128, 0.0, 0.0, 0.0, 1.0],
                [0.895213, 0.438289, 0.080628, 0.033811, 0.287781, -0.706694, 0.646347, 0.107036, 0.340268, -0.555412, -0.758772, 0.157271, 0.0, 0.0, 0.0, 1.0],
                [0.832337, 0.52885, 0.165938, 0.040076, 0.358838, -0.742312, 0.56587, 0.092571, 0.422439, -0.411448, -0.807624, 0.091415, 0.0, 0.0, 0.0, 1.0],
                [0.908086, -0.087495, -0.409547, 0.058871, 0.027582, -0.963313, 0.266957, 0.049173, -0.417881, -0.253715, -0.872356, -0.106154, 0.0, 0.0, 0.0, 1.0],
                [0.909873, -0.062792, -0.410112, 0.06277, 0.080493, -0.942982, 0.322961, 0.05007, -0.407009, -0.326863, -0.85294, -0.096794, 0.0, 0.0, 0.0, 1.0],
                [0.903761, -0.058487, -0.424027, 0.06667, 0.17173, -0.857857, 0.484346, 0.050966, -0.392084, -0.510549, -0.765252, -0.087435, 0.0, 0.0, 0.0, 1.0],
                [0.908136, -0.080773, -0.410815, 0.070569, 0.186562, -0.800349, 0.569767, 0.051862, -0.374819, -0.594066, -0.711756, -0.078075, 0.0, 0.0, 0.0, 1.0],
                [0.90821, -0.108287, -0.404267, 0.099415, 0.160121, -0.802553, 0.574691, 0.048501, -0.386678, -0.586669, -0.711548, -0.063525, 0.0, 0.0, 0.0, 1.0],
                [0.897271, -0.141373, -0.418239, 0.128261, 0.166821, -0.76854, 0.617669, 0.04514, -0.408757, -0.623985, -0.666004, -0.048974, 0.0, 0.0, 0.0, 1.0],
                [0.894187, -0.163932, -0.416605, 0.128261, 0.129493, -0.79607, 0.591188, 0.04514, -0.428563, -0.582578, -0.690606, -0.048974, 0.0, 0.0, 0.0, 1.0],
                [0.952939, 0.193569, -0.233328, 0.128261, 0.206112, -0.978057, 0.030385, 0.04514, -0.222327, -0.077047, -0.971924, -0.048974, 0.0, 0.0, 0.0, 1.0],
                [0.927197, 0.186214, -0.32501, 0.128261, 0.224401, -0.970878, 0.083913, 0.04514, -0.299919, -0.150736, -0.941981, -0.048974, 0.0, 0.0, 0.0, 1.0],
                [0.915838, 0.146205, -0.373986, 0.128261, 0.205259, -0.970939, 0.123072, 0.04514, -0.345124, -0.189478, -0.919232, -0.048974, 0.0, 0.0, 0.0, 1.0],
                [0.912307, 0.119848, -0.391579, 0.128262, 0.19304, -0.969171, 0.15312, 0.04514, -0.361156, -0.215282, -0.907315, -0.048974, 0.0, 0.0, 0.0, 1.0],
                [0.920795, 0.111796, -0.373682, 0.128261, 0.205733, -0.953144, 0.221792, 0.04514, -0.331378, -0.281104, -0.90065, -0.048974, 0.0, 0.0, 0.0, 1.0],
                [0.936988, 0.140392, -0.319916, 0.128261, 0.235332, -0.930426, 0.28094, 0.04514, -0.258217, -0.338523, -0.904835, -0.048974, 0.0, 0.0, 0.0, 1.0],
                [0.948822, 0.181616, -0.25837, 0.128261, 0.263399, -0.906446, 0.330119, 0.04514, -0.174244, -0.381278, -0.907891, -0.048974, 0.0, 0.0, 0.0, 1.0],
                [0.952581, 0.211329, -0.218936, 0.128261, 0.280306, -0.889405, 0.361093, 0.04514, -0.118413, -0.405339, -0.906465, -0.048974, 0.0, 0.0, 0.0, 1.0],
                [0.95311, 0.22602, -0.201242, 0.128261, 0.288565, -0.879118, 0.37932, 0.04514, -0.091182, -0.419604, -0.903116, -0.048974, 0.0, 0.0, 0.0, 1.0],
                [0.952313, 0.24051, -0.187769, 0.128261, 0.296858, -0.872591, 0.387893, 0.04514, -0.070554, -0.425136, -0.902376, -0.048974, 0.0, 0.0, 0.0, 1.0],
                [0.950609, 0.255096, -0.176838, 0.128261, 0.305384, -0.870601, 0.385741, 0.04514, -0.055554, -0.420691, -0.905501, -0.048975, 0.0, 0.0, 0.0, 1.0],
                [0.948577, 0.269936, -0.165342, 0.128261, 0.313602, -0.872484, 0.374735, 0.04514, -0.043104, -0.407316, -0.91227, -0.048975, 0.0, 0.0, 0.0, 1.0],
                [0.945982, 0.284131, -0.156173, 0.128261, 0.322032, -0.879314, 0.35086, 0.04514, -0.037635, -0.382199, -0.923313, -0.048973, 0.0, 0.0, 0.0, 1.0],
                [0.944218, 0.297093, -0.142098, 0.128261, 0.327877, -0.88849, 0.321067, 0.04514, -0.030866, -0.349747, -0.936336, -0.048974, 0.0, 0.0, 0.0, 1.0],
                [0.900177, 0.289466, 0.325404, 0.102637, 0.243572, -0.953998, 0.17483, 0.055958, 0.36104, -0.078118, -0.929272, 0.015273, 0.0, 0.0, 0.0, 1.0],
                [0.860512, 0.267303, 0.433663, 0.096232, 0.232828, -0.963535, 0.131904, 0.058663, 0.453105, -0.012536, -0.891368, 0.031335, 0.0, 0.0, 0.0, 1.0]
            ]
        },
        {
            "name": "Leg_R",
            "time": [0.0, 0.1, 0.1333, 0.1667, 0.2, 0.2333, 0.2667, 0.3, 0.3333, 0.3667, 0.4, 0.4333, 0.4667, 0.5, 0.5333, 0.5667, 0.6, 0.6333, 0.6667, 0.7, 0.7333, 0.7667, 0.8, 0.8333, 0.8667, 0.9, 0.9333, 0.9667, 1.0, 1.0333, 1.0667, 1.1, 1.1333, 1.1667, 1.3333, 1.5],
            "transform": [
                [1.000002, -0.001957, 3.7e-05, -0.0, 3.6e-05, 0.037026, 0.999316, 0.37472, -0.001957, -0.999306, 0.037026, 0.0, 0.0, 0.0, 0.0, 1.0],
                [0.999998, 0.001886, -0.000504, -0.0, -0.000505, 0.49962, 0.866245, 0.37472, 0.001886, -0.866241, 0.499621, -0.0, 0.0, 0.0, 0.0, 1.0],
                [1.0, 0.001897, -0.00046, 0.0, -0.000461, 0.45873, 0.888576, 0.37472, 0.001897, -0.888571, 0.458732, 0.0, 0.0, 0.0, 0.0, 1.0],
                [1.0, 0.00191, -0.000401, -0.0, -0.000402, 0.40272, 0.915323, 0.37472, 0.00191, -0.915318, 0.402722, -0.0, 0.0, 0.0, 0.0, 1.0],
                [1.0, 0.001914, -0.000383, 0.0, -0.000384, 0.385226, 0.922822, 0.37472, 0.001914, -0.922817, 0.385227, 0.0, 0.0, 0.0, 0.0, 1.0],
                [1.000001, 0.001906, -0.000422, 0.0, -0.000424, 0.42293, 0.906162, 0.37472, 0.001905, -0.906155, 0.422932, 0.0, 0.0, 0.0, 0.0, 1.0],
                [1.000001, 0.001937, -0.000255, 0.0, -0.000257, 0.259908, 0.965634, 0.37472, 0.001937, -0.965627, 0.259909, -0.0, 0.0, 0.0, 0.0, 1.0],
                [1.000001, 0.001935, -0.000267, 0.0, -0.000269, 0.271629, 0.962403, 0.37472, 0.001934, -0.962395, 0.271631, 0.0, 0.0, 0.0, 0.0, 1.0],
                [1.0, 0.001921, -0.000356, 0.0, -0.000358, 0.358905, 0.933374, 0.37472, 0.001921, -0.933369, 0.358906, 0.0, 0.0, 0.0, 0.0, 1.0],
                [1.0, 0.001831, -0.000679, 0.0, -0.000682, 0.652898, 0.757444, 0.37472, 0.00183, -0.75744, 0.6529, 0.0, 0.0, 0.0, 0.0, 1.0],
                [0.999999, 0.001707, -0.00095, 0.0, -0.000952, 0.850679, 0.525682, 0.37472, 0.001705, -0.525679, 0.850681, -0.0, 0.0, 0.0, 0.0, 1.0],
                [1.0, 0.001769, -0.000829, -0.0, -0.000831, 0.769393, 0.638773, 0.37472, 0.001768, -0.638769, 0.769395, 0.0, 0.0, 0.0, 0.0, 1.0],
                [1.000001, 0.001883, -0.000516, -0.0, -0.000518, 0.510615, 0.859809, 0.37472, 0.001882, -0.859803, 0.510617, -0.0, 0.0, 0.0, 0.0, 1.0],
                [1.000001, 0.001892, -0.000479, 0.0, -0.000479, 0.475839, 0.879532, 0.37472, 0.001892, -0.879526, 0.475842, -0.0, 0.0, 0.0, 0.0, 1.0],
                [1.000001, 0.001883, -0.000515, 0.0, -0.000517, 0.509925, 0.860218, 0.37472, 0.001882, -0.860212, 0.509928, -0.0, 0.0, 0.0, 0.0, 1.0],
                [1.000001, 0.001889, -0.000492, 0.0, -0.000495, 0.48919, 0.872177, 0.37472, 0.001888, -0.872171, 0.489192, -0.0, 0.0, 0.0, 0.0, 1.0],
                [1.000001, 0.001886, -0.000502, 0.0, -0.000504, 0.498212, 0.867055, 0.37472, 0.001885, -0.867049, 0.498214, -0.0, 0.0, 0.0, 0.0, 1.0],
                [1.000001, 0.001884, -0.000511, 0.0, -0.000515, 0.507179, 0.86184, 0.37472, 0.001883, -0.861834, 0.507182, 0.0, 0.0, 0.0, 0.0, 1.0],
                [1.0, 0.001891, -0.000483, -0.0, -0.000487, 0.481476, 0.876459, 0.37472, 0.00189, -0.876454, 0.481477, -0.0, 0.0, 0.0, 0.0, 1.0],
                [0.999999, 0.001912, -0.000388, -0.0, -0.000391, 0.39133, 0.92025, 0.37472, 0.001912, -0.920247, 0.391331, 0.0, 0.0, 0.0, 0.0, 1.0],
                [1.0, 0.001934, -0.000251, -0.0, -0.000254, 0.25654, 0.966534, 0.37472, 0.001934, -0.966529, 0.25654, -0.0, 0.0, 0.0, 0.0, 1.0],
                [0.999998, 0.001946, -0.000135, -0.0, -0.000137, 0.139369, 0.990241, 0.37472, 0.001946, -0.990238, 0.139369, -0.0, 0.0, 0.0, 0.0, 1.0],
                [0.999999, 0.00195, -4.8e-05, 0.0, -5.1e-05, 0.051109, 0.998693, 0.37472, 0.001949, -0.998691, 0.051109, 0.0, 0.0, 0.0, 0.0, 1.0],
                [0.999998, 0.00195, 2.3e-05, 0.0, 2e-05, -0.022343, 0.99975, 0.37472, 0.00195, -0.999748, -0.022343, 0.0, 0.0, 0.0, 0.0, 1.0],
                [0.999999, 0.001947, 0.00011, -0.0, 0.000107, -0.111044, 0.993815, 0.37472, 0.001947, -0.993813, -0.111044, 0.0, 0.0, 0.0, 0.0, 1.0],
                [0.999999, 0.001942, 0.000172, -0.0, 0.000169, -0.174357, 0.984682, 0.37472, 0.001942, -0.984679, -0.174358, -0.0, 0.0, 0.0, 0.0, 1.0],
                [0.999998, 0.001939, 0.000205, -0.0, 0.000203, -0.20775, 0.978183, 0.37472, 0.001939, -0.97818, -0.20775, 0.0, 0.0, 0.0, 0.0, 1.0],
                [0.999999, 0.001939, 0.000207, -0.0, 0.000205, -0.210356, 0.977625, 0.37472, 0.001939, -0.977621, -0.210357, -0.0, 0.0, 0.0, 0.0, 1.0],
                [1.0, 0.001941, 0.000183, -0.0, 0.000181, -0.185858, 0.982576, 0.37472, 0.001941, -0.982573, -0.185859, 0.0, 0.0, 0.0, 0.0, 1.0],
                [1.0, 0.001945, 0.000139, 0.0, 0.000139, -0.142089, 0.989854, 0.37472, 0.001945, -0.98985, -0.142089, -0.0, 0.0, 0.0, 0.0, 1.0],
                [1.0, 0.001948, 7.9e-05, 0.0, 7.7e-05, -0.079945, 0.996799, 0.37472, 0.001949, -0.996796, -0.079945, -0.0, 0.0, 0.0, 0.0, 1.0],
                [1.0, 0.00195, 2e-06, 0.0, 0.0, -0.000973, 0.999999, 0.37472, 0.00195, -0.999996, -0.000973, -0.0, 0.0, 0.0, 0.0, 1.0],
                [0.999999, 0.001948, -8.5e-05, -0.0, -8.7e-05, 0.087864, 0.996133, 0.37472, 0.001948, -0.996129, 0.087864, 0.0, 0.0, 0.0, 0.0, 1.0],
                [1.0, 0.001942, -0.000183, 0.0, -0.000184, 0.187621, 0.982241, 0.37472, 0.001942, -0.982238, 0.187622, 0.0, 0.0, 0.0, 0.0, 1.0],
                [0.999997, -0.001058, 0.000558, 0.0, 0.000555, 0.823747, 0.566959, 0.37472, -0.001059, -0.566958, 0.823748, -0.0, 0.0, 0.0, 0.0, 1.0],
                [0.999995, -0.001635, 0.001071, 0.0, 0.001069, 0.91608, 0.400996, 0.37472, -0.001636, -0.400993, 0.916082, 0.0, 0.0, 0.0, 0.0, 1.0]
            ]
        },
        {
            "name": "Knee_R",
            "time": [0.0, 1.1667, 1.3333, 1.5],
            "transform": [
                [1.0, 0.0, -0.0, -0.0, -0.0, 1e-06, -1.0, 0.37472, -0.0, 1.0, 1e-06, 0.0, 0.0, 0.0, 0.0, 1.0],
                [1.0, 0.0, -0.0, 0.0, -0.0, 1e-06, -1.0, 0.37472, -0.0, 1.0, 1e-06, 0.0, 0.0, 0.0, 0.0, 1.0],
                [1.0, 0.0, -0.0, 0.0, -0.0, 1e-06, -1.0, 0.37472, -0.0, 1.0, 1e-06, -0.0, 0.0, 0.0, 0.0, 1.0],
                [1.0, 0.0, -0.0, 0.0, -0.0, 1e-06, -1.0, 0.37472, 0.0, 1.0, 1e-06, 0.0, 0.0, 0.0, 0.0, 1.0]
            ]
        },
        {
            "name": "Thigh_L",
            "time": [0.0, 0.1, 0.2333, 0.2667, 0.3, 0.3333, 0.3667, 0.7333, 0.7667, 0.8, 0.8333, 0.9, 0.9333, 0.9667, 1.0, 1.0333, 1.0667, 1.1, 1.1333, 1.1667, 1.3333, 1.5],
            "transform": [
                [0.344589, 0.026915, 0.938368, -0.017176, -0.4793, -0.854439, 0.200518, 0.047038, 0.807171, -0.518858, -0.28153, -0.122033, 0.0, 0.0, 0.0, 1.0],
                [0.992859, -0.029642, -0.115527, -0.082328, -0.060678, -0.959441, -0.27531, 0.042082, -0.10268, 0.280357, -0.954388, -0.139844, 0.0, 0.0, 0.0, 1.0],
                [0.654325, -0.71621, -0.242701, -0.050279, -0.196219, -0.470755, 0.860168, 0.082186, -0.730307, -0.515212, -0.44856, 0.165389, 0.0, 0.0, 0.0, 1.0],
                [0.766598, -0.603976, -0.218035, -0.018518, 0.006354, -0.332403, 0.943116, 0.077868, -0.64209, -0.724382, -0.250982, 0.206167, 0.0, 0.0, 0.0, 1.0],
                [0.769878, -0.576897, -0.272905, 0.013244, 0.108354, -0.303259, 0.946728, 0.073549, -0.628921, -0.758441, -0.170964, 0.246945, 0.0, 0.0, 0.0, 1.0],
                [0.863693, -0.438093, -0.249214, -0.004179, 0.154156, -0.241148, 0.958167, 0.069552, -0.479862, -0.865983, -0.140744, 0.226481, 0.0, 0.0, 0.0, 1.0],
                [0.885271, -0.427859, -0.182294, -0.021601, 0.094404, -0.218488, 0.971262, 0.065555, -0.45539, -0.877043, -0.15303, 0.206017, 0.0, 0.0, 0.0, 1.0],
                [0.883743, -0.460431, -0.083645, -0.124998, 0.010979, -0.158295, 0.987331, -0.002291, -0.467834, -0.873474, -0.134837, 0.008831, 0.0, 0.0, 0.0, 1.0],
                [0.842016, -0.536643, -0.054956, -0.125248, -0.019264, -0.131724, 0.991099, -0.00453, -0.5391, -0.833472, -0.121252, -0.000302, 0.0, 0.0, 0.0, 1.0],
                [0.815136, -0.574277, -0.075875, -0.12525, -0.019406, -0.157986, 0.98725, -0.004145, -0.578937, -0.803279, -0.139925, -0.00169, 0.0, 0.0, 0.0, 1.0],
                [0.785456, -0.607947, -0.116009, -0.125276, -0.015015, -0.206105, 0.978414, -0.003149, -0.618728, -0.766768, -0.171016, -0.001913, 0.0, 0.0, 0.0, 1.0],
                [0.809692, -0.565246, -0.157778, -0.12533, -0.004155, -0.274373, 0.961615, 2.8e-05, -0.586833, -0.777964, -0.224506, -0.000225, 0.0, 0.0, 0.0, 1.0],
                [0.820968, -0.556368, -0.128305, -0.125318, -0.008097, -0.236039, 0.97171, 0.001587, -0.570907, -0.796713, -0.198286, 0.000673, 0.0, 0.0, 0.0, 1.0],
                [0.832621, -0.540624, -0.120263, -0.1253, -0.010085, -0.231911, 0.972685, 0.002481, -0.553741, -0.808674, -0.198547, 0.001135, 0.0, 0.0, 0.0, 1.0],
                [0.846247, -0.517893, -0.125094, -0.125287, -0.011449, -0.252416, 0.967551, 0.003133, -0.532658, -0.817365, -0.219536, 0.000963, 0.0, 0.0, 0.0, 1.0],
                [0.860084, -0.491363, -0.13716, -0.12527, -0.010472, -0.285816, 0.958227, 0.003788, -0.510035, -0.822728, -0.250972, 0.000798, 0.0, 0.0, 0.0, 1.0],
                [0.873989, -0.461655, -0.151698, -0.12525, -0.00891, -0.32735, 0.944861, 0.004449, -0.485855, -0.824455, -0.290214, 0.000642, 0.0, 0.0, 0.0, 1.0],
                [0.886472, -0.430632, -0.169466, -0.125225, -0.004261, -0.373778, 0.927509, 0.005104, -0.462753, -0.821496, -0.333179, 0.000496, 0.0, 0.0, 0.0, 1.0],
                [0.897992, -0.397757, -0.188134, -0.125204, -0.001076, -0.42956, 0.903038, 0.005586, -0.440001, -0.810726, -0.38617, 0.00054, 0.0, 0.0, 0.0, 1.0],
                [0.908079, -0.364658, -0.205941, -0.125182, 0.002965, -0.486144, 0.873875, 0.006067, -0.418779, -0.794166, -0.440376, 0.000588, 0.0, 0.0, 0.0, 1.0],
                [0.981328, -0.191642, -0.016461, -0.127655, -0.166159, -0.887722, 0.42935, 0.037326, -0.096894, -0.418597, -0.902988, -0.039062, 0.0, 0.0, 0.0, 1.0],
                [0.984786, -0.167668, 0.045695, -0.128273, -0.173724, -0.942938, 0.284054, 0.04514, -0.004539, -0.28767, -0.957719, -0.048974, 0.0, 0.0, 0.0, 1.0]
            ]
        },
        {
            "name": "Leg_L",
            "time": [0.0, 0.1, 0.1333, 0.1667, 0.2, 0.2333, 0.2667, 0.3, 0.3333, 0.3667, 0.4, 0.4333, 0.5333, 0.7, 0.8, 0.8333, 0.8667, 0.9, 0.9333, 0.9667, 1.0, 1.0333, 1.0667, 1.1, 1.1333, 1.1667, 1.3333, 1.5],
            "transform": [
                [0.999995, -0.001944, 0.000216, -0.0, 0.000215, 0.219228, 0.975674, 0.37472, -0.001944, -0.975675, 0.219227, 0.0, 0.0, 0.0, 0.0, 1.0],
                [0.999995, -0.001749, 0.000872, -0.0, 0.00087, 0.798005, 0.602653, 0.37472, -0.00175, -0.60265, 0.798006, 0.0, 0.0, 0.0, 0.0, 1.0],
                [0.999995, -0.001822, 0.000707, 0.0, 0.000704, 0.673312, 0.739361, 0.37472, -0.001823, -0.73936, 0.673311, 0.0, 0.0, 0.0, 0.0, 1.0],
                [0.999994, -0.001896, 0.000474, 0.0, 0.000472, 0.469462, 0.882954, 0.37472, -0.001896, -0.882955, 0.46946, -0.0, 0.0, 0.0, 0.0, 1.0],
                [0.999995, -0.001933, 0.000298, -0.0, 0.000297, 0.300526, 0.953773, 0.37472, -0.001933, -0.953776, 0.300525, 0.0, 0.0, 0.0, 0.0, 1.0],
                [0.999996, -0.001946, 0.000194, -0.0, 0.000195, 0.198157, 0.98017, 0.37472, -0.001946, -0.980172, 0.198156, -0.0, 0.0, 0.0, 0.0, 1.0],
                [0.999996, -0.001947, 0.000186, 0.0, 0.000188, 0.190688, 0.98165, 0.37472, -0.001947, -0.981651, 0.190688, -0.0, 0.0, 0.0, 0.0, 1.0],
                [0.999996, -0.001949, 0.000179, 0.0, 0.000181, 0.183209, 0.983074, 0.37472, -0.001948, -0.983075, 0.183209, 0.0, 0.0, 0.0, 0.0, 1.0],
                [0.999996, -0.001953, 0.000121, 0.0, 0.000123, 0.124803, 0.992182, 0.37472, -0.001953, -0.99218, 0.124803, -0.0, 0.0, 0.0, 0.0, 1.0],
                [0.999997, -0.001956, 5.4e-05, -0.0, 5.7e-05, 0.056807, 0.998386, 0.37472, -0.001956, -0.998384, 0.056807, -0.0, 0.0, 0.0, 0.0, 1.0],
                [0.999997, -0.001956, -4.7e-05, 0.0, -4.5e-05, -0.047299, 0.998882, 0.37472, -0.001956, -0.998879, -0.047299, 0.0, 0.0, 0.0, 0.0, 1.0],
                [0.999995, -0.001957, -8e-06, -0.0, -6e-06, -0.006824, 0.999978, 0.37472, -0.001957, -0.999977, -0.006824, -0.0, 0.0, 0.0, 0.0, 1.0],
                [0.999995, -0.00196, 0.000123, 0.0, 0.000125, 0.126012, 0.992029, 0.37472, -0.00196, -0.99203, 0.126012, -0.0, 0.0, 0.0, 0.0, 1.0],
                [0.999995, -0.001911, -0.000414, 0.0, 0.000339, -0.03909, 0.999235, 0.37472, -0.001926, -0.999238, -0.039089, 0.0, 0.0, 0.0, 0.0, 1.0],
                [0.999995, -0.001945, -0.0002, 0.0, -0.000201, -0.204268, 0.978914, 0.37472, -0.001945, -0.978918, -0.204267, -0.0, 0.0, 0.0, 0.0, 1.0],
                [0.999995, -0.001935, -0.000278, 0.0, -0.00028, -0.282432, 0.959286, 0.37472, -0.001935, -0.95929, -0.28243, 0.0, 0.0, 0.0, 0.0, 1.0],
                [0.999995, -0.00195, -0.000151, -0.0, -0.000152, -0.154712, 0.987958, 0.37472, -0.001949, -0.987963, -0.154711, 0.0, 0.0, 0.0, 0.0, 1.0],
                [0.999995, -0.00195, -0.000142, 0.0, -0.000142, -0.144802, 0.989459, 0.37472, -0.00195, -0.989463, -0.144801, -0.0, 0.0, 0.0, 0.0, 1.0],
                [0.999995, -0.001952, -0.000118, 0.0, -0.000121, -0.122065, 0.992521, 0.37472, -0.001951, -0.992525, -0.122064, -0.0, 0.0, 0.0, 0.0, 1.0],
                [0.999995, -0.001954, -8.3e-05, 0.0, -8.4e-05, -0.085063, 0.996374, 0.37472, -0.001954, -0.996379, -0.085063, 0.0, 0.0, 0.0, 0.0, 1.0],
                [0.999995, -0.001955, -3.6e-05, -0.0, -3.8e-05, -0.037739, 0.999286, 0.37472, -0.001955, -0.999291, -0.037739, 0.0, 0.0, 0.0, 0.0, 1.0],
                [0.999995, -0.001955, 2.6e-05, 0.0, 2.4e-05, 0.025239, 0.99968, 0.37472, -0.001955, -0.999684, 0.025239, -0.0, 0.0, 0.0, 0.0, 1.0],
                [0.999995, -0.001954, 8.8e-05, 0.0, 8.8e-05, 0.090155, 0.995927, 0.37472, -0.001954, -0.99593, 0.090155, 0.0, 0.0, 0.0, 0.0, 1.0],
                [0.999996, -0.001949, 0.00016, 0.0, 0.000158, 0.161883, 0.986809, 0.37472, -0.001949, -0.986811, 0.161882, -0.0, 0.0, 0.0, 0.0, 1.0],
                [0.999995, -0.001941, 0.000236, 0.0, 0.000234, 0.238748, 0.971081, 0.37472, -0.001941, -0.971084, 0.238747, 0.0, 0.0, 0.0, 0.0, 1.0],
                [0.999995, -0.00193, 0.000317, -0.0, 0.000316, 0.319192, 0.947689, 0.37472, -0.00193, -0.947692, 0.319191, -0.0, 0.0, 0.0, 0.0, 1.0],
                [0.999998, -0.001768, 0.000886, -0.0, 0.000883, 0.800079, 0.599895, 0.37472, -0.001769, -0.599893, 0.800078, 0.0, 0.0, 0.0, 0.0, 1.0],
                [0.999999, -0.001678, 0.001003, 0.0, 0.001, 0.880032, 0.474912, 0.37472, -0.00168, -0.47491, 0.880033, -0.0, 0.0, 0.0, 0.0, 1.0]
            ]
        },
        {
            "name": "Knee_L",
            "time": [0.0, 1.1667, 1.3333, 1.5],
            "transform": [
                [1.0, 0.0, -0.0, -0.0, -0.0, 1e-06, -1.0, 0.37472, -0.0, 1.0, 1e-06, 0.0, 0.0, 0.0, 0.0, 1.0],
                [1.0, 0.0, -0.0, -0.0, -0.0, 1e-06, -1.0, 0.37472, -0.0, 1.0, 1e-06, -0.0, 0.0, 0.0, 0.0, 1.0],
                [1.0, 0.0, -0.0, -0.0, -0.0, 1e-06, -1.0, 0.37472, -0.0, 1.0, 1e-06, 0.0, 0.0, 0.0, 0.0, 1.0],
                [1.0, 0.0, -0.0, 0.0, -0.0, 1e-06, -1.0, 0.37472, -0.0, 1.0, 1e-06, -0.0, 0.0, 0.0, 0.0, 1.0]
            ]
        },
        {
            "name": "Torso",
            "time": [0.0, 0.1, 0.1333, 0.1667, 0.2, 0.2333, 0.2667, 0.3, 0.3333, 0.3667, 0.4, 0.4333, 0.4667, 0.5, 0.5333, 0.5667, 0.6, 0.6333, 0.6667, 0.7, 0.7333, 0.7667, 0.8, 0.8333, 0.8667, 0.9, 0.9333, 0.9667, 1.0, 1.0333, 1.0667, 1.1, 1.1333, 1.1667, 1.3333, 1.5],
            "transform": [
                [-0.556135, 0.742275, -0.373818, 0.0, 0.26105, 0.58304, 0.769361, 0.05, 0.789033, 0.330281, -0.51802, 0.0, 0.0, 0.0, 0.0, 1.0],
                [0.141776, 0.229952, -0.96282, 0.0, 0.393227, 0.879525, 0.267963, 0.05, 0.908447, -0.416595, 0.034272, 0.0, 0.0, 0.0, 0.0, 1.0],
                [0.55593, 0.183763, -0.810663, 0.0, 0.288827, 0.871783, 0.395687, 0.05, 0.77944, -0.454113, 0.431575, 0.0, 0.0, 0.0, 0.0, 1.0],
                [0.977169, 0.0633, -0.20283, 0.0, 0.049739, 0.85992, 0.507994, 0.05, 0.206575, -0.506481, 0.837139, -0.0, 0.0, 0.0, 0.0, 1.0],
                [0.907551, -0.087896, 0.410646, 0.0, -0.148645, 0.847306, 0.509874, 0.05, -0.392762, -0.523774, 0.755909, 0.0, 0.0, 0.0, 0.0, 1.0],
                [0.673563, -0.228492, 0.702928, -0.0, -0.257942, 0.818559, 0.513246, 0.05, -0.692665, -0.527014, 0.492415, -0.0, 0.0, 0.0, 0.0, 1.0],
                [0.440266, -0.342005, 0.83018, 0.0, -0.357645, 0.781293, 0.511535, 0.05, -0.823567, -0.522117, 0.221661, -0.0, 0.0, 0.0, 0.0, 1.0],
                [0.330544, -0.391419, 0.858797, -0.0, -0.400172, 0.765971, 0.503137, 0.05, -0.854757, -0.509971, 0.096553, 0.0, 0.0, 0.0, 0.0, 1.0],
                [0.308289, -0.378506, 0.872749, -0.0, -0.383846, 0.789936, 0.478182, 0.05, -0.870417, -0.482416, 0.09824, 0.0, 0.0, 0.0, 0.0, 1.0],
                [0.290772, -0.351276, 0.889976, -0.0, -0.352118, 0.825595, 0.440911, 0.05, -0.889646, -0.441578, 0.116369, 0.0, 0.0, 0.0, 0.0, 1.0],
                [0.298151, -0.33282, 0.894616, -0.0, -0.307665, 0.85371, 0.42014, 0.05, -0.903579, -0.400504, 0.152138, -0.0, 0.0, 0.0, 0.0, 1.0],
                [0.329404, -0.370069, 0.868644, -0.0, -0.218792, 0.865027, 0.4515, 0.05, -0.918493, -0.338776, 0.203976, -0.0, 0.0, 0.0, 0.0, 1.0],
                [0.368492, -0.399709, 0.839313, 0.0, -0.135439, 0.870125, 0.473849, 0.05, -0.919715, -0.288283, 0.266499, -0.0, 0.0, 0.0, 0.0, 1.0],
                [0.408387, -0.374675, 0.832369, 0.0, -0.125947, 0.880022, 0.457922, 0.05, -0.904082, -0.291842, 0.312201, 0.0, 0.0, 0.0, 0.0, 1.0],
                [0.458376, -0.33656, 0.822569, -0.0, -0.143321, 0.885416, 0.442143, 0.05, -0.87713, -0.320556, 0.357618, 0.0, 0.0, 0.0, 0.0, 1.0],
                [0.509026, -0.297891, 0.807561, -0.0, -0.169106, 0.885306, 0.433163, 0.05, -0.84398, -0.357052, 0.400268, 1e-06, 0.0, 0.0, 0.0, 1.0],
                [0.563084, -0.267423, 0.781936, -0.0, -0.190419, 0.878744, 0.437657, 0.05, -0.804166, -0.39533, 0.443885, -0.0, 0.0, 0.0, 0.0, 1.0],
                [0.614393, -0.238653, 0.752043, 0.0, -0.215391, 0.866217, 0.450854, 0.05, -0.759035, -0.438982, 0.480794, 0.0, 0.0, 0.0, 0.0, 1.0],
                [0.66572, -0.224536, 0.711619, 0.0, -0.23112, 0.844711, 0.482744, 0.05, -0.709511, -0.485839, 0.510447, 0.0, 0.0, 0.0, 0.0, 1.0],
                [0.714299, -0.22121, 0.663962, -0.0, -0.238598, 0.814913, 0.528189, 0.05, -0.657916, -0.535701, 0.529312, -0.0, 0.0, 0.0, 0.0, 1.0],
                [0.776598, -0.250473, 0.578067, -0.0, -0.214831, 0.757283, 0.616739, 0.05, -0.59224, -0.603141, 0.534296, -0.0, 0.0, 0.0, 0.0, 1.0],
                [0.83963, -0.287248, 0.460992, -0.0, -0.144597, 0.699881, 0.699467, 0.05, -0.523563, -0.653947, 0.546107, 0.0, 0.0, 0.0, 0.0, 1.0],
                [0.889658, -0.30034, 0.34396, -0.0, -0.057501, 0.67357, 0.736881, 0.05, -0.452999, -0.675346, 0.581977, -0.0, 0.0, 0.0, 0.0, 1.0],
                [0.927881, -0.303309, 0.216902, 0.0, 0.036023, 0.651876, 0.757467, 0.05, -0.371143, -0.695021, 0.615789, 0.0, 0.0, 0.0, 0.0, 1.0],
                [0.950453, -0.295528, 0.096474, -0.0, 0.120271, 0.635713, 0.762497, 0.05, -0.286671, -0.713109, 0.639759, -0.0, 0.0, 0.0, 0.0, 1.0],
                [0.959892, -0.280082, -0.012951, 0.0, 0.193895, 0.629718, 0.752234, 0.05, -0.202533, -0.724569, 0.658768, 0.0, 0.0, 0.0, 0.0, 1.0],
                [0.960969, -0.255736, -0.105561, -0.0, 0.249122, 0.633861, 0.732226, 0.05, -0.120346, -0.729939, 0.672831, -0.0, 0.0, 0.0, 0.0, 1.0],
                [0.958584, -0.229583, -0.168565, 0.0, 0.279947, 0.650416, 0.706106, 0.05, -0.052473, -0.724046, 0.68775, 0.0, 0.0, 0.0, 0.0, 1.0],
                [0.955914, -0.201945, -0.213195, -0.0, 0.293489, 0.681608, 0.670278, 0.05, 0.009957, -0.703294, 0.710827, -0.0, 0.0, 0.0, 0.0, 1.0],
                [0.954183, -0.171774, -0.245018, -0.0, 0.291238, 0.721131, 0.628608, 0.05, 0.068712, -0.671161, 0.738118, -0.0, 0.0, 0.0, 0.0, 1.0],
                [0.952279, -0.14193, -0.270233, 0.0, 0.278251, 0.767604, 0.57737, 0.05, 0.125487, -0.625006, 0.770466, -0.0, 0.0, 0.0, 0.0, 1.0],
                [0.951039, -0.113545, -0.287469, -0.0, 0.255079, 0.813569, 0.522528, 0.05, 0.174547, -0.570268, 0.802699, -0.0, 0.0, 0.0, 0.0, 1.0],
                [0.950308, -0.087197, -0.29886, 0.0, 0.224005, 0.858177, 0.461896, 0.05, 0.2162, -0.505886, 0.835066, 0.0, 0.0, 0.0, 0.0, 1.0],
                [0.947962, -0.063205, -0.312055, 0.0, 0.190927, 0.897171, 0.398278, 0.05, 0.254796, -0.437129, 0.862552, 0.0, 0.0, 0.0, 0.0, 1.0],
                [0.957678, 0.03088, -0.286191, -0.0, 0.039603, 0.970636, 0.237255, 0.05, 0.285116, -0.238546, 0.928334, -0.0, 0.0, 0.0, 0.0, 1.0],
                [0.957742, 0.055086, -0.282314, 0.0, 0.001026, 0.980826, 0.194864, 0.05, 0.287638, -0.186918, 0.939322, -0.0, 0.0, 0.0, 0.0, 1.0]
            ]
        },
        {
            "name": "Chest",
            "time": [0.0, 0.1, 0.1333, 0.1667, 0.2, 0.2333, 0.2667, 0.3, 0.3333, 0.3667, 0.4, 0.4333, 0.4667, 0.5, 0.5333, 0.5667, 0.6, 0.6333, 0.6667, 0.7, 0.7333, 0.7667, 0.8, 0.8333, 0.8667, 0.9, 0.9333, 0.9667, 1.0, 1.0333, 1.0667, 1.1, 1.1333, 1.1667, 1.3333, 1.5],
            "transform": [
                [0.900974, 0.077683, 0.426867, -0.0, 0.087074, 0.931449, -0.353293, 0.3, -0.425052, 0.355475, 0.832447, 0.0, 0.0, 0.0, 0.0, 1.0],
                [0.722464, 0.085773, 0.686068, -0.0, 0.047157, 0.98385, -0.17266, 0.3, -0.689803, 0.157093, 0.70675, 0.0, 0.0, 0.0, 0.0, 1.0],
                [0.909912, 0.054923, 0.411156, -0.0, 0.024376, 0.9824, -0.185177, 0.3, -0.414093, 0.178516, 0.892557, 0.0, 0.0, 0.0, 0.0, 1.0],
                [0.990184, -0.005384, -0.139685, 0.0, -0.022305, 0.980367, -0.1959, 0.3, 0.137998, 0.197092, 0.970624, 0.0, 0.0, 0.0, 0.0, 1.0],
                [0.830209, -0.052851, -0.554944, -0.0, -0.063378, 0.98009, -0.188155, 0.3, 0.553843, 0.191378, 0.810329, -0.0, 0.0, 0.0, 0.0, 1.0],
                [0.702076, -0.061692, -0.709427, -0.0, -0.092808, 0.979814, -0.177051, 0.3, 0.706034, 0.190142, 0.682176, -0.0, 0.0, 0.0, 0.0, 1.0],
                [0.641317, -0.058525, -0.765041, -0.0, -0.112368, 0.979169, -0.169101, 0.3, 0.759009, 0.194413, 0.621379, 0.0, 0.0, 0.0, 0.0, 1.0],
                [0.629543, -0.051251, -0.775274, -0.0, -0.123251, 0.978598, -0.164774, 0.3, 0.767134, 0.199284, 0.60975, 0.0, 0.0, 0.0, 0.0, 1.0],
                [0.636957, -0.051215, -0.769197, -0.0, -0.120784, 0.978835, -0.16519, 0.3, 0.761384, 0.198124, 0.617287, -0.0, 0.0, 0.0, 0.0, 1.0],
                [0.644311, -0.051189, -0.763049, 0.0, -0.118313, 0.979071, -0.165582, 0.3, 0.755562, 0.196965, 0.624768, -0.0, 0.0, 0.0, 0.0, 1.0],
                [0.658016, -0.051193, -0.751263, -0.0, -0.113197, 0.979621, -0.1659, 0.3, 0.744453, 0.194204, 0.638809, 0.0, 0.0, 0.0, 0.0, 1.0],
                [0.671502, -0.051258, -0.739228, 0.0, -0.108071, 0.980161, -0.166133, 0.3, 0.733084, 0.191447, 0.652639, -0.0, 0.0, 0.0, 0.0, 1.0],
                [0.691684, -0.051871, -0.720336, 0.0, -0.100682, 0.980749, -0.167298, 0.3, 0.715154, 0.188242, 0.673143, 0.0, 0.0, 0.0, 0.0, 1.0],
                [0.711329, -0.052576, -0.700891, -0.0, -0.093264, 0.981317, -0.168264, 0.3, 0.69665, 0.185058, 0.693134, 0.0, 0.0, 0.0, 0.0, 1.0],
                [0.735598, -0.052131, -0.675412, -0.0, -0.086722, 0.981582, -0.170211, 0.3, 0.671851, 0.183778, 0.717526, -0.0, 0.0, 0.0, 0.0, 1.0],
                [0.758953, -0.051748, -0.649089, -0.0, -0.080116, 0.981839, -0.171952, 0.3, 0.646205, 0.182505, 0.741021, -0.0, 0.0, 0.0, 0.0, 1.0],
                [0.784503, -0.048227, -0.61825, 0.0, -0.077942, 0.981394, -0.175455, 0.3, 0.615214, 0.185832, 0.766146, 0.0, 0.0, 0.0, 0.0, 1.0],
                [0.808783, -0.044587, -0.586417, -0.0, -0.075652, 0.980948, -0.178922, 0.3, 0.583227, 0.189072, 0.789999, -0.0, 0.0, 0.0, 0.0, 1.0],
                [0.833778, -0.037268, -0.550844, -0.0, -0.078992, 0.9794, -0.185828, 0.3, 0.546426, 0.198451, 0.813656, -0.0, 0.0, 0.0, 0.0, 1.0],
                [0.857126, -0.029548, -0.514263, -0.0, -0.082039, 0.977778, -0.192914, 0.3, 0.508538, 0.20754, 0.835653, -0.0, 0.0, 0.0, 0.0, 1.0],
                [0.884586, -0.013608, -0.466183, 0.0, -0.094032, 0.973841, -0.206852, 0.3, 0.456805, 0.226813, 0.860165, 0.0, 0.0, 0.0, 0.0, 1.0],
                [0.914462, 0.014117, -0.404429, -0.0, -0.117476, 0.965612, -0.231921, 0.3, 0.387251, 0.259593, 0.884673, -0.0, 0.0, 0.0, 0.0, 1.0],
                [0.942694, 0.05054, -0.329816, 0.0, -0.143833, 0.953457, -0.265001, 0.3, 0.301074, 0.297252, 0.906087, -0.0, 0.0, 0.0, 0.0, 1.0],
                [0.962949, 0.089836, -0.254289, 0.0, -0.166903, 0.939144, -0.300244, 0.3, 0.211842, 0.33156, 0.919342, 0.0, 0.0, 0.0, 0.0, 1.0],
                [0.975063, 0.13163, -0.178692, 0.0, -0.18638, 0.922774, -0.337264, 0.3, 0.120499, 0.362156, 0.924295, -0.0, 0.0, 0.0, 0.0, 1.0],
                [0.979137, 0.171417, -0.109149, -0.0, -0.199962, 0.908447, -0.367061, 0.3, 0.036236, 0.381226, 0.923771, 0.0, 0.0, 0.0, 0.0, 1.0],
                [0.978262, 0.20097, -0.051176, 0.0, -0.204933, 0.898957, -0.387135, 0.3, -0.031797, 0.389205, 0.920602, 0.0, 0.0, 0.0, 0.0, 1.0],
                [0.976855, 0.213591, -0.011755, 0.0, -0.201108, 0.898251, -0.390764, 0.3, -0.072905, 0.384081, 0.920416, -0.0, 0.0, 0.0, 0.0, 1.0],
                [0.976904, 0.212906, 0.018284, 0.0, -0.190559, 0.906674, -0.376331, 0.3, -0.096701, 0.364153, 0.926305, -0.0, 0.0, 0.0, 0.0, 1.0],
                [0.978837, 0.200823, 0.039403, 0.0, -0.174656, 0.92008, -0.350633, 0.3, -0.106669, 0.336329, 0.935684, -0.0, 0.0, 0.0, 0.0, 1.0],
                [0.98204, 0.180231, 0.055838, 0.0, -0.154149, 0.93702, -0.313412, 0.3, -0.108809, 0.299174, 0.947974, 0.0, 0.0, 0.0, 0.0, 1.0],
                [0.986078, 0.153811, 0.063215, -0.0, -0.131409, 0.953673, -0.270619, 0.3, -0.101911, 0.258543, 0.960608, 0.0, 0.0, 0.0, 0.0, 1.0],
                [0.990313, 0.12295, 0.064569, 0.0, -0.105817, 0.969165, -0.222524, 0.3, -0.089938, 0.213535, 0.972786, 0.0, 0.0, 0.0, 0.0, 1.0],
                [0.993688, 0.091873, 0.0644, -0.0, -0.07948, 0.981545, -0.173918, 0.3, -0.079191, 0.167701, 0.982651, -0.0, 0.0, 0.0, 0.0, 1.0],
                [0.998599, 0.040155, 0.034544, 0.0, -0.032804, 0.980866, -0.191886, 0.3, -0.041588, 0.190483, 0.980809, -0.0, 0.0, 0.0, 0.0, 1.0],
                [0.999264, 0.027102, 0.027225, 0.0, -0.021231, 0.980255, -0.196581, 0.3, -0.032015, 0.195857, 0.980109, 0.0, 0.0, 0.0, 0.0, 1.0]
            ]
        },
        {
            "name": "Head",
            "time": [0.0, 0.1, 0.1333, 0.1667, 0.2, 0.2333, 0.2667, 0.3, 0.3333, 0.3667, 0.4, 0.4333, 0.4667, 0.5, 0.5333, 0.5667, 0.6, 0.6333, 0.6667, 0.7, 0.7333, 0.7667, 0.8, 0.8333, 0.8667, 0.9, 0.9333, 0.9667, 1.0, 1.0333, 1.0667, 1.1, 1.1333, 1.1667, 1.3333, 1.5],
            "transform": [
                [0.501095, -0.384312, 0.775376, -0.0, 0.412694, 0.893654, 0.176235, 0.4, -0.760656, 0.23168, 0.606409, 0.0, 0.0, 0.0, 0.0, 1.0],
                [0.502463, -0.210242, 0.838647, -0.0, 0.095373, 0.97754, 0.187921, 0.4, -0.859326, -0.014439, 0.511228, -0.0, 0.0, 0.0, 0.0, 1.0],
                [0.633177, -0.212611, 0.744235, -0.0, 0.111381, 0.97655, 0.184221, 0.4, -0.765956, -0.033751, 0.64201, 0.0, 0.0, 0.0, 0.0, 1.0],
                [0.819392, -0.205206, 0.535247, -0.0, 0.127316, 0.975553, 0.179112, 0.4, -0.558919, -0.078617, 0.825489, 0.0, 0.0, 0.0, 0.0, 1.0],
                [0.943636, -0.183723, 0.275314, 0.0, 0.13694, 0.973974, 0.1806, 0.4, -0.301329, -0.132719, 0.944241, -0.0, 0.0, 0.0, 0.0, 1.0],
                [0.990282, -0.138994, -0.004821, 0.0, 0.13747, 0.972988, 0.185441, 0.4, -0.021084, -0.1843, 0.982647, 0.0, 0.0, 0.0, 0.0, 1.0],
                [0.960658, -0.064776, -0.270076, 0.0, 0.119866, 0.97389, 0.19278, 0.4, 0.250536, -0.217567, 0.943345, 0.0, 0.0, 0.0, 0.0, 1.0],
                [0.917933, -0.020007, -0.396232, 0.0, 0.10732, 0.974011, 0.199444, 0.4, 0.381945, -0.225599, 0.896229, -0.0, 0.0, 0.0, 0.0, 1.0],
                [0.909198, -0.002057, -0.416361, 0.0, 0.094809, 0.974737, 0.202218, 0.4, 0.405427, -0.223329, 0.886429, -0.0, 0.0, 0.0, 0.0, 1.0],
                [0.912318, 0.008202, -0.409402, -0.0, 0.080091, 0.976911, 0.198048, 0.4, 0.401575, -0.213471, 0.890601, -0.0, 0.0, 0.0, 0.0, 1.0],
                [0.922005, 0.016786, -0.386816, 0.0, 0.060744, 0.980412, 0.187336, 0.4, 0.382385, -0.19622, 0.90293, -0.0, 0.0, 0.0, 0.0, 1.0],
                [0.937301, 0.021697, -0.347848, -0.0, 0.041738, 0.983886, 0.173837, 0.4, 0.346015, -0.177455, 0.921296, 0.0, 0.0, 0.0, 0.0, 1.0],
                [0.95278, 0.027079, -0.302455, 0.0, 0.02198, 0.98725, 0.157631, 0.4, 0.302867, -0.156835, 0.940042, -0.0, 0.0, 0.0, 0.0, 1.0],
                [0.968402, 0.029207, -0.247677, 0.0, 0.005555, 0.990343, 0.138503, 0.4, 0.249331, -0.135502, 0.958894, -0.0, 0.0, 0.0, 0.0, 1.0],
                [0.979857, 0.030566, -0.197348, 0.0, -0.006986, 0.992855, 0.119091, 0.4, 0.199578, -0.115313, 0.973076, -0.0, 0.0, 0.0, 0.0, 1.0],
