{
    "animation": [
        {
            "name": "Root",
            "time": [0.0, 0.0667, 0.1667, 0.2667, 0.4333, 0.5333, 0.6, 0.8667, 1.1, 1.2333, 1.3333, 1.5, 1.6, 2.1, 2.2667],
            "transform": [
                [1.0, 0.0, 0.0, -5e-06, 0.0, 0.0, -1.0, 0.000946, 0.0, 1.0, 0.0, 0.459957, 0.0, 0.0, 0.0, 1.0],
                [1.0, 0.0, 0.0, -5e-06, 0.0, 0.0, -1.0, 0.262782, 0.0, 1.0, 0.0, 0.510366, 0.0, 0.0, 0.0, 1.0],
                [1.0, 0.0, 0.0, -5e-06, 0.0, 0.0, -1.0, 0.694326, 0.0, 1.0, 0.0, 0.459957, 0.0, 0.0, 0.0, 1.0],
                [1.0, 0.0, 0.0, -5e-06, 0.0, 0.0, -1.0, 1.009038, 0.0, 1.0, 0.0, 0.509985, 0.0, 0.0, 0.0, 1.0],
                [1.0, 0.0, 0.0, -5e-06, 0.0, 0.0, -1.0, 1.588995, 0.0, 1.0, 0.0, 0.395803, 0.0, 0.0, 0.0, 1.0],
                [1.0, 0.0, 0.0, -5e-06, 0.0, 0.0, -1.0, 1.617681, 0.0, 1.0, 0.0, 0.38718, 0.0, 0.0, 0.0, 1.0],
                [1.0, 0.0, 0.0, -5e-06, 0.0, 0.0, -1.0, 1.697117, 0.0, 1.0, 0.0, 0.350115, 0.0, 0.0, 0.0, 1.0],
                [1.0, 0.0, 0.0, -5e-06, 0.0, 0.0, -1.0, 1.697117, 0.0, 1.0, 0.0, 0.350115, 0.0, 0.0, 0.0, 1.0],
                [1.0, 0.0, 0.0, -5e-06, 0.0, 0.0, -1.0, 1.809712, 0.0, 1.0, 0.0, 0.549508, 0.0, 0.0, 0.0, 1.0],
                [1.0, 0.0, 0.0, -5e-06, 0.0, 0.0, -1.0, 1.954934, 0.0, 1.0, 0.0, 0.606682, 0.0, 0.0, 0.0, 1.0],
                [1.0, 0.0, 0.0, -5e-06, 0.0, 0.0, -1.0, 2.005211, 0.0, 1.0, 0.0, 0.61721, 0.0, 0.0, 0.0, 1.0],
                [1.0, 0.0, 0.0, -5e-06, 0.0, 0.0, -1.0, 2.08673, 0.0, 1.0, 0.0, 0.61721, 0.0, 0.0, 0.0, 1.0],
                [1.0, 0.0, 0.0, -5e-06, 0.0, 0.0, -1.0, 2.130807, 0.0, 1.0, 0.0, 0.61721, 0.0, 0.0, 0.0, 1.0],
                [1.0, 0.0, 0.0, -5e-06, 0.0, 0.0, -1.0, 2.224119, 0.0, 1.0, 0.0, 0.61721, 0.0, 0.0, 0.0, 1.0],
                [1.0, 0.0, 0.0, -5e-06, 0.0, 0.0, -1.0, 2.224119, 0.0, 1.0, 0.0, 0.61721, 0.0, 0.0, 0.0, 1.0]
            ]
        },
        {
            "name": "Thigh_R",
            "time": [0.0, 0.1333, 0.1667, 0.2, 0.2333, 0.2667, 0.3, 0.3333, 0.3667, 0.4, 0.4333, 0.4667, 0.5, 0.5333, 0.5667, 0.6, 0.6333, 0.6667, 0.7, 0.7333, 0.7667, 0.8, 0.8333, 0.8667, 0.9, 0.9333, 0.9667, 1.0, 1.0333, 1.0667, 1.1, 1.1333, 1.1667, 1.2, 1.2333, 1.2667, 1.3, 1.3333, 1.3667, 1.4, 1.4333, 1.4667, 1.5, 1.5333, 1.5667, 1.6, 1.6333, 1.6667, 1.7, 1.7333, 1.7667, 1.8, 1.8333, 1.8667, 1.9, 1.9333, 1.9667, 2.0, 2.0333, 2.0667, 2.1, 2.1333, 2.1667, 2.2, 2.2333, 2.2667],
            "transform": [
                [0.965234, 0.039989, -0.258312, 0.124994, 0.255421, -0.354257, 0.89959, -0.002831, -0.055536, -0.934292, -0.352156, -1.2e-05, 0.0, 0.0, 0.0, 1.0],
                [0.689323, 0.457224, 0.561944, 0.124994, 0.53069, -0.846716, 0.037944, -0.002831, 0.493156, 0.272063, -0.826305, -1.2e-05, 0.0, 0.0, 0.0, 1.0],
                [0.640797, 0.473694, 0.604147, 0.124994, 0.544645, -0.835114, 0.077105, -0.002831, 0.541056, 0.279637, -0.793134, -1.2e-05, 0.0, 0.0, 0.0, 1.0],
                [0.599432, 0.462606, 0.653205, 0.124994, 0.538134, -0.837029, 0.098959, -0.002831, 0.592532, 0.292193, -0.750686, -1.2e-05, 0.0, 0.0, 0.0, 1.0],
                [0.710659, 0.410092, 0.571654, 0.124994, 0.443009, -0.892066, 0.08922, -0.002831, 0.546543, 0.189843, -0.815629, -1.2e-05, 0.0, 0.0, 0.0, 1.0],
                [0.891046, 0.427229, 0.15334, 0.124994, 0.301403, -0.809473, 0.503894, -0.002831, 0.339403, -0.402775, -0.850046, -1.2e-05, 0.0, 0.0, 0.0, 1.0],
                [0.957329, 0.232889, -0.171124, 0.124994, 0.281121, -0.613109, 0.738287, -0.002831, 0.067021, -0.75489, -0.652417, -1.2e-05, 0.0, 0.0, 0.0, 1.0],
                [0.967017, 0.104606, -0.232239, 0.124994, 0.251643, -0.533441, 0.807537, -0.002831, -0.039413, -0.839344, -0.54217, -1.2e-05, 0.0, 0.0, 0.0, 1.0],
                [0.975917, 0.052041, -0.211842, 0.124994, 0.205952, -0.539879, 0.816158, -0.002831, -0.071895, -0.840133, -0.537596, -1.2e-05, 0.0, 0.0, 0.0, 1.0],
                [0.97295, 0.020156, -0.230135, 0.124994, 0.203245, -0.54824, 0.811248, -0.002831, -0.109818, -0.836078, -0.537507, -1.2e-05, 0.0, 0.0, 0.0, 1.0],
                [0.973205, 0.025543, -0.228515, 0.124994, 0.214637, -0.457386, 0.862976, -0.002831, -0.082477, -0.888901, -0.450614, -1.2e-05, 0.0, 0.0, 0.0, 1.0],
                [0.978014, 0.024597, -0.207082, 0.124994, 0.201566, -0.366116, 0.908477, -0.002831, -0.053471, -0.930244, -0.363025, -1.2e-05, 0.0, 0.0, 0.0, 1.0],
                [0.987866, -0.001072, -0.155303, 0.124994, 0.144355, -0.362516, 0.92073, -0.002831, -0.057286, -0.931978, -0.357963, -1.2e-05, 0.0, 0.0, 0.0, 1.0],
                [0.994448, -0.012061, -0.104533, 0.124994, 0.093243, -0.359413, 0.928509, -0.002831, -0.04877, -0.933101, -0.356293, -1.2e-05, 0.0, 0.0, 0.0, 1.0],
                [0.997936, 0.020765, -0.060762, 0.124994, 0.064071, -0.259276, 0.963676, -0.002831, 0.004256, -0.96558, -0.260072, -1.2e-05, 0.0, 0.0, 0.0, 1.0],
                [0.996843, 0.0355, -0.071023, 0.124994, 0.077115, -0.219722, 0.97251, -0.002831, 0.018919, -0.974916, -0.221767, -1.2e-05, 0.0, 0.0, 0.0, 1.0],
                [0.995299, 0.045965, -0.08524, 0.124994, 0.092651, -0.195761, 0.976265, -0.002831, 0.028187, -0.979574, -0.199099, -1.2e-05, 0.0, 0.0, 0.0, 1.0],
                [0.993976, 0.05183, -0.096565, 0.124994, 0.104723, -0.189362, 0.976307, -0.002831, 0.032316, -0.980538, -0.193649, -1.2e-05, 0.0, 0.0, 0.0, 1.0],
                [0.993436, 0.052768, -0.101488, 0.124994, 0.109842, -0.192481, 0.975134, -0.002831, 0.031921, -0.979881, -0.197014, -1.2e-05, 0.0, 0.0, 0.0, 1.0],
                [0.993086, 0.05264, -0.104924, 0.124994, 0.113382, -0.198569, 0.973507, -0.002831, 0.030411, -0.978672, -0.203165, -1.2e-05, 0.0, 0.0, 0.0, 1.0],
                [0.992923, 0.050779, -0.107354, 0.124994, 0.115668, -0.208626, 0.971131, -0.002831, 0.026916, -0.976676, -0.213024, -1.2e-05, 0.0, 0.0, 0.0, 1.0],
                [0.992767, 0.049494, -0.109381, 0.124994, 0.117694, -0.221298, 0.968078, -0.002831, 0.023708, -0.97395, -0.225523, -1.2e-05, 0.0, 0.0, 0.0, 1.0],
                [0.992694, 0.048805, -0.110349, 0.124994, 0.119044, -0.246973, 0.961682, -0.002831, 0.019682, -0.967792, -0.250979, -1.2e-05, 0.0, 0.0, 0.0, 1.0],
                [0.992739, 0.050059, -0.109377, 0.124994, 0.1191, -0.281561, 0.952123, -0.002831, 0.016866, -0.958237, -0.285479, -1.2e-05, 0.0, 0.0, 0.0, 1.0],
                [0.992904, 0.054336, -0.10578, 0.124994, 0.11794, -0.336013, 0.934444, -0.002831, 0.015231, -0.940288, -0.340037, -1.2e-05, 0.0, 0.0, 0.0, 1.0],
                [0.993437, 0.059101, -0.097933, 0.124994, 0.11357, -0.407633, 0.906056, -0.002831, 0.013628, -0.911231, -0.41167, -1.2e-05, 0.0, 0.0, 0.0, 1.0],
                [0.993989, 0.065266, -0.087899, 0.124994, 0.108603, -0.486353, 0.866987, -0.002831, 0.013835, -0.871321, -0.490518, -1.2e-05, 0.0, 0.0, 0.0, 1.0],
                [0.994728, 0.067239, -0.077434, 0.124994, 0.101948, -0.566435, 0.817776, -0.002831, 0.011125, -0.821359, -0.570303, -1.2e-05, 0.0, 0.0, 0.0, 1.0],
                [0.995627, 0.064532, -0.067557, 0.124994, 0.093332, -0.654572, 0.750216, -0.002831, 0.004192, -0.753239, -0.657733, -1.2e-05, 0.0, 0.0, 0.0, 1.0],
                [0.996678, 0.060269, -0.054777, 0.124994, 0.081437, -0.745186, 0.661865, -0.002831, -0.000929, -0.664127, -0.747619, -1.2e-05, 0.0, 0.0, 0.0, 1.0],
                [0.997543, 0.059869, -0.036391, 0.124994, 0.07001, -0.831733, 0.550742, -0.002831, 0.002705, -0.551936, -0.833881, -1.2e-05, 0.0, 0.0, 0.0, 1.0],
                [0.998139, 0.059617, -0.012845, 0.124994, 0.059566, -0.907859, 0.415022, -0.002831, 0.013081, -0.415015, -0.909721, -1.2e-05, 0.0, 0.0, 0.0, 1.0],
                [0.998267, 0.058836, 0.000363, 0.124994, 0.055876, -0.949948, 0.307372, -0.002831, 0.018429, -0.306819, -0.951589, -1.2e-05, 0.0, 0.0, 0.0, 1.0],
                [0.998229, 0.059423, 0.002876, 0.124994, 0.056927, -0.968103, 0.243999, -0.002831, 0.017283, -0.243403, -0.969771, -1.2e-05, 0.0, 0.0, 0.0, 1.0],
                [0.998201, 0.059954, -0.000369, 0.124994, 0.058995, -0.981084, 0.184376, -0.002831, 0.010692, -0.184065, -0.982856, -1.2e-05, 0.0, 0.0, 0.0, 1.0],
                [0.998144, 0.060809, -0.003495, 0.124994, 0.060747, -0.989647, 0.130033, -0.002831, 0.004449, -0.130003, -0.991504, -1.2e-05, 0.0, 0.0, 0.0, 1.0],
                [0.99801, 0.062503, -0.00829, 0.124994, 0.062961, -0.994943, 0.078257, -0.002831, -0.003357, -0.078623, -0.996899, -1.2e-05, 0.0, 0.0, 0.0, 1.0],
                [0.997852, 0.064503, -0.011421, 0.124994, 0.064846, -0.99736, 0.032704, -0.002831, -0.009281, -0.033374, -0.9994, -1.2e-05, 0.0, 0.0, 0.0, 1.0],
                [0.997606, 0.068406, -0.010084, 0.124994, 0.068316, -0.997623, -0.008999, -0.002831, -0.010676, 0.008289, -0.999909, -1.2e-05, 0.0, 0.0, 0.0, 1.0],
                [0.997511, 0.070501, -0.001661, 0.124994, 0.070352, -0.996474, -0.045715, -0.002831, -0.004878, 0.045485, -0.998953, -1.2e-05, 0.0, 0.0, 0.0, 1.0],
                [0.997174, 0.074058, 0.012577, 0.124994, 0.074819, -0.994111, -0.078398, -0.002831, 0.006697, 0.079118, -0.996843, -1.2e-05, 0.0, 0.0, 0.0, 1.0],
                [0.996342, 0.075969, 0.039133, 0.124994, 0.079817, -0.990879, -0.108575, -0.002831, 0.030528, 0.111302, -0.993318, -1.2e-05, 0.0, 0.0, 0.0, 1.0],
                [0.991032, 0.097015, 0.091883, 0.124994, 0.106328, -0.989029, -0.102551, -0.002831, 0.080926, 0.111401, -0.990475, -1.2e-05, 0.0, 0.0, 0.0, 1.0],
                [0.974925, 0.138556, 0.174137, 0.124994, 0.149632, -0.987368, -0.052107, -0.002831, 0.164718, 0.076858, -0.983342, -1.2e-05, 0.0, 0.0, 0.0, 1.0],
                [0.946201, 0.194483, 0.258612, 0.124994, 0.196679, -0.980309, 0.017617, -0.002831, 0.256946, 0.034195, -0.965821, -1.2e-05, 0.0, 0.0, 0.0, 1.0],
                [0.913539, 0.247101, 0.323091, 0.124994, 0.23268, -0.968989, 0.083185, -0.002831, 0.333627, -0.000816, -0.942705, -1.2e-05, 0.0, 0.0, 0.0, 1.0],
                [0.891308, 0.275684, 0.359955, 0.124994, 0.25131, -0.961185, 0.113871, -0.002831, 0.377376, -0.011033, -0.925994, -1.2e-05, 0.0, 0.0, 0.0, 1.0],
                [0.88388, 0.28833, 0.368268, 0.124994, 0.25565, -0.95718, 0.135825, -0.002831, 0.391661, -0.025905, -0.919745, -1.2e-05, 0.0, 0.0, 0.0, 1.0],
                [0.893296, 0.296259, 0.338014, 0.124994, 0.24461, -0.951344, 0.187377, -0.002831, 0.37708, -0.084701, -0.9223, -1.2e-05, 0.0, 0.0, 0.0, 1.0],
                [0.902355, 0.298044, 0.311326, 0.124994, 0.23577, -0.946038, 0.222316, -0.002831, 0.360785, -0.127206, -0.923933, -1.2e-05, 0.0, 0.0, 0.0, 1.0],
                [0.900541, 0.296602, 0.317891, 0.124994, 0.232652, -0.946419, 0.223972, -0.002831, 0.367289, -0.127737, -0.921294, -1.2e-05, 0.0, 0.0, 0.0, 1.0],
                [0.897633, 0.295938, 0.326615, 0.124994, 0.231793, -0.947266, 0.221266, -0.002831, 0.374872, -0.122908, -0.918893, -1.2e-05, 0.0, 0.0, 0.0, 1.0],
                [0.893878, 0.293814, 0.338606, 0.124994, 0.230881, -0.949137, 0.214085, -0.002831, 0.384285, -0.113188, -0.91625, -1.2e-05, 0.0, 0.0, 0.0, 1.0],
                [0.888976, 0.290834, 0.353748, 0.124994, 0.230014, -0.951511, 0.204255, -0.002831, 0.396, -0.10021, -0.912766, -1.2e-05, 0.0, 0.0, 0.0, 1.0],
                [0.883928, 0.287481, 0.368818, 0.124994, 0.22909, -0.953795, 0.194404, -0.002831, 0.407664, -0.087346, -0.908945, -1.2e-05, 0.0, 0.0, 0.0, 1.0],
                [0.880449, 0.284952, 0.378962, 0.124994, 0.229855, -0.955577, 0.184498, -0.002831, 0.4147, -0.075334, -0.906834, -1.2e-05, 0.0, 0.0, 0.0, 1.0],
                [0.87596, 0.282337, 0.391125, 0.124994, 0.228688, -0.956971, 0.178631, -0.002831, 0.424729, -0.067028, -0.902836, -1.2e-05, 0.0, 0.0, 0.0, 1.0],
                [0.873999, 0.280114, 0.397067, 0.124994, 0.22891, -0.958122, 0.172054, -0.002831, 0.428633, -0.059482, -0.901519, -1.2e-05, 0.0, 0.0, 0.0, 1.0],
                [0.872007, 0.277836, 0.403004, 0.124994, 0.229142, -0.959222, 0.16549, -0.002831, 0.43255, -0.051963, -0.900111, -1.2e-05, 0.0, 0.0, 0.0, 1.0],
                [0.870547, 0.275515, 0.407725, 0.124994, 0.229169, -0.960221, 0.159552, -0.002831, 0.435465, -0.04546, -0.899057, -1.2e-05, 0.0, 0.0, 0.0, 1.0],
                [0.869057, 0.273181, 0.412446, 0.124994, 0.229226, -0.961173, 0.153629, -0.002831, 0.4384, -0.038968, -0.897935, -1.2e-05, 0.0, 0.0, 0.0, 1.0],
                [0.867538, 0.270831, 0.417168, 0.124994, 0.229312, -0.962078, 0.147719, -0.002831, 0.441355, -0.03249, -0.896744, -1.2e-05, 0.0, 0.0, 0.0, 1.0],
                [0.865989, 0.268468, 0.421888, 0.124994, 0.229429, -0.962936, 0.141827, -0.002831, 0.444327, -0.026027, -0.895486, -1.2e-05, 0.0, 0.0, 0.0, 1.0],
                [0.864766, 0.266171, 0.425831, 0.124994, 0.22928, -0.963705, 0.136761, -0.002831, 0.446777, -0.020631, -0.894407, -1.2e-05, 0.0, 0.0, 0.0, 1.0],
                [0.863527, 0.263855, 0.429771, 0.124994, 0.229144, -0.964441, 0.131701, -0.002831, 0.449239, -0.015248, -0.893282, -1.2e-05, 0.0, 0.0, 0.0, 1.0],
                [0.860663, 0.266696, 0.433744, 0.124994, 0.234031, -0.963739, 0.128198, -0.002831, 0.452206, -0.008826, -0.89187, -1.2e-05, 0.0, 0.0, 0.0, 1.0]
            ]
        },
        {
            "name": "Leg_R",
            "time": [0.0, 0.1333, 0.1667, 0.2, 0.2333, 0.2667, 0.3, 0.3333, 0.3667, 0.4, 0.4333, 0.4667, 0.5, 0.5333, 0.5667, 0.6, 0.6333, 0.6667, 0.7, 0.7333, 0.7667, 0.8, 0.8333, 0.8667, 0.9, 0.9333, 0.9667, 1.0, 1.0333, 1.0667, 1.1, 1.1333, 1.1667, 1.2, 1.2333, 1.2667, 1.3, 1.3333, 1.3667, 1.4, 1.4333, 1.4667, 1.5, 1.5333, 1.5667, 1.6, 1.6333, 1.6667, 1.7, 1.7333, 1.7667, 1.8, 1.8333, 1.8667, 1.9, 1.9333, 1.9667, 2.0, 2.0333, 2.0667, 2.1, 2.1333, 2.1667, 2.2, 2.2333, 2.2667],
            "transform": [
                [0.999998, 0.00195, 9.4e-05, -0.0, 9.1e-05, -0.094384, 0.995536, 0.37472, 0.00195, -0.995534, -0.094384, 0.0, 0.0, 0.0, 0.0, 1.0],
                [0.999998, 0.001923, -0.000339, 0.0, -0.00034, 0.342369, 0.939566, 0.37472, 0.001923, -0.939564, 0.342369, -0.0, 0.0, 0.0, 0.0, 1.0],
                [0.999999, 0.001925, -0.000327, 0.0, -0.000329, 0.33123, 0.94355, 0.37472, 0.001925, -0.943548, 0.33123, -0.0, 0.0, 0.0, 0.0, 1.0],
                [0.999998, 0.001919, -0.000359, 0.0, -0.000362, 0.362808, 0.931864, 0.37472, 0.001918, -0.931861, 0.362808, 0.0, 0.0, 0.0, 0.0, 1.0],
                [0.999998, 0.001902, -0.000442, 0.0, -0.000445, 0.442067, 0.896982, 0.37472, 0.001901, -0.896979, 0.442068, 0.0, 0.0, 0.0, 0.0, 1.0],
                [0.999998, 0.001953, 2e-05, 0.0, 1.9e-05, -0.020409, 0.999792, 0.37472, 0.001953, -0.99979, -0.020409, 0.0, 0.0, 0.0, 0.0, 1.0],
                [0.999998, 0.00195, 9.9e-05, 0.0, 9.8e-05, -0.100882, 0.994899, 0.37472, 0.00195, -0.994896, -0.100882, 0.0, 0.0, 0.0, 0.0, 1.0],
                [0.999998, 0.001952, 3.2e-05, -0.0, 3.2e-05, -0.032941, 0.999457, 0.37472, 0.001952, -0.999456, -0.032941, -0.0, 0.0, 0.0, 0.0, 1.0],
                [0.999997, 0.00195, -8.3e-05, 0.0, -8.3e-05, 0.085063, 0.996376, 0.37472, 0.00195, -0.996375, 0.085063, 0.0, 0.0, 0.0, 0.0, 1.0],
                [0.999999, 0.001936, 0.000256, 0.0, 0.000256, -0.259911, 0.965632, 0.37472, 0.001936, -0.96563, -0.259911, -0.0, 0.0, 0.0, 0.0, 1.0],
                [0.999998, 0.001926, 0.000317, -0.0, 0.000316, -0.319998, 0.947418, 0.37472, 0.001927, -0.947416, -0.319998, 0.0, 0.0, 0.0, 0.0, 1.0],
                [0.999998, 0.001926, 0.000317, -0.0, 0.000317, -0.320803, 0.947146, 0.37472, 0.001926, -0.947144, -0.320803, 0.0, 0.0, 0.0, 0.0, 1.0],
                [0.999997, 0.001928, 0.000311, -0.0, 0.000311, -0.314346, 0.949308, 0.37472, 0.001928, -0.949308, -0.314346, -0.0, 0.0, 0.0, 0.0, 1.0],
                [0.999997, 0.00193, 0.000298, -0.0, 0.000297, -0.30134, 0.953516, 0.37472, 0.00193, -0.953516, -0.30134, -0.0, 0.0, 0.0, 0.0, 1.0],
                [0.999998, 0.001916, 0.000371, -0.0, 0.00037, -0.372908, 0.927869, 0.37472, 0.001917, -0.927867, -0.372908, 0.0, 0.0, 0.0, 0.0, 1.0],
                [0.999998, 0.001916, 0.00037, 0.0, 0.000369, -0.372134, 0.92818, 0.37472, 0.001916, -0.928178, -0.372134, -0.0, 0.0, 0.0, 0.0, 1.0],
                [0.999998, 0.001919, 0.000356, 0.0, 0.000355, -0.358084, 0.933689, 0.37472, 0.001919, -0.933687, -0.358084, 0.0, 0.0, 0.0, 0.0, 1.0],
                [0.999998, 0.001922, 0.000342, -0.0, 0.00034, -0.343953, 0.938987, 0.37472, 0.001922, -0.938984, -0.343953, 0.0, 0.0, 0.0, 0.0, 1.0],
                [0.999998, 0.001924, 0.000336, -0.0, 0.000335, -0.338402, 0.941001, 0.37472, 0.001924, -0.941, -0.338402, -0.0, 0.0, 0.0, 0.0, 1.0],
                [0.999998, 0.001923, 0.000335, -0.0, 0.000332, -0.336413, 0.941715, 0.37472, 0.001924, -0.941713, -0.336413, -0.0, 0.0, 0.0, 0.0, 1.0],
                [0.999999, 0.001924, 0.000332, -0.0, 0.000331, -0.334422, 0.942424, 0.37472, 0.001924, -0.942421, -0.334423, -0.0, 0.0, 0.0, 0.0, 1.0],
                [0.999998, 0.001925, 0.000326, -0.0, 0.000325, -0.328831, 0.944389, 0.37472, 0.001925, -0.944387, -0.328831, -0.0, 0.0, 0.0, 0.0, 1.0],
                [0.999999, 0.001929, 0.000313, 0.0, 0.00031, -0.315154, 0.949041, 0.37472, 0.001929, -0.949038, -0.315155, 0.0, 0.0, 0.0, 0.0, 1.0],
                [0.999998, 0.00193, 0.000287, -0.0, 0.000285, -0.28986, 0.957069, 0.37472, 0.00193, -0.957067, -0.28986, 0.0, 0.0, 0.0, 0.0, 1.0],
                [0.999998, 0.001938, 0.000236, 0.0, 0.000235, -0.2396, 0.970872, 0.37472, 0.001938, -0.970869, -0.2396, -0.0, 0.0, 0.0, 0.0, 1.0],
                [0.999998, 0.001946, 0.000159, 0.0, 0.000158, -0.161883, 0.986811, 0.37472, 0.001946, -0.986808, -0.161883, 0.0, 0.0, 0.0, 0.0, 1.0],
                [0.999999, 0.001951, 6.4e-05, 0.0, 6.3e-05, -0.065332, 0.997864, 0.37472, 0.001951, -0.997861, -0.065332, 0.0, 0.0, 0.0, 0.0, 1.0],
                [0.999999, 0.001952, -3.1e-05, -0.0, -3.2e-05, 0.031979, 0.999489, 0.37472, 0.001952, -0.999486, 0.031979, 0.0, 0.0, 0.0, 0.0, 1.0],
                [0.999998, 0.001948, -0.000137, -0.0, -0.000139, 0.141183, 0.989984, 0.37472, 0.001948, -0.989981, 0.141183, 0.0, 0.0, 0.0, 0.0, 1.0],
                [0.999998, 0.001935, -0.000264, -0.0, -0.000266, 0.269126, 0.963105, 0.37472, 0.001935, -0.963103, 0.269126, -0.0, 0.0, 0.0, 0.0, 1.0],
                [0.999999, 0.001904, -0.000431, -0.0, -0.000433, 0.431804, 0.901968, 0.37472, 0.001904, -0.901964, 0.431805, 0.0, 0.0, 0.0, 0.0, 1.0],
                [0.999998, 0.001848, -0.000632, -0.0, -0.000634, 0.613257, 0.789883, 0.37472, 0.001847, -0.789882, 0.613257, -0.0, 0.0, 0.0, 0.0, 1.0],
                [0.999998, 0.001792, -0.000775, -0.0, -0.000778, 0.729822, 0.683637, 0.37472, 0.001791, -0.683635, 0.729822, -0.0, 0.0, 0.0, 0.0, 1.0],
                [0.999998, 0.001764, -0.000839, -0.0, -0.000841, 0.776376, 0.630269, 0.37472, 0.001763, -0.630267, 0.776376, -0.0, 0.0, 0.0, 0.0, 1.0],
                [0.999999, 0.001737, -0.000892, 0.0, -0.000894, 0.813503, 0.58156, 0.37472, 0.001736, -0.581558, 0.813503, 0.0, 0.0, 0.0, 0.0, 1.0],
                [0.999999, 0.001713, -0.000938, 0.0, -0.00094, 0.843032, 0.537862, 0.37472, 0.001712, -0.537859, 0.843033, 0.0, 0.0, 0.0, 0.0, 1.0],
                [0.999998, 0.001692, -0.000976, -0.0, -0.000978, 0.866115, 0.499844, 0.37472, 0.001691, -0.499842, 0.866115, 0.0, 0.0, 0.0, 0.0, 1.0],
                [0.999998, 0.001673, -0.001007, -0.0, -0.001009, 0.884392, 0.466744, 0.37472, 0.001672, -0.466742, 0.884392, 0.0, 0.0, 0.0, 0.0, 1.0],
                [0.999998, 0.001656, -0.001035, 0.0, -0.001037, 0.89925, 0.437434, 0.37472, 0.001655, -0.437432, 0.89925, -0.0, 0.0, 0.0, 0.0, 1.0],
                [0.999999, 0.001643, -0.001057, 0.0, -0.00106, 0.910871, 0.412689, 0.37472, 0.001641, -0.412687, 0.910871, 0.0, 0.0, 0.0, 0.0, 1.0],
                [0.999998, 0.001628, -0.00108, -0.0, -0.001082, 0.921887, 0.38746, 0.37472, 0.001626, -0.387458, 0.921886, 0.0, 0.0, 0.0, 0.0, 1.0],
                [0.999998, 0.001613, -0.001102, -0.0, -0.001104, 0.932201, 0.361941, 0.37472, 0.001611, -0.361939, 0.9322, -0.0, 0.0, 0.0, 0.0, 1.0],
                [0.999997, 0.001626, -0.001082, -0.0, -0.001084, 0.922733, 0.385439, 0.37472, 0.001625, -0.385437, 0.922733, -0.0, 0.0, 0.0, 0.0, 1.0],
                [0.999998, 0.00167, -0.001013, 0.0, -0.001016, 0.88769, 0.460441, 0.37472, 0.001668, -0.460439, 0.88769, -0.0, 0.0, 0.0, 0.0, 1.0],
                [0.999998, 0.001713, -0.000938, -0.0, -0.00094, 0.843032, 0.537862, 0.37472, 0.001712, -0.53786, 0.843033, 0.0, 0.0, 0.0, 0.0, 1.0],
                [0.999998, 0.001744, -0.00088, 0.0, -0.000882, 0.804969, 0.593316, 0.37472, 0.001743, -0.593315, 0.804969, -0.0, 0.0, 0.0, 0.0, 1.0],
                [0.999998, 0.001747, -0.000873, 0.0, -0.000875, 0.80063, 0.599159, 0.37472, 0.001746, -0.599157, 0.80063, -0.0, 0.0, 0.0, 0.0, 1.0],
                [0.999998, 0.00174, -0.000886, 0.0, -0.000888, 0.80926, 0.58745, 0.37472, 0.001739, -0.587448, 0.80926, 0.0, 0.0, 0.0, 0.0, 1.0],
                [0.999998, 0.001743, -0.000882, -0.0, -0.000884, 0.806261, 0.591559, 0.37472, 0.001742, -0.591557, 0.806261, 0.0, 0.0, 0.0, 0.0, 1.0],
                [0.999997, 0.001742, -0.000883, 0.0, -0.000885, 0.80755, 0.589799, 0.37472, 0.001741, -0.589798, 0.807549, -0.0, 0.0, 0.0, 0.0, 1.0],
                [0.999998, 0.001739, -0.000889, 0.0, -0.000891, 0.811387, 0.584508, 0.37472, 0.001737, -0.584506, 0.811387, -0.0, 0.0, 0.0, 0.0, 1.0],
                [0.999999, 0.001732, -0.000903, 0.0, -0.000905, 0.820482, 0.571671, 0.37472, 0.001731, -0.571669, 0.820483, -0.0, 0.0, 0.0, 0.0, 1.0],
                [0.999997, 0.001725, -0.000917, 0.0, -0.000919, 0.829377, 0.558689, 0.37472, 0.001724, -0.558688, 0.829377, -0.0, 0.0, 0.0, 0.0, 1.0],
                [0.999998, 0.001718, -0.00093, -0.0, -0.000932, 0.838067, 0.545567, 0.37472, 0.001717, -0.545565, 0.838067, 0.0, 0.0, 0.0, 0.0, 1.0],
                [0.999999, 0.001711, -0.000944, -0.0, -0.000946, 0.846548, 0.53231, 0.37472, 0.001709, -0.532308, 0.846549, 0.0, 0.0, 0.0, 0.0, 1.0],
                [0.999998, 0.001703, -0.000957, -0.0, -0.000959, 0.854821, 0.518923, 0.37472, 0.001702, -0.518922, 0.85482, -0.0, 0.0, 0.0, 0.0, 1.0],
                [0.999997, 0.001695, -0.00097, 0.0, -0.000972, 0.862879, 0.505411, 0.37472, 0.001694, -0.505409, 0.862878, -0.0, 0.0, 0.0, 0.0, 1.0],
                [0.999998, 0.001689, -0.000981, 0.0, -0.000984, 0.869462, 0.493999, 0.37472, 0.001688, -0.493997, 0.869462, 0.0, 0.0, 0.0, 0.0, 1.0],
                [0.999999, 0.001683, -0.000993, -0.0, -0.000995, 0.875894, 0.482502, 0.37472, 0.001681, -0.4825, 0.875895, 0.0, 0.0, 0.0, 0.0, 1.0],
                [0.999998, 0.001676, -0.001004, 0.0, -0.001006, 0.882177, 0.470918, 0.37472, 0.001675, -0.470916, 0.882177, -0.0, 0.0, 0.0, 0.0, 1.0],
                [0.999998, 0.001669, -0.001015, -0.0, -0.001016, 0.888306, 0.459252, 0.37472, 0.001668, -0.45925, 0.888305, 0.0, 0.0, 0.0, 0.0, 1.0],
                [0.999998, 0.001663, -0.001026, -0.0, -0.001028, 0.894279, 0.447508, 0.37472, 0.001661, -0.447506, 0.89428, -0.0, 0.0, 0.0, 0.0, 1.0],
                [0.999998, 0.001656, -0.001037, 0.0, -0.001038, 0.900096, 0.435689, 0.37472, 0.001654, -0.435687, 0.900097, -0.0, 0.0, 0.0, 0.0, 1.0],
                [0.999998, 0.001649, -0.001046, -0.0, -0.001048, 0.905172, 0.425046, 0.37472, 0.001648, -0.425044, 0.905171, -0.0, 0.0, 0.0, 0.0, 1.0],
                [0.999999, 0.001643, -0.001056, 0.0, -0.001058, 0.910119, 0.414344, 0.37472, 0.001642, -0.414342, 0.91012, -0.0, 0.0, 0.0, 0.0, 1.0],
                [0.999998, 0.001637, -0.001065, 0.0, -0.001068, 0.914941, 0.403586, 0.37472, 0.001635, -0.403584, 0.914941, -0.0, 0.0, 0.0, 0.0, 1.0]
            ]
        },
        {
            "name": "Knee_R",
            "time": [0.0, 2.2667],
            "transform": [
                [1.0, 0.0, -0.0, -0.0, -0.0, 1e-06, -1.0, 0.37472, -0.0, 1.0, 1e-06, 0.0, 0.0, 0.0, 0.0, 1.0],
                [1.0, 0.0, -0.0, 0.0, -0.0, 1e-06, -1.0, 0.37472, -0.0, 1.0, 1e-06, -0.0, 0.0, 0.0, 0.0, 1.0]
            ]
        },
        {
            "name": "Thigh_L",
            "time": [0.0, 0.1333, 0.1667, 0.2, 0.2333, 0.2667, 0.3, 0.3333, 0.3667, 0.4, 0.4333, 0.4667, 0.5, 0.5333, 0.5667, 0.6, 0.6333, 0.6667, 0.7, 0.7333, 0.7667, 0.8, 0.8333, 0.8667, 0.9, 0.9333, 0.9667, 1.0, 1.0333, 1.0667, 1.1, 1.1333, 1.1667, 1.2, 1.2333, 1.2667, 1.3, 1.3333, 1.3667, 1.4, 1.4333, 1.4667, 1.5, 1.5333, 1.5667, 1.6, 1.6333, 1.6667, 1.7, 1.7333, 1.7667, 1.8, 1.8333, 1.8667, 1.9, 1.9333, 1.9667, 2.0, 2.0333, 2.0667, 2.1, 2.1333, 2.1667, 2.2, 2.2333, 2.2667],
            "transform": [
                [0.766639, -0.310483, -0.562018, -0.125006, -0.567309, -0.737482, -0.366444, -0.002831, -0.300703, 0.599769, -0.741522, -1.2e-05, 0.0, 0.0, 0.0, 1.0],
                [0.910976, -0.015981, 0.412148, -0.125006, -0.383842, -0.398554, 0.832959, -0.002831, 0.150952, -0.917006, -0.369208, -1.2e-05, 0.0, 0.0, 0.0, 1.0],
                [0.887163, -0.002445, 0.461449, -0.125006, -0.41876, -0.424361, 0.802844, -0.002831, 0.193858, -0.90549, -0.377502, -1.2e-05, 0.0, 0.0, 0.0, 1.0],
                [0.865373, -0.007888, 0.501067, -0.125006, -0.446997, -0.464168, 0.764684, -0.002831, 0.226548, -0.885711, -0.405205, -1.2e-05, 0.0, 0.0, 0.0, 1.0],
                [0.925678, -0.034619, 0.376724, -0.125006, -0.284262, -0.720731, 0.632251, -0.002831, 0.249629, -0.692349, -0.677006, -1.2e-05, 0.0, 0.0, 0.0, 1.0],
                [0.981648, -0.048149, 0.184518, -0.125006, -0.128236, -0.882825, 0.45186, -0.002831, 0.141141, -0.46723, -0.872798, -1.2e-05, 0.0, 0.0, 0.0, 1.0],
                [0.997843, -0.06466, -0.011341, -0.125006, -0.061869, -0.984043, 0.166826, -0.002831, -0.021947, -0.165764, -0.985921, -1.2e-05, 0.0, 0.0, 0.0, 1.0],
                [0.958113, -0.125943, -0.257215, -0.125006, -0.176333, -0.967114, -0.183292, -0.002831, -0.225672, 0.22097, -0.948812, -1.2e-05, 0.0, 0.0, 0.0, 1.0],
                [0.869361, -0.179022, -0.460611, -0.125006, -0.387084, -0.826119, -0.409504, -0.002831, -0.307209, 0.534303, -0.787492, -1.2e-05, 0.0, 0.0, 0.0, 1.0],
                [0.813243, -0.183201, -0.552335, -0.125006, -0.504001, -0.696205, -0.511157, -0.002831, -0.290894, 0.694072, -0.658517, -1.2e-05, 0.0, 0.0, 0.0, 1.0],
                [0.805114, -0.234166, -0.544939, -0.125006, -0.511821, -0.738566, -0.438815, -0.002831, -0.299718, 0.632207, -0.714481, -1.2e-05, 0.0, 0.0, 0.0, 1.0],
                [0.815626, -0.260441, -0.516648, -0.125006, -0.48881, -0.787922, -0.37449, -0.002831, -0.309545, 0.557987, -0.769956, -1.2e-05, 0.0, 0.0, 0.0, 1.0],
                [0.847901, -0.196619, -0.492345, -0.125006, -0.443523, -0.771833, -0.455589, -0.002831, -0.29043, 0.604662, -0.741643, -1.2e-05, 0.0, 0.0, 0.0, 1.0],
                [0.869057, -0.138673, -0.474878, -0.125006, -0.420374, -0.713073, -0.561081, -0.002831, -0.260816, 0.687238, -0.677996, -1.2e-05, 0.0, 0.0, 0.0, 1.0],
                [0.845846, -0.123534, -0.518926, -0.125006, -0.479167, -0.603437, -0.637387, -0.002831, -0.2344, 0.787783, -0.569609, -1.2e-05, 0.0, 0.0, 0.0, 1.0],
                [0.837005, -0.136143, -0.529989, -0.125006, -0.491305, -0.613412, -0.618341, -0.002831, -0.240919, 0.77794, -0.580316, -1.2e-05, 0.0, 0.0, 0.0, 1.0],
                [0.832984, -0.153825, -0.531484, -0.125006, -0.492076, -0.645155, -0.584497, -0.002831, -0.252979, 0.748407, -0.613097, -1.2e-05, 0.0, 0.0, 0.0, 1.0],
                [0.832258, -0.161216, -0.53043, -0.125006, -0.488077, -0.666828, -0.563135, -0.002831, -0.262919, 0.727564, -0.633659, -1.2e-05, 0.0, 0.0, 0.0, 1.0],
                [0.831257, -0.155735, -0.533628, -0.125006, -0.486213, -0.669017, -0.56215, -0.002831, -0.269459, 0.726748, -0.631845, -1.2e-05, 0.0, 0.0, 0.0, 1.0],
                [0.829435, -0.145764, -0.539249, -0.125006, -0.486008, -0.664206, -0.568003, -0.002831, -0.275378, 0.733201, -0.621758, -1.2e-05, 0.0, 0.0, 0.0, 1.0],
                [0.826773, -0.132979, -0.546593, -0.125006, -0.486466, -0.656944, -0.575999, -0.002831, -0.282486, 0.742119, -0.607833, -1.2e-05, 0.0, 0.0, 0.0, 1.0],
                [0.826425, -0.130885, -0.547623, -0.125006, -0.483994, -0.662111, -0.572153, -0.002831, -0.287701, 0.737887, -0.610533, -1.2e-05, 0.0, 0.0, 0.0, 1.0],
                [0.828117, -0.120546, -0.547441, -0.125006, -0.478267, -0.661319, -0.577855, -0.002831, -0.292375, 0.740354, -0.605303, -1.2e-05, 0.0, 0.0, 0.0, 1.0],
                [0.832524, -0.111143, -0.542726, -0.125006, -0.469415, -0.661783, -0.584545, -0.002831, -0.294198, 0.741411, -0.603122, -1.2e-05, 0.0, 0.0, 0.0, 1.0],
                [0.840584, -0.123953, -0.527309, -0.125006, -0.455463, -0.688668, -0.564172, -0.002831, -0.29321, 0.714403, -0.635339, -1.2e-05, 0.0, 0.0, 0.0, 1.0],
                [0.853004, -0.151157, -0.499535, -0.125006, -0.424484, -0.757792, -0.495544, -0.002831, -0.303639, 0.634746, -0.710564, -1.2e-05, 0.0, 0.0, 0.0, 1.0],
                [0.871961, -0.194256, -0.449389, -0.125006, -0.377692, -0.850951, -0.365005, -0.002831, -0.311504, 0.488, -0.815366, -1.2e-05, 0.0, 0.0, 0.0, 1.0],
                [0.891205, -0.2223, -0.395395, -0.125006, -0.329134, -0.916728, -0.22645, -0.002831, -0.31213, 0.331951, -0.89016, -1.2e-05, 0.0, 0.0, 0.0, 1.0],
                [0.909157, -0.230644, -0.346753, -0.125006, -0.290124, -0.948112, -0.130038, -0.002831, -0.298768, 0.218827, -0.928898, -1.2e-05, 0.0, 0.0, 0.0, 1.0],
                [0.92896, -0.221241, -0.296791, -0.125006, -0.248749, -0.966838, -0.057866, -0.002831, -0.274147, 0.127583, -0.953188, -1.2e-05, 0.0, 0.0, 0.0, 1.0],
                [0.95159, -0.198115, -0.235005, -0.125006, -0.198392, -0.979859, 0.022708, -0.002831, -0.23477, 0.025015, -0.971729, -1.2e-05, 0.0, 0.0, 0.0, 1.0],
                [0.971226, -0.174407, -0.162177, -0.125006, -0.158382, -0.981555, 0.107073, -0.002831, -0.17786, -0.078306, -0.980935, -1.2e-05, 0.0, 0.0, 0.0, 1.0],
                [0.982217, -0.151326, -0.111136, -0.125006, -0.132697, -0.978276, 0.15927, -0.002831, -0.132823, -0.14169, -0.98096, -1.2e-05, 0.0, 0.0, 0.0, 1.0],
                [0.98783, -0.135889, -0.075673, -0.125006, -0.119523, -0.97453, 0.189751, -0.002831, -0.099531, -0.178397, -0.978912, -1.2e-05, 0.0, 0.0, 0.0, 1.0],
                [0.99059, -0.132574, -0.034011, -0.125006, -0.119263, -0.958019, 0.260718, -0.002831, -0.067147, -0.254208, -0.964816, -1.2e-05, 0.0, 0.0, 0.0, 1.0],
                [0.990871, -0.134506, 0.009092, -0.125006, -0.129498, -0.930898, 0.341553, -0.002831, -0.037477, -0.339612, -0.939819, -1.2e-05, 0.0, 0.0, 0.0, 1.0],
                [0.989684, -0.138383, 0.037083, -0.125006, -0.142168, -0.916671, 0.373501, -0.002831, -0.017693, -0.37492, -0.926888, -1.2e-05, 0.0, 0.0, 0.0, 1.0],
                [0.988493, -0.143417, 0.048097, -0.125006, -0.151095, -0.92103, 0.358989, -0.002831, -0.007186, -0.362125, -0.932102, -1.2e-05, 0.0, 0.0, 0.0, 1.0],
                [0.988658, -0.143603, 0.043968, -0.125006, -0.149747, -0.920303, 0.36141, -0.002831, -0.011435, -0.363895, -0.93137, -1.2e-05, 0.0, 0.0, 0.0, 1.0],
                [0.988913, -0.14452, 0.034149, -0.125006, -0.14658, -0.913106, 0.380463, -0.002831, -0.023803, -0.381249, -0.924166, -1.2e-05, 0.0, 0.0, 0.0, 1.0],
                [0.989165, -0.14564, 0.018474, -0.125006, -0.140879, -0.90628, 0.398508, -0.002831, -0.041296, -0.396793, -0.916978, -1.2e-05, 0.0, 0.0, 0.0, 1.0],
                [0.98899, -0.147817, 0.007001, -0.125006, -0.138107, -0.904968, 0.402442, -0.002831, -0.053152, -0.398978, -0.915419, -1.2e-05, 0.0, 0.0, 0.0, 1.0],
                [0.988712, -0.149744, 0.005028, -0.125006, -0.139418, -0.907205, 0.396917, -0.002831, -0.054874, -0.393138, -0.917841, -1.2e-05, 0.0, 0.0, 0.0, 1.0],
                [0.988414, -0.151345, 0.011526, -0.125006, -0.14361, -0.907911, 0.393794, -0.002831, -0.049134, -0.390886, -0.919127, -1.2e-05, 0.0, 0.0, 0.0, 1.0],
                [0.988234, -0.151364, 0.021992, -0.125006, -0.147838, -0.908387, 0.391121, -0.002831, -0.039224, -0.389769, -0.920077, -1.2e-05, 0.0, 0.0, 0.0, 1.0],
                [0.987932, -0.151449, 0.032463, -0.125006, -0.152088, -0.908845, 0.388421, -0.002831, -0.029322, -0.388671, -0.92091, -1.2e-05, 0.0, 0.0, 0.0, 1.0],
                [0.987509, -0.1516, 0.042934, -0.125006, -0.156359, -0.90928, 0.385696, -0.002831, -0.019432, -0.387591, -0.921626, -1.2e-05, 0.0, 0.0, 0.0, 1.0],
                [0.987069, -0.152949, 0.047954, -0.125006, -0.159679, -0.912161, 0.377447, -0.002831, -0.013988, -0.380224, -0.924789, -1.2e-05, 0.0, 0.0, 0.0, 1.0],
                [0.98658, -0.15445, 0.052969, -0.125006, -0.163056, -0.914946, 0.369171, -0.002831, -0.008555, -0.372853, -0.927851, -1.2e-05, 0.0, 0.0, 0.0, 1.0],
                [0.986038, -0.156101, 0.057976, -0.125006, -0.16649, -0.917635, 0.36087, -0.002831, -0.003131, -0.365484, -0.930812, -1.2e-05, 0.0, 0.0, 0.0, 1.0],
                [0.98529, -0.158642, 0.063542, -0.125006, -0.170868, -0.920976, 0.350153, -0.002831, 0.002972, -0.355859, -0.934535, -1.2e-05, 0.0, 0.0, 0.0, 1.0],
                [0.984942, -0.16064, 0.063916, -0.125006, -0.172824, -0.924895, 0.338674, -0.002831, 0.004712, -0.34462, -0.93873, -1.2e-05, 0.0, 0.0, 0.0, 1.0],
                [0.984569, -0.162746, 0.064324, -0.125006, -0.174875, -0.92865, 0.327153, -0.002831, 0.006492, -0.333353, -0.94278, -1.2e-05, 0.0, 0.0, 0.0, 1.0],
                [0.984171, -0.164959, 0.064761, -0.125006, -0.17702, -0.932236, 0.315594, -0.002831, 0.008312, -0.322063, -0.946682, -1.2e-05, 0.0, 0.0, 0.0, 1.0],
                [0.983749, -0.167281, 0.065228, -0.125006, -0.179259, -0.935653, 0.304005, -0.002831, 0.010177, -0.310757, -0.950435, -1.2e-05, 0.0, 0.0, 0.0, 1.0],
                [0.983531, -0.169338, 0.063181, -0.125006, -0.180487, -0.938689, 0.293749, -0.002831, 0.009565, -0.300314, -0.953792, -1.2e-05, 0.0, 0.0, 0.0, 1.0],
                [0.983441, -0.169767, 0.063424, -0.125006, -0.180898, -0.940659, 0.287116, -0.002831, 0.010918, -0.293835, -0.955794, -1.2e-05, 0.0, 0.0, 0.0, 1.0],
                [0.983406, -0.170669, 0.061521, -0.125006, -0.181161, -0.941877, 0.282928, -0.002831, 0.009658, -0.289378, -0.957166, -1.2e-05, 0.0, 0.0, 0.0, 1.0],
                [0.983296, -0.171019, 0.062307, -0.125006, -0.181712, -0.942106, 0.281808, -0.002831, 0.010505, -0.288422, -0.957446, -1.2e-05, 0.0, 0.0, 0.0, 1.0],
                [0.983404, -0.171586, 0.058949, -0.125006, -0.181273, -0.942705, 0.280084, -0.002831, 0.007513, -0.286121, -0.958164, -1.2e-05, 0.0, 0.0, 0.0, 1.0],
                [0.983495, -0.171629, 0.057273, -0.125006, -0.18084, -0.942561, 0.280849, -0.002831, 0.005781, -0.286571, -0.958041, -1.2e-05, 0.0, 0.0, 0.0, 1.0],
                [0.983584, -0.171674, 0.055593, -0.125006, -0.180406, -0.942417, 0.281607, -0.002831, 0.004047, -0.287013, -0.957918, -1.2e-05, 0.0, 0.0, 0.0, 1.0],
                [0.983669, -0.171722, 0.05391, -0.125006, -0.17997, -0.942277, 0.282357, -0.002831, 0.002311, -0.287447, -0.957793, -1.2e-05, 0.0, 0.0, 0.0, 1.0],
                [0.98371, -0.172248, 0.051435, -0.125006, -0.179763, -0.942325, 0.282328, -0.002831, -0.000162, -0.286974, -0.957938, -1.2e-05, 0.0, 0.0, 0.0, 1.0],
                [0.983745, -0.172766, 0.048959, -0.125006, -0.17955, -0.942378, 0.282286, -0.002831, -0.002632, -0.286488, -0.95808, -1.2e-05, 0.0, 0.0, 0.0, 1.0],
                [0.984674, -0.168264, 0.045873, -0.125006, -0.174362, -0.943936, 0.280327, -0.002831, -0.003868, -0.284029, -0.958808, -1.2e-05, 0.0, 0.0, 0.0, 1.0]
            ]
        },
        {
            "name": "Leg_L",
            "time": [0.0, 0.1333, 0.1667, 0.2, 0.2333, 0.2667, 0.3, 0.3333, 0.3667, 0.4, 0.4333, 0.4667, 0.5, 0.5333, 0.5667, 0.6, 0.6333, 0.6667, 0.7, 0.7333, 0.7667, 0.8, 0.8333, 0.8667, 0.9, 0.9333, 0.9667, 1.0, 1.0333, 1.0667, 1.1, 1.1333, 1.1667, 1.2, 1.2333, 1.2667, 1.3, 1.3333, 1.3667, 1.4, 1.4333, 1.4667, 1.5, 1.5333, 1.5667, 1.6, 1.6333, 1.6667, 1.7, 1.7333, 1.7667, 1.8, 1.8333, 1.8667, 1.9, 1.9333, 1.9667, 2.0, 2.0333, 2.0667, 2.1, 2.1333, 2.1667, 2.2, 2.2333, 2.2667],
            "transform": [
                [0.999998, -0.001682, 0.000997, 0.0, 0.000996, 0.876968, 0.480548, 0.37472, -0.001682, -0.480546, 0.876968, 0.0, 0.0, 0.0, 0.0, 1.0],
                [0.999998, -0.001955, -2.4e-05, 0.0, -2.7e-05, -0.026203, 0.999656, 0.37472, -0.001955, -0.999655, -0.026203, 0.0, 0.0, 0.0, 0.0, 1.0],
                [0.999999, -0.001955, -2e-05, -0.0, -2.1e-05, -0.021377, 0.999771, 0.37472, -0.001955, -0.999769, -0.021377, 0.0, 0.0, 0.0, 0.0, 1.0],
                [0.999999, -0.001954, 4.2e-05, 0.0, 4e-05, 0.041568, 0.999136, 0.37472, -0.001955, -0.999133, 0.041568, 0.0, 0.0, 0.0, 0.0, 1.0],
                [0.999998, -0.001949, 0.000155, 0.0, 0.000155, 0.158301, 0.987391, 0.37472, -0.001949, -0.987389, 0.158301, -0.0, 0.0, 0.0, 0.0, 1.0],
                [0.999997, -0.001935, 0.000283, 0.0, 0.000282, 0.285737, 0.958308, 0.37472, -0.001935, -0.958307, 0.285737, -0.0, 0.0, 0.0, 0.0, 1.0],
                [0.999999, -0.001896, 0.00048, -0.0, 0.000478, 0.475134, 0.879913, 0.37472, -0.001896, -0.879911, 0.475135, -0.0, 0.0, 0.0, 0.0, 1.0],
                [0.999998, -0.001825, 0.000702, 0.0, 0.0007, 0.669387, 0.742914, 0.37472, -0.001826, -0.742912, 0.669387, -0.0, 0.0, 0.0, 0.0, 1.0],
                [0.999998, -0.001712, 0.000946, 0.0, 0.000943, 0.84573, 0.533609, 0.37472, -0.001713, -0.533607, 0.84573, 0.0, 0.0, 0.0, 0.0, 1.0],
                [0.999998, -0.001599, 0.001124, 0.0, 0.001122, 0.940335, 0.340245, 0.37472, -0.001601, -0.340243, 0.940336, -0.0, 0.0, 0.0, 0.0, 1.0],
                [0.999998, -0.001696, 0.000973, 0.0, 0.000971, 0.862878, 0.505411, 0.37472, -0.001697, -0.505409, 0.862878, 0.0, 0.0, 0.0, 0.0, 1.0],
                [0.999997, -0.001774, 0.000824, 0.0, 0.000822, 0.763253, 0.6461, 0.37472, -0.001775, -0.646099, 0.763252, 0.0, 0.0, 0.0, 0.0, 1.0],
                [0.999997, -0.001737, 0.000899, -0.0, 0.000895, 0.815187, 0.579197, 0.37472, -0.001738, -0.579196, 0.815187, 0.0, 0.0, 0.0, 0.0, 1.0],
                [0.999998, -0.001658, 0.001037, 0.0, 0.001034, 0.898547, 0.438876, 0.37472, -0.001659, -0.438874, 0.898547, 0.0, 0.0, 0.0, 0.0, 1.0],
                [0.999998, -0.001578, 0.001153, 0.0, 0.001151, 0.952314, 0.305117, 0.37472, -0.00158, -0.305115, 0.952314, -0.0, 0.0, 0.0, 0.0, 1.0],
                [0.999998, -0.001616, 0.001099, -0.0, 0.001097, 0.929633, 0.368486, 0.37472, -0.001618, -0.368484, 0.929633, 0.0, 0.0, 0.0, 0.0, 1.0],
                [0.999998, -0.001671, 0.001014, 0.0, 0.001012, 0.886376, 0.462965, 0.37472, -0.001672, -0.462962, 0.886377, 0.0, 0.0, 0.0, 0.0, 1.0],
                [0.999998, -0.001702, 0.000963, 0.0, 0.000961, 0.856658, 0.515883, 0.37472, -0.001703, -0.515881, 0.856659, 0.0, 0.0, 0.0, 0.0, 1.0],
                [0.999998, -0.001701, 0.000965, -0.0, 0.000963, 0.857766, 0.514039, 0.37472, -0.001702, -0.514037, 0.857766, 0.0, 0.0, 0.0, 0.0, 1.0],
                [0.999998, -0.001688, 0.000986, 0.0, 0.000984, 0.87037, 0.492397, 0.37472, -0.001689, -0.492395, 0.87037, -0.0, 0.0, 0.0, 0.0, 1.0],
                [0.999998, -0.00167, 0.001016, -0.0, 0.001015, 0.88769, 0.46044, 0.37472, -0.001671, -0.460438, 0.88769, -0.0, 0.0, 0.0, 0.0, 1.0],
                [0.999998, -0.001669, 0.001019, -0.0, 0.001017, 0.888996, 0.457914, 0.37472, -0.00167, -0.457912, 0.888996, -0.0, 0.0, 0.0, 0.0, 1.0],
                [0.999998, -0.001654, 0.001043, 0.0, 0.001041, 0.901941, 0.431857, 0.37472, -0.001655, -0.431855, 0.901941, 0.0, 0.0, 0.0, 0.0, 1.0],
                [0.999998, -0.001634, 0.001074, -0.0, 0.001071, 0.917205, 0.398413, 0.37472, -0.001636, -0.398411, 0.917205, 0.0, 0.0, 0.0, 0.0, 1.0],
                [0.999998, -0.001649, 0.00105, -0.0, 0.001048, 0.905578, 0.424178, 0.37472, -0.00165, -0.424176, 0.905578, 0.0, 0.0, 0.0, 0.0, 1.0],
                [0.999998, -0.00172, 0.00093, 0.0, 0.000928, 0.835987, 0.548748, 0.37472, -0.001721, -0.548746, 0.835988, -0.0, 0.0, 0.0, 0.0, 1.0],
