{
    "animation": [
        {
            "name": "Root",
            "time": [0.0, 0.0417, 0.0833, 0.125, 0.1667, 0.2083, 0.3333, 0.4167, 0.5, 0.5417, 0.5833, 0.7083, 0.8333, 0.9583, 1.0833, 1.2917, 1.5417, 1.5833, 1.625, 1.6667, 1.7083, 1.75],
            "transform": [
                [-1.0, -0.0, 0.0, 1.3e-05, 0.0, -0.0, 1.0, 0.246778, 0.0, 1.0, 0.0, 0.15702, 0.0, 0.0, 0.0, 1.0],
                [-1.0, -0.0, 0.0, 1.3e-05, 0.0, -0.0, 1.0, 0.299101, 0.0, 1.0, 0.0, 0.261033, 0.0, 0.0, 0.0, 1.0],
                [-1.0, -0.0, 0.0, 1.3e-05, 0.0, -0.0, 1.0, 0.925624, 0.0, 1.0, 0.0, 0.468528, 0.0, 0.0, 0.0, 1.0],
                [-1.0, -0.0, 0.0, 1.3e-05, 0.0, -0.0, 1.0, 1.321496, 0.0, 1.0, 0.0, 0.535777, 0.0, 0.0, 0.0, 1.0],
                [-1.0, -0.0, 0.0, 0.031295, 0.0, -0.0, 1.0, 1.790953, 0.0, 1.0, 0.0, 0.684895, 0.0, 0.0, 0.0, 1.0],
                [-1.0, -0.0, 0.0, 0.035686, 0.0, -0.0, 1.0, 2.274687, 0.0, 1.0, 0.0, 0.848575, 0.0, 0.0, 0.0, 1.0],
                [-1.0, -0.0, 0.0, -0.138981, 0.0, -0.0, 1.0, 3.050971, 0.0, 1.0, 0.0, 0.875054, 0.0, 0.0, 0.0, 1.0],
                [-1.0, -0.0, 0.0, -0.088388, 0.0, -0.0, 1.0, 3.309391, 0.0, 1.0, 0.0, 0.653205, 0.0, 0.0, 0.0, 1.0],
                [-1.0, -0.0, 0.0, -0.059478, 0.0, -0.0, 1.0, 4.127476, 0.0, 1.0, 0.0, 0.533195, 0.0, 0.0, 0.0, 1.0],
                [-1.0, -0.0, 0.0, -0.045023, 0.0, -0.0, 1.0, 4.207623, 0.0, 1.0, 0.0, 0.393525, 0.0, 0.0, 0.0, 1.0],
                [-1.0, -0.0, 0.0, -0.030568, 0.0, -0.0, 1.0, 4.388196, 0.0, 1.0, 0.0, 0.224319, 0.0, 0.0, 0.0, 1.0],
                [-1.0, -0.0, 0.0, 0.012797, 0.0, -0.0, 1.0, 4.480955, 0.0, 1.0, 0.0, 0.074094, 0.0, 0.0, 0.0, 1.0],
                [-1.0, -0.0, 0.0, -0.070264, 0.0, -0.0, 1.0, 4.667695, 0.0, 1.0, 0.0, 0.175604, 0.0, 0.0, 0.0, 1.0],
                [-1.0, -0.0, 0.0, -0.01554, 0.0, -0.0, 1.0, 4.835564, 0.0, 1.0, 0.0, 0.302708, 0.0, 0.0, 0.0, 1.0],
                [-1.0, -0.0, 0.0, -0.013882, 0.0, -0.0, 1.0, 4.853418, 0.0, 1.0, 0.0, 0.473525, 0.0, 0.0, 0.0, 1.0],
                [-1.0, -0.0, 0.0, -0.017308, 0.0, -0.0, 1.0, 4.883175, 0.0, 1.0, 0.0, 0.498285, 0.0, 0.0, 0.0, 1.0],
                [-1.0, -0.0, 0.0, -0.052153, 0.0, -0.0, 1.0, 4.887072, 0.0, 1.0, 0.0, 0.630251, 0.0, 0.0, 0.0, 1.0],
                [-1.0, -0.0, 0.0, -0.054529, 0.0, -0.0, 1.0, 4.887337, 0.0, 1.0, 0.0, 0.639249, 0.0, 0.0, 0.0, 1.0],
                [-1.0, -0.0, 0.0, -0.056905, 0.0, -0.0, 1.0, 4.887603, 0.0, 1.0, 0.0, 0.648247, 0.0, 0.0, 0.0, 1.0],
                [-1.0, -0.0, 0.0, -0.05928, 0.0, -0.0, 1.0, 4.887869, 0.0, 1.0, 0.0, 0.657245, 0.0, 0.0, 0.0, 1.0],
                [-1.0, -0.0, 0.0, -0.061656, 0.0, -0.0, 1.0, 4.888134, 0.0, 1.0, 0.0, 0.666242, 0.0, 0.0, 0.0, 1.0],
                [1.0, 0.000632, 1e-06, -0.061656, -2e-06, 0.003857, -0.999992, 4.888134, -0.000632, 0.999992, 0.003857, 0.666162, 0.0, 0.0, 0.0, 1.0]
            ]
        },
        {
            "name": "Thigh_R",
            "time": [0.0, 0.0417, 0.0833, 0.125, 0.1667, 0.2083, 0.3333, 0.375, 0.4167, 0.4583, 0.5, 0.5417, 0.5833, 0.625, 0.6667, 0.7083, 0.8333, 0.9583, 1.125, 1.2917, 1.3333, 1.5417, 1.5833, 1.625, 1.6667, 1.7083, 1.75],
            "transform": [
                [0.287299, -0.935972, -0.203499, 0.056819, 0.656092, 0.037506, 0.753752, 0.09269, -0.697862, -0.350063, 0.624858, -0.127062, 0.0, 0.0, 0.0, 1.0],
                [-0.09502, -0.994357, 0.047155, 0.006792, 0.546609, -0.012528, 0.837295, 0.0752, -0.831981, 0.105335, 0.544714, -0.126092, 0.0, 0.0, 0.0, 1.0],
                [-0.513581, -0.824122, 0.238869, -0.043236, 0.410955, 0.008128, 0.91162, 0.05771, -0.753226, 0.566356, 0.334503, -0.125122, 0.0, 0.0, 0.0, 1.0],
                [-0.819706, -0.485738, 0.303546, -0.093263, 0.297316, 0.092135, 0.950324, 0.04022, -0.489572, 0.869239, 0.068894, -0.124152, 0.0, 0.0, 0.0, 1.0],
                [-0.847713, -0.462784, 0.259253, -0.098211, 0.223032, 0.132481, 0.965767, 0.036034, -0.481285, 0.87652, -0.00909, -0.087948, 0.0, 0.0, 0.0, 1.0],
                [-0.870834, -0.374097, 0.318899, -0.10316, 0.353706, -0.026347, 0.934985, 0.031849, -0.341371, 0.927019, 0.155264, -0.051744, 0.0, 0.0, 0.0, 1.0],
                [-0.731248, 0.6437, 0.225672, -0.118005, -0.353987, -0.640924, 0.681111, 0.019292, 0.583066, 0.418179, 0.696535, 0.056868, 0.0, 0.0, 0.0, 1.0],
                [-0.181064, 0.795874, 0.577758, -0.086529, -0.858677, -0.414339, 0.301654, -0.01554, 0.479464, -0.441491, 0.75842, 0.054559, 0.0, 0.0, 0.0, 1.0],
                [-0.090385, 0.892573, 0.441758, -0.055054, -0.914137, -0.250374, 0.318845, -0.050373, 0.395195, -0.37501, 0.838564, 0.052249, 0.0, 0.0, 0.0, 1.0],
                [-0.36266, 0.93023, 0.056171, -0.023579, -0.879338, -0.361537, 0.309924, -0.085205, 0.308608, 0.063004, 0.949101, 0.04994, 0.0, 0.0, 0.0, 1.0],
                [-0.906586, -0.351149, 0.23408, -0.046086, 0.341969, -0.28624, 0.895055, -0.050929, -0.247293, 0.891497, 0.379583, 0.010787, 0.0, 0.0, 0.0, 1.0],
                [-0.831957, -0.474015, 0.28837, -0.068593, 0.382373, -0.113228, 0.917045, -0.016653, -0.402039, 0.873211, 0.275451, -0.028366, 0.0, 0.0, 0.0, 1.0],
                [-0.756767, -0.437073, 0.486076, -0.0911, 0.434748, 0.218773, 0.873575, 0.017624, -0.488153, 0.872418, 0.024457, -0.067519, 0.0, 0.0, 0.0, 1.0],
                [-0.702912, -0.578532, 0.413783, -0.113607, 0.20428, 0.393037, 0.896545, 0.0519, -0.681308, 0.714723, -0.158088, -0.106671, 0.0, 0.0, 0.0, 1.0],
                [-0.664717, -0.579664, 0.471318, -0.093528, 0.245583, 0.426275, 0.87062, 0.056738, -0.705575, 0.694468, -0.140997, -0.128427, 0.0, 0.0, 0.0, 1.0],
                [-0.63603, -0.580507, 0.508409, -0.07345, 0.310503, 0.410628, 0.857305, 0.061576, -0.706434, 0.703138, -0.080923, -0.150183, 0.0, 0.0, 0.0, 1.0],
                [-0.63973, -0.716936, 0.277038, -0.013213, 0.162624, 0.226026, 0.960451, 0.076091, -0.751195, 0.659486, -0.028005, -0.21545, 0.0, 0.0, 0.0, 1.0],
                [-0.62685, -0.775951, 0.070444, -0.051673, 0.252406, -0.116704, 0.960558, 0.080983, -0.73712, 0.619909, 0.26901, -0.158917, 0.0, 0.0, 0.0, 1.0],
                [-0.552746, -0.715805, -0.426729, -0.102952, 0.442408, -0.686002, 0.577649, 0.087504, -0.706217, 0.130506, 0.695862, -0.083539, 0.0, 0.0, 0.0, 1.0],
                [-0.553456, -0.554633, -0.621345, -0.099849, 0.525838, -0.811231, 0.255739, 0.077597, -0.645892, -0.185187, 0.740627, -0.06556, 0.0, 0.0, 0.0, 1.0],
                [-0.561252, -0.518602, -0.645019, -0.099073, 0.493686, -0.835292, 0.242003, 0.075121, -0.664278, -0.182613, 0.724835, -0.061066, 0.0, 0.0, 0.0, 1.0],
                [-0.812201, -0.346365, -0.469424, -0.095194, 0.307824, -0.937985, 0.159484, 0.062737, -0.495549, -0.014967, 0.868451, -0.038593, 0.0, 0.0, 0.0, 1.0],
                [-0.828862, -0.329118, -0.4524, -0.094852, 0.290447, -0.944288, 0.154813, 0.061644, -0.478145, -0.003079, 0.878275, -0.036609, 0.0, 0.0, 0.0, 1.0],
                [-0.844763, -0.31153, -0.435112, -0.09451, 0.272884, -0.950203, 0.150513, 0.060552, -0.460332, 0.008413, 0.887706, -0.034627, 0.0, 0.0, 0.0, 1.0],
                [-0.859886, -0.293626, -0.417584, -0.094167, 0.255162, -0.955725, 0.146587, 0.059459, -0.442135, 0.019497, 0.896736, -0.032644, 0.0, 0.0, 0.0, 1.0],
                [-0.874219, -0.275434, -0.399842, -0.093825, 0.237304, -0.960851, 0.143036, 0.058366, -0.423583, 0.030161, 0.905355, -0.03066, 0.0, 0.0, 0.0, 1.0],
                [0.860512, 0.267303, 0.433663, 0.096232, 0.232827, -0.963535, 0.131904, 0.058663, 0.453105, -0.012536, -0.891368, 0.031334, 0.0, 0.0, 0.0, 1.0]
            ]
        },
        {
            "name": "Leg_R",
            "time": [0.0, 0.125, 0.1667, 0.2083, 0.3333, 0.375, 0.4167, 0.4583, 0.5, 0.5417, 0.5833, 0.625, 0.6667, 0.7083, 0.8333, 0.9583, 1.2917, 1.3333, 1.5417, 1.5833, 1.625, 1.6667, 1.7083, 1.75],
            "transform": [
                [1.000004, -1e-06, 0.0, -0.0, -0.0, -0.090442, 0.995905, 0.37472, -1e-06, -0.995896, -0.090443, 0.0, 0.0, 0.0, 0.0, 1.0],
                [0.999997, -0.0, 1e-06, -0.0, -1e-06, 0.399311, 0.916816, 0.37472, -1e-06, -0.916819, 0.39931, 0.0, 0.0, 0.0, 0.0, 1.0],
                [0.999997, 0.0, 1e-06, 0.0, -1e-06, 0.387157, 0.922014, 0.37472, -0.0, -0.922017, 0.387156, -0.0, 0.0, 0.0, 0.0, 1.0],
                [0.999997, -0.0, 1e-06, 0.0, -1e-06, -0.040798, 0.999167, 0.37472, -0.0, -0.999171, -0.040798, -0.0, 0.0, 0.0, 0.0, 1.0],
                [0.999997, -1e-06, 0.0, 0.0, -1e-06, -0.688993, 0.72477, 0.37472, -1e-06, -0.724771, -0.688992, 0.0, 0.0, 0.0, 0.0, 1.0],
                [0.999997, -1e-06, 1e-06, 0.0, -1e-06, -0.095405, 0.995438, 0.37472, -1e-06, -0.995442, -0.095405, 0.0, 0.0, 0.0, 0.0, 1.0],
                [0.999997, -2e-06, 1e-06, 0.0, -1e-06, -0.342246, 0.93961, 0.37472, -1e-06, -0.939614, -0.342244, 0.0, 0.0, 0.0, 0.0, 1.0],
                [0.999997, -2e-06, -0.0, 0.0, -1e-06, -0.693097, 0.720846, 0.37472, -1e-06, -0.720847, -0.693096, 0.0, 0.0, 0.0, 0.0, 1.0],
                [0.999997, -0.0, 1e-06, 0.0, -1e-06, 0.202664, 0.97925, 0.37472, -0.0, -0.97925, 0.202664, 0.0, 0.0, 0.0, 0.0, 1.0],
                [0.999997, 1e-06, 1e-06, -0.0, -1e-06, 0.67604, 0.736867, 0.37472, -0.0, -0.736867, 0.676039, -0.0, 0.0, 0.0, 0.0, 1.0],
                [0.999997, -0.0, 1e-06, -0.0, -1e-06, 0.157544, 0.987512, 0.37472, -0.0, -0.987515, 0.157544, -0.0, 0.0, 0.0, 0.0, 1.0],
                [0.999997, -1e-06, 1e-06, 0.0, -1e-06, 0.045266, 0.998975, 0.37472, -1e-06, -0.998979, 0.045265, -0.0, 0.0, 0.0, 0.0, 1.0],
                [0.999997, -1e-06, 1e-06, 0.0, -1e-06, 0.01045, 0.999945, 0.37472, -1e-06, -0.999949, 0.01045, 0.0, 0.0, 0.0, 0.0, 1.0],
                [0.999997, -1e-06, 1e-06, 1e-06, -1e-06, -0.122903, 0.992418, 0.37472, -0.0, -0.992422, -0.122903, 0.0, 0.0, 0.0, 0.0, 1.0],
                [0.999997, -1e-06, 1e-06, 0.0, -1e-06, -0.199217, 0.979955, 0.37472, -0.0, -0.979959, -0.199216, -0.0, 0.0, 0.0, 0.0, 1.0],
                [0.999997, -1e-06, 1e-06, -0.0, -1e-06, -0.129067, 0.991635, 0.37472, -0.0, -0.991639, -0.129066, -0.0, 0.0, 0.0, 0.0, 1.0],
                [0.999997, 0.0, 1e-06, -0.0, -1e-06, 0.628476, 0.777831, 0.37472, -1e-06, -0.777832, 0.628475, 0.0, 0.0, 0.0, 0.0, 1.0],
                [0.999997, 0.0, 1e-06, 0.0, -1e-06, 0.644601, 0.764521, 0.37472, -1e-06, -0.764522, 0.644601, -0.0, 0.0, 0.0, 0.0, 1.0],
                [0.999997, 1e-06, 1e-06, -0.0, -1e-06, 0.852652, 0.522483, 0.37472, -1e-06, -0.522483, 0.852651, -0.0, 0.0, 0.0, 0.0, 1.0],
                [0.999997, 1e-06, 1e-06, -0.0, -1e-06, 0.866292, 0.499542, 0.37472, -1e-06, -0.499542, 0.866291, 0.0, 0.0, 0.0, 0.0, 1.0],
                [0.999997, 1e-06, 1e-06, 0.0, -1e-06, 0.879292, 0.476286, 0.37472, -1e-06, -0.476287, 0.879291, 0.0, 0.0, 0.0, 0.0, 1.0],
                [0.999997, 1e-06, 1e-06, -0.0, -1e-06, 0.891643, 0.452744, 0.37472, -1e-06, -0.452745, 0.891641, 1e-06, 0.0, 0.0, 0.0, 1.0],
                [0.999997, 1e-06, 1e-06, 0.0, -1e-06, 0.903335, 0.428942, 0.37472, -1e-06, -0.428942, 0.903333, 0.0, 0.0, 0.0, 0.0, 1.0],
                [0.999995, -0.001635, 0.001071, 0.0, 0.001069, 0.91608, 0.400996, 0.37472, -0.001637, -0.400993, 0.916082, -0.0, 0.0, 0.0, 0.0, 1.0]
            ]
        },
        {
            "name": "Knee_R",
            "time": [0.0, 1.5417, 1.5833, 1.625, 1.6667, 1.7083, 1.75],
            "transform": [
                [1.0, 0.0, -0.0, -0.0, -0.0, 1e-06, -1.0, 0.37472, -0.0, 1.0, 1e-06, 0.0, 0.0, 0.0, 0.0, 1.0],
                [1.0, 0.0, -0.0, -0.0, -0.0, 1e-06, -1.0, 0.37472, -0.0, 1.0, 1e-06, -0.0, 0.0, 0.0, 0.0, 1.0],
                [1.0, 0.0, -0.0, -0.0, -0.0, 1e-06, -1.0, 0.37472, -0.0, 1.0, 1e-06, 0.0, 0.0, 0.0, 0.0, 1.0],
                [1.0, 0.0, -0.0, 0.0, -0.0, 1e-06, -1.0, 0.37472, -0.0, 1.0, 1e-06, 0.0, 0.0, 0.0, 0.0, 1.0],
                [1.0, 0.0, -0.0, -0.0, -0.0, 1e-06, -1.0, 0.37472, -0.0, 1.0, 1e-06, 1e-06, 0.0, 0.0, 0.0, 1.0],
                [1.0, 0.0, -0.0, 0.0, -0.0, 1e-06, -1.0, 0.37472, -0.0, 1.0, 1e-06, 0.0, 0.0, 0.0, 0.0, 1.0],
                [1.0, 0.0, -0.0, 0.0, -0.0, 1e-06, -1.0, 0.37472, -0.0, 1.0, 1e-06, -0.0, 0.0, 0.0, 0.0, 1.0]
            ]
        },
        {
            "name": "Thigh_L",
            "time": [0.0, 0.0417, 0.0833, 0.125, 0.1667, 0.2083, 0.3333, 0.375, 0.4167, 0.4583, 0.5, 0.5417, 0.5833, 0.625, 0.6667, 0.7083, 0.8333, 0.9167, 0.9583, 1.0833, 1.2917, 1.3333, 1.5417, 1.5833, 1.625, 1.6667, 1.7083, 1.75],
            "transform": [
                [-0.05928, 0.047336, -0.997119, 0.017401, -0.941409, -0.334871, 0.040071, 0.114935, -0.332007, 0.941078, 0.064413, 0.123374, 0.0, 0.0, 0.0, 1.0],
                [-0.385691, -0.256027, -0.886393, 0.04255, -0.829261, -0.324937, 0.454688, 0.110891, -0.404432, 0.910423, -0.086988, 0.114704, 0.0, 0.0, 0.0, 1.0],
                [-0.987193, 0.121738, 0.103114, 0.091383, -0.078246, -0.932704, 0.352055, 0.129537, 0.139034, 0.339478, 0.930283, 0.059954, 0.0, 0.0, 0.0, 1.0],
                [-0.829238, 0.547602, 0.111804, 0.108638, -0.558228, -0.801682, -0.213747, 0.11793, -0.027417, -0.239658, 0.97047, 0.066644, 0.0, 0.0, 0.0, 1.0],
                [-0.765115, 0.557501, 0.322172, 0.125893, -0.641199, -0.705442, -0.30202, 0.106322, 0.058897, -0.437655, 0.897212, 0.073334, 0.0, 0.0, 0.0, 1.0],
                [-0.936132, 0.309428, 0.167083, 0.143148, -0.350323, -0.779236, -0.519677, 0.094714, -0.030605, -0.545017, 0.837866, 0.080024, 0.0, 0.0, 0.0, 1.0],
                [-0.260755, 0.278889, 0.924245, -4.3e-05, -0.563218, -0.821503, 0.088989, 0.108366, 0.78409, -0.497346, 0.371286, -0.058277, 0.0, 0.0, 0.0, 1.0],
                [0.209999, 0.941583, -0.26329, -0.047773, -0.502131, 0.334933, 0.797299, 0.112917, 0.83891, -0.035226, 0.543132, -0.104377, 0.0, 0.0, 0.0, 1.0],
                [0.077095, 0.540343, -0.837906, -0.014672, -0.446001, 0.770324, 0.455725, 0.130266, 0.891709, 0.338571, 0.300381, -0.077484, 0.0, 0.0, 0.0, 1.0],
                [-0.120766, 0.706745, -0.697084, 0.018429, -0.584248, 0.517115, 0.625498, 0.147616, 0.802543, 0.482807, 0.350464, -0.05059, 0.0, 0.0, 0.0, 1.0],
                [-0.47572, 0.878105, -0.051198, 0.051529, -0.870179, -0.461329, 0.173109, 0.164965, 0.12839, 0.126903, 0.983571, -0.023697, 0.0, 0.0, 0.0, 1.0],
                [-0.661275, 0.740032, 0.122764, 0.055114, -0.748646, -0.640697, -0.170408, 0.144658, -0.047453, -0.204593, 0.977697, 0.008806, 0.0, 0.0, 0.0, 1.0],
                [-0.53921, 0.789741, 0.29251, 0.058699, -0.838468, -0.470861, -0.274345, 0.124352, -0.07893, -0.393188, 0.916064, 0.041309, 0.0, 0.0, 0.0, 1.0],
                [-0.413657, 0.866148, 0.280492, 0.062283, -0.909457, -0.378828, -0.171412, 0.104046, -0.04221, -0.326, 0.944427, 0.073813, 0.0, 0.0, 0.0, 1.0],
                [-0.444431, 0.857553, 0.259005, 0.065868, -0.88907, -0.386828, -0.244791, 0.083739, -0.109731, -0.339065, 0.934341, 0.106316, 0.0, 0.0, 0.0, 1.0],
                [-0.625163, 0.72327, 0.293349, 0.069453, -0.738999, -0.427596, -0.52062, 0.063433, -0.251115, -0.542255, 0.801811, 0.138819, 0.0, 0.0, 0.0, 1.0],
                [-0.906763, 0.421618, 0.004771, 0.062975, -0.271643, -0.575482, -0.771382, 0.05846, -0.322484, -0.700754, 0.636354, 0.140323, 0.0, 0.0, 0.0, 1.0],
                [-0.950033, 0.283642, -0.130344, 0.058657, -0.150359, -0.781729, -0.60522, 0.055145, -0.27356, -0.555378, 0.785315, 0.141326, 0.0, 0.0, 0.0, 1.0],
                [-0.962164, 0.200979, -0.18399, 0.068518, -0.083841, -0.86085, -0.501902, 0.076467, -0.259261, -0.467485, 0.845129, 0.132854, 0.0, 0.0, 0.0, 1.0],
                [-0.912994, 0.251661, -0.321114, 0.098101, -0.280421, -0.958779, 0.045881, 0.140433, -0.296332, 0.131936, 0.945929, 0.107436, 0.0, 0.0, 0.0, 1.0],
                [-0.863102, 0.208763, -0.459866, 0.108137, -0.459472, -0.702552, 0.543422, 0.097798, -0.209634, 0.680322, 0.702293, 0.08439, 0.0, 0.0, 0.0, 1.0],
                [-0.919781, 0.205692, -0.334214, 0.110144, -0.379155, -0.685482, 0.621575, 0.089271, -0.101245, 0.698429, 0.708481, 0.079781, 0.0, 0.0, 0.0, 1.0],
                [-0.975112, 0.190471, -0.113498, 0.12018, -0.220281, -0.890523, 0.39805, 0.046637, -0.025255, 0.413144, 0.910316, 0.056735, 0.0, 0.0, 0.0, 1.0],
                [-0.978, 0.1856, -0.095256, 0.121871, -0.207977, -0.903202, 0.37546, 0.046293, -0.01635, 0.38701, 0.92193, 0.054872, 0.0, 0.0, 0.0, 1.0],
                [-0.9806, 0.180207, -0.077171, 0.123562, -0.195907, -0.915105, 0.352422, 0.04595, -0.007111, 0.360702, 0.932654, 0.053009, 0.0, 0.0, 0.0, 1.0],
                [-0.982909, 0.174303, -0.05927, 0.125253, -0.18409, -0.926221, 0.328974, 0.045607, 0.002444, 0.334262, 0.942477, 0.051146, 0.0, 0.0, 0.0, 1.0],
                [-0.984929, 0.167905, -0.041578, 0.126944, -0.172539, -0.93654, 0.305158, 0.045264, 0.012298, 0.307732, 0.951394, 0.049283, 0.0, 0.0, 0.0, 1.0],
                [0.984786, -0.167668, 0.045695, -0.128273, -0.173724, -0.942938, 0.284054, 0.04514, -0.004539, -0.28767, -0.957719, -0.048975, 0.0, 0.0, 0.0, 1.0]
            ]
        },
        {
            "name": "Leg_L",
            "time": [0.0, 0.0833, 0.125, 0.1667, 0.3333, 0.375, 0.4167, 0.4583, 0.5, 0.5417, 0.5833, 0.625, 0.6667, 0.7083, 0.8333, 0.9583, 1.2917, 1.3333, 1.5417, 1.5833, 1.625, 1.6667, 1.7083, 1.75],
            "transform": [
                [0.999996, -1e-06, 1e-06, -0.0, 0.0, 0.736381, 0.67657, 0.37472, -1e-06, -0.676571, 0.73638, 0.0, 0.0, 0.0, 0.0, 1.0],
                [0.999999, -1e-06, 1e-06, 0.0, -0.0, 0.313336, 0.949643, 0.37472, -2e-06, -0.949642, 0.313336, 0.0, 0.0, 0.0, 0.0, 1.0],
                [1.0, -1e-06, 2e-06, -0.0, -0.0, 0.837362, 0.546648, 0.37472, -2e-06, -0.546646, 0.837364, 0.0, 0.0, 0.0, 0.0, 1.0],
                [1.0, -1e-06, 2e-06, 0.0, -0.0, 0.847161, 0.531334, 0.37472, -2e-06, -0.531333, 0.847163, 0.0, 0.0, 0.0, 0.0, 1.0],
                [1.0, -0.0, 2e-06, -0.0, -0.0, 0.928267, 0.371913, 0.37472, -2e-06, -0.371912, 0.928267, 0.0, 0.0, 0.0, 0.0, 1.0],
                [1.0, -1e-06, -0.0, 0.0, -0.0, -0.436933, 0.899495, 0.37472, -1e-06, -0.899493, -0.436934, -0.0, 0.0, 0.0, 0.0, 1.0],
                [1.0, -1e-06, -0.0, -0.0, -1e-06, -0.573013, 0.819546, 0.37472, -1e-06, -0.819544, -0.573014, -0.0, 0.0, 0.0, 0.0, 1.0],
                [1.0, -1e-06, -0.0, -0.0, -0.0, -0.483378, 0.875412, 0.37472, -1e-06, -0.87541, -0.483379, -0.0, 0.0, 0.0, 0.0, 1.0],
                [1.0, -1e-06, 1e-06, -0.0, -1e-06, 0.318885, 0.947794, 0.37472, -2e-06, -0.947792, 0.318886, -0.0, 0.0, 0.0, 0.0, 1.0],
                [1.0, -1e-06, 1e-06, 0.0, -0.0, 0.458634, 0.888626, 0.37472, -2e-06, -0.888624, 0.458634, -0.0, 0.0, 0.0, 0.0, 1.0],
                [1.0, -1e-06, 1e-06, -0.0, 0.0, 0.484283, 0.874911, 0.37472, -2e-06, -0.87491, 0.484284, 0.0, 0.0, 0.0, 0.0, 1.0],
                [1.0, -2e-06, 1e-06, 0.0, -0.0, 0.347277, 0.937763, 0.37472, -2e-06, -0.937761, 0.347277, -0.0, 0.0, 0.0, 0.0, 1.0],
                [1.0, -2e-06, 1e-06, -0.0, -0.0, 0.324397, 0.945922, 0.37472, -2e-06, -0.945919, 0.324398, -1e-06, 0.0, 0.0, 0.0, 1.0],
                [1.0, -1e-06, 1e-06, -0.0, -0.0, 0.592965, 0.805228, 0.37472, -2e-06, -0.805227, 0.592966, 0.0, 0.0, 0.0, 0.0, 1.0],
                [1.0, -1e-06, 1e-06, -0.0, -0.0, 0.738045, 0.674751, 0.37472, -2e-06, -0.67475, 0.738046, 0.0, 0.0, 0.0, 0.0, 1.0],
                [1.0, -1e-06, 0.0, 0.0, -0.0, 0.355274, 0.934762, 0.37472, -1e-06, -0.93476, 0.355275, -0.0, 0.0, 0.0, 0.0, 1.0],
                [1.000001, -1e-06, 1e-06, -0.0, -0.0, 0.70069, 0.713466, 0.37472, -2e-06, -0.713464, 0.700691, 0.0, 0.0, 0.0, 0.0, 1.0],
                [1.0, -1e-06, 1e-06, -0.0, -0.0, 0.6517, 0.758476, 0.37472, -2e-06, -0.758475, 0.651702, 0.0, 0.0, 0.0, 0.0, 1.0],
                [1.0, -1e-06, 1e-06, 0.0, -0.0, 0.819378, 0.573253, 0.37472, -2e-06, -0.573252, 0.819379, -0.0, 0.0, 0.0, 0.0, 1.0],
                [1.0, -1e-06, 1e-06, 0.0, -0.0, 0.831159, 0.556033, 0.37472, -2e-06, -0.556032, 0.831161, 0.0, 0.0, 0.0, 0.0, 1.0],
                [1.0, -1e-06, 1e-06, -0.0, -0.0, 0.842566, 0.538591, 0.37472, -2e-06, -0.53859, 0.842568, 0.0, 0.0, 0.0, 0.0, 1.0],
                [1.0, -1e-06, 1e-06, -0.0, -0.0, 0.853594, 0.520938, 0.37472, -2e-06, -0.520937, 0.853595, -0.0, 0.0, 0.0, 0.0, 1.0],
                [1.0, -1e-06, 1e-06, -0.0, -0.0, 0.864235, 0.503087, 0.37472, -2e-06, -0.503085, 0.864237, 1e-06, 0.0, 0.0, 0.0, 1.0],
                [0.999999, -0.001678, 0.001003, 0.0, 0.001, 0.880032, 0.474912, 0.37472, -0.00168, -0.47491, 0.880033, -1e-06, 0.0, 0.0, 0.0, 1.0]
            ]
        },
        {
            "name": "Knee_L",
            "time": [0.0, 1.5417, 1.5833, 1.625, 1.6667, 1.7083, 1.75],
            "transform": [
                [1.0, 0.0, -0.0, -0.0, -0.0, 1e-06, -1.0, 0.37472, -0.0, 1.0, 1e-06, 0.0, 0.0, 0.0, 0.0, 1.0],
                [1.0, 0.0, -0.0, 0.0, -0.0, 1e-06, -1.0, 0.37472, -0.0, 1.0, 1e-06, -0.0, 0.0, 0.0, 0.0, 1.0],
                [1.0, 0.0, -0.0, 0.0, -0.0, 1e-06, -1.0, 0.37472, -0.0, 1.0, 1e-06, 0.0, 0.0, 0.0, 0.0, 1.0],
                [1.0, 0.0, -0.0, -0.0, -0.0, 1e-06, -1.0, 0.37472, -0.0, 1.0, 1e-06, 0.0, 0.0, 0.0, 0.0, 1.0],
                [1.0, 0.0, -0.0, -0.0, -0.0, 1e-06, -1.0, 0.37472, -0.0, 1.0, 1e-06, -0.0, 0.0, 0.0, 0.0, 1.0],
                [1.0, 0.0, -0.0, -0.0, -0.0, 1e-06, -1.0, 0.37472, -0.0, 1.0, 1e-06, 1e-06, 0.0, 0.0, 0.0, 1.0],
                [1.0, 0.0, -0.0, 0.0, -0.0, 1e-06, -1.0, 0.37472, -0.0, 1.0, 1e-06, -1e-06, 0.0, 0.0, 0.0, 1.0]
            ]
        },
        {
            "name": "Torso",
            "time": [0.0, 0.125, 0.1667, 0.2083, 0.3333, 0.375, 0.4167, 0.4583, 0.5, 0.5417, 0.5833, 0.625, 0.6667, 0.7083, 0.8333, 0.9583, 1.2917, 1.3333, 1.5417, 1.5833, 1.625, 1.6667, 1.7083, 1.75],
            "transform": [
                [-0.111115, 0.020142, 0.993604, -0.0, 0.086284, 0.996211, -0.010546, 0.05, -0.990057, 0.084559, -0.112432, 0.0, 0.0, 0.0, 0.0, 1.0],
                [-0.932367, 0.201667, 0.300047, -0.0, 0.036321, 0.878006, -0.477263, 0.05, -0.359693, -0.434083, -0.825949, 0.0, 0.0, 0.0, 0.0, 1.0],
                [-0.967072, 0.126813, 0.220671, -0.0, 0.053325, 0.948737, -0.311526, 0.05, -0.248866, -0.289499, -0.924259, 0.0, 0.0, 0.0, 0.0, 1.0],
                [-0.956411, 0.137832, 0.25746, -0.0, 0.154351, 0.986988, 0.044987, 0.05, -0.247911, 0.082765, -0.965241, 0.0, 0.0, 0.0, 0.0, 1.0],
                [-0.600618, -0.49908, -0.624642, 0.0, -0.378811, 0.865629, -0.32739, 0.05, 0.704106, 0.039985, -0.70897, 0.0, 0.0, 0.0, 0.0, 1.0],
                [-0.043426, -0.7341, -0.677649, 0.0, -0.763112, 0.46215, -0.451751, 0.05, 0.64481, 0.497501, -0.58027, 0.0, 0.0, 0.0, 0.0, 1.0],
                [0.058808, -0.732586, -0.678126, 0.0, -0.827368, 0.344331, -0.443736, 0.05, 0.558579, 0.587151, -0.585869, 0.0, 0.0, 0.0, 0.0, 1.0],
                [-0.126535, -0.624435, -0.770757, 0.0, -0.837133, 0.484064, -0.25474, 0.05, 0.532168, 0.612989, -0.583987, 0.0, 0.0, 0.0, 0.0, 1.0],
                [-0.937258, -0.276082, -0.212909, 0.0, -0.332358, 0.891985, 0.306425, 0.05, 0.105314, 0.357959, -0.927778, 1e-06, 0.0, 0.0, 0.0, 1.0],
                [-0.991252, -0.090847, 0.095771, 0.0, -0.085079, 0.994396, 0.062701, 0.05, -0.100931, 0.054004, -0.993426, 1e-06, 0.0, 0.0, 0.0, 1.0],
                [-0.947725, 0.071, 0.311097, 0.0, 0.022651, 0.987438, -0.156355, 0.05, -0.318292, -0.141134, -0.937428, 1e-06, 0.0, 0.0, 0.0, 1.0],
                [-0.818396, 0.159356, 0.552121, 0.0, 0.07138, 0.981527, -0.177491, 0.05, -0.57021, -0.105847, -0.814652, 1e-06, 0.0, 0.0, 0.0, 1.0],
                [-0.751405, 0.210269, 0.625444, 0.0, 0.141273, 0.97715, -0.158787, 0.05, -0.644545, -0.030955, -0.763941, 1e-06, 0.0, 0.0, 0.0, 1.0],
                [-0.698609, 0.204649, 0.685614, -0.0, 0.200145, 0.975861, -0.08735, 0.05, -0.686945, 0.076198, -0.722705, 1e-06, 0.0, 0.0, 0.0, 1.0],
                [-0.623182, 0.038524, 0.781129, 0.0, 0.241435, 0.959475, 0.145295, 0.05, -0.743882, 0.279135, -0.607228, 1e-06, 0.0, 0.0, 0.0, 1.0],
                [-0.590351, 0.002778, 0.807143, 0.0, 0.248468, 0.952056, 0.178454, 0.05, -0.767955, 0.305898, -0.562738, 1e-06, 0.0, 0.0, 0.0, 1.0],
                [-0.867091, 0.085901, 0.490692, 0.0, -0.056549, 0.961676, -0.268279, 0.05, -0.494936, -0.260369, -0.829004, 1e-06, 0.0, 0.0, 0.0, 1.0],
                [-0.857185, 0.046692, 0.512892, 0.0, -0.088379, 0.967769, -0.235808, 0.05, -0.507375, -0.247458, -0.825431, 1e-06, 0.0, 0.0, 0.0, 1.0],
                [-0.938329, -0.070278, 0.338533, 0.0, -0.038279, 0.994217, 0.100297, 0.05, -0.343626, 0.081153, -0.935594, 1e-06, 0.0, 0.0, 0.0, 1.0],
                [-0.943699, -0.076964, 0.321736, 0.0, -0.036965, 0.990998, 0.128641, 0.05, -0.328743, 0.109505, -0.938049, 1e-06, 0.0, 0.0, 0.0, 1.0],
                [-0.948811, -0.083125, 0.304718, 0.0, -0.036104, 0.986964, 0.156819, 0.05, -0.313784, 0.137789, -0.939443, 1e-06, 0.0, 0.0, 0.0, 1.0],
                [-0.95366, -0.088753, 0.287509, 0.0, -0.035695, 0.982127, 0.184785, 0.05, -0.298772, 0.165958, -0.939783, 1e-06, 0.0, 0.0, 0.0, 1.0],
                [-0.95824, -0.093847, 0.270138, 0.0, -0.035732, 0.976505, 0.212495, 0.05, -0.283735, 0.193967, -0.93908, 1e-06, 0.0, 0.0, 0.0, 1.0],
                [0.957742, 0.055086, -0.282314, -0.0, 0.001026, 0.980826, 0.194864, 0.05, 0.287638, -0.186918, 0.939322, 0.0, 0.0, 0.0, 0.0, 1.0]
            ]
        },
        {
            "name": "Chest",
            "time": [0.0, 0.125, 0.1667, 0.2083, 0.3333, 0.375, 0.4167, 0.4583, 0.5, 0.5417, 0.5833, 0.625, 0.6667, 0.7083, 0.8333, 0.9583, 1.2917, 1.3333, 1.5417, 1.5833, 1.625, 1.6667, 1.7083, 1.75],
            "transform": [
                [0.879354, -0.017824, -0.475838, -0.0, 0.182737, 0.935414, 0.302659, 0.3, 0.439713, -0.353097, 0.825817, -0.0, 0.0, 0.0, 0.0, 1.0],
                [0.966516, 0.210939, 0.146141, -0.0, -0.254339, 0.863142, 0.436227, 0.3, -0.034123, -0.458787, 0.88789, -0.0, 0.0, 0.0, 0.0, 1.0],
                [0.968492, 0.176637, 0.175575, -0.0, -0.241791, 0.835863, 0.492813, 0.3, -0.059708, -0.519735, 0.852237, 0.0, 0.0, 0.0, 0.0, 1.0],
                [0.974239, 0.124831, 0.187832, 0.0, -0.200873, 0.858938, 0.471031, 0.3, -0.102537, -0.496624, 0.861887, -0.0, 0.0, 0.0, 0.0, 1.0],
                [0.933901, -0.05176, 0.353771, -0.0, -0.168228, 0.809478, 0.56253, 0.3, -0.315489, -0.584858, 0.747266, -0.0, 0.0, 0.0, 0.0, 1.0],
                [0.955138, -0.242343, 0.170254, -0.0, -0.00625, 0.558227, 0.829664, 0.3, -0.296105, -0.793501, 0.531671, -0.0, 0.0, 0.0, 0.0, 1.0],
                [0.849325, -0.229749, 0.475256, 0.0, -0.391446, 0.329906, 0.859031, 0.3, -0.354154, -0.915624, 0.190263, 0.0, 0.0, 0.0, 0.0, 1.0],
                [0.742488, -0.329677, 0.58312, -0.0, -0.453759, 0.392834, 0.799866, 0.3, -0.492771, -0.858478, 0.142081, 0.0, 0.0, 0.0, 0.0, 1.0],
                [0.634674, -0.230542, 0.737591, -0.0, -0.104205, 0.920212, 0.377287, 0.3, -0.765728, -0.316313, 0.560009, 0.0, 0.0, 0.0, 0.0, 1.0],
                [0.98108, 0.075012, 0.178493, 0.0, -0.139587, 0.912892, 0.383588, 0.3, -0.134172, -0.401244, 0.906091, 1e-06, 0.0, 0.0, 0.0, 1.0],
                [0.990318, 0.110606, -0.083915, 0.0, -0.026659, 0.744659, 0.66691, 0.3, 0.136253, -0.658211, 0.740399, -1e-06, 0.0, 0.0, 0.0, 1.0],
                [0.986943, -0.152682, 0.051347, -0.0, 0.060445, 0.646479, 0.760532, 0.3, -0.149315, -0.747492, 0.647269, -0.0, 0.0, 0.0, 0.0, 1.0],
                [0.986143, -0.1573, 0.052748, -0.0, 0.052519, 0.597545, 0.800113, 0.3, -0.157378, -0.786249, 0.597528, -0.0, 0.0, 0.0, 0.0, 1.0],
                [0.996473, -0.083047, 0.012211, -0.0, 0.042988, 0.629831, 0.775541, 0.3, -0.072097, -0.772274, 0.631182, -0.0, 0.0, 0.0, 0.0, 1.0],
                [0.998978, 0.003363, 0.045117, -0.0, -0.030717, 0.782583, 0.621786, 0.3, -0.033217, -0.622532, 0.781888, -0.0, 0.0, 0.0, 0.0, 1.0],
                [0.994725, 0.050116, 0.089521, -0.0, -0.090985, 0.83412, 0.544023, 0.3, -0.047408, -0.549295, 0.834282, 0.0, 0.0, 0.0, 0.0, 1.0],
                [0.99999, -0.001312, -0.004632, 0.0, 0.002657, 0.952783, 0.303633, 0.3, 0.004015, -0.303641, 0.952777, 0.0, 0.0, 0.0, 0.0, 1.0],
                [0.999999, -0.002598, 0.000197, -0.0, 0.002456, 0.965152, 0.26167, 0.3, -0.00087, -0.261668, 0.965157, -1e-06, 0.0, 0.0, 0.0, 1.0],
                [0.999813, -0.017229, 0.009044, -0.0, 0.018012, 0.995301, -0.095118, 0.3, -0.007363, 0.095263, 0.995424, 0.0, 0.0, 0.0, 0.0, 1.0],
                [0.999785, -0.018287, 0.010008, -0.0, 0.019395, 0.991978, -0.124899, 0.3, -0.007644, 0.125066, 0.992118, -0.0, 0.0, 0.0, 0.0, 1.0],
                [0.999755, -0.019313, 0.011001, -0.0, 0.020782, 0.987772, -0.1545, 0.3, -0.007883, 0.15469, 0.987931, 0.0, 0.0, 0.0, 0.0, 1.0],
                [0.999724, -0.020307, 0.012021, -0.0, 0.022172, 0.982696, -0.183881, 0.3, -0.008079, 0.184096, 0.982874, 0.0, 0.0, 0.0, 0.0, 1.0],
                [0.999691, -0.021266, 0.013067, 0.0, 0.023563, 0.976765, -0.213006, 0.3, -0.008234, 0.213247, 0.976963, 0.0, 0.0, 0.0, 0.0, 1.0],
                [0.999264, 0.027102, 0.027225, 0.0, -0.021231, 0.980255, -0.196581, 0.3, -0.032015, 0.195857, 0.980109, 0.0, 0.0, 0.0, 0.0, 1.0]
            ]
        },
        {
            "name": "Head",
            "time": [0.0, 0.125, 0.1667, 0.2083, 0.3333, 0.375, 0.4167, 0.4583, 0.5, 0.5417, 0.5833, 0.625, 0.6667, 0.7083, 0.8333, 0.9583, 1.2917, 1.3333, 1.5417, 1.5833, 1.625, 1.6667, 1.7083, 1.75],
            "transform": [
                [0.319974, -0.526212, 0.787857, 0.0, 0.105879, 0.84622, 0.522201, 0.4, -0.941496, -0.083672, 0.326484, -0.0, 0.0, 0.0, 0.0, 1.0],
                [0.995202, 0.039274, 0.089605, -0.0, -0.075406, 0.891463, 0.446769, 0.4, -0.062333, -0.451379, 0.890155, -0.0, 0.0, 0.0, 0.0, 1.0],
                [0.99761, 0.068676, -0.007455, -0.0, -0.0662, 0.981282, 0.180826, 0.4, 0.019734, -0.1799, 0.98349, 0.0, 0.0, 0.0, 0.0, 1.0],
                [0.995624, -0.015857, 0.092081, 0.0, 0.035793, 0.975041, -0.219107, 0.4, -0.086308, 0.221443, 0.971349, -0.0, 0.0, 0.0, 0.0, 1.0],
                [0.51424, 0.525407, -0.677867, -0.0, -0.360664, 0.84957, 0.384897, 0.4, 0.77813, 0.046552, 0.62638, -0.0, 0.0, 0.0, 0.0, 1.0],
                [0.539359, 0.436032, -0.720394, -0.0, -0.411662, 0.882829, 0.226145, 0.4, 0.734598, 0.174584, 0.65566, -0.0, 0.0, 0.0, 0.0, 1.0],
                [0.165867, 0.123977, -0.978322, -0.0, -0.533183, 0.845832, 0.016793, 0.4, 0.829588, 0.518835, 0.206397, -0.0, 0.0, 0.0, 0.0, 1.0],
                [0.207406, 0.148066, -0.966983, 0.0, -0.497336, 0.867163, 0.026111, 0.4, 0.842408, 0.475496, 0.253492, -0.0, 0.0, 0.0, 0.0, 1.0],
                [0.688749, 0.242119, -0.683378, 0.0, -0.435083, 0.892021, -0.122458, 0.4, 0.579942, 0.381667, 0.719722, -0.0, 0.0, 0.0, 0.0, 1.0],
                [0.945138, 0.303944, -0.119717, 0.0, -0.293698, 0.951066, 0.095956, 0.4, 0.143024, -0.055531, 0.988163, -0.0, 0.0, 0.0, 0.0, 1.0],
                [0.913014, 0.286541, 0.290348, 0.0, -0.350197, 0.915589, 0.197619, 0.4, -0.209213, -0.282106, 0.936296, -0.0, 0.0, 0.0, 0.0, 1.0],
                [0.853622, 0.234105, 0.465323, -0.0, -0.322327, 0.93914, 0.118811, 0.4, -0.409191, -0.251404, 0.877132, 0.0, 0.0, 0.0, 0.0, 1.0],
                [0.809948, -0.035186, 0.585448, -0.0, 0.046725, 0.998895, -0.004607, 0.4, -0.584641, 0.031086, 0.810698, -0.0, 0.0, 0.0, 0.0, 1.0],
                [0.801141, -0.151611, 0.578956, -0.0, 0.238066, 0.968279, -0.075864, 0.4, -0.549091, 0.198606, 0.811823, -0.0, 0.0, 0.0, 0.0, 1.0],
                [0.798958, -0.174245, 0.575593, 0.0, 0.325406, 0.930146, -0.170103, 0.4, -0.505747, 0.323204, 0.79985, -0.0, 0.0, 0.0, 0.0, 1.0],
                [0.705275, -0.058932, 0.706482, 1e-06, 0.20909, 0.969499, -0.127859, 0.399999, -0.677403, 0.237892, 0.696085, 0.0, 0.0, 0.0, 0.0, 1.0],
                [0.879362, -0.21116, 0.426773, 0.0, 0.047467, 0.930696, 0.362692, 0.4, -0.473783, -0.298679, 0.828446, 0.0, 0.0, 0.0, 0.0, 1.0],
                [0.855929, -0.285242, 0.431305, 0.0, 0.104681, 0.9124, 0.395679, 0.4, -0.506388, -0.293522, 0.810814, -0.0, 0.0, 0.0, 0.0, 1.0],
                [0.943614, -0.086963, 0.319427, -0.0, 0.047417, 0.990432, 0.129573, 0.4, -0.32764, -0.10712, 0.938712, -0.0, 0.0, 0.0, 0.0, 1.0],
                [0.948962, -0.071546, 0.307172, -0.0, 0.040194, 0.99342, 0.107213, 0.4, -0.312823, -0.089393, 0.945597, 0.0, 0.0, 0.0, 0.0, 1.0],
                [0.953979, -0.056383, 0.29453, 0.0, 0.032632, 0.995847, 0.084945, 0.4, -0.298098, -0.071424, 0.951861, -0.0, 0.0, 0.0, 0.0, 1.0],
                [0.95866, -0.041492, 0.281519, -0.0, 0.024742, 0.997716, 0.062797, 0.4, -0.283483, -0.053236, 0.9575, 1e-06, 0.0, 0.0, 0.0, 1.0],
                [0.963002, -0.026887, 0.268157, 0.0, 0.016534, 0.999027, 0.040793, 0.4, -0.268994, -0.03485, 0.962512, 0.0, 0.0, 0.0, 0.0, 1.0],
                [0.963514, -0.036264, 0.265191, -0.0, 0.015223, 0.996597, 0.080975, 0.4, -0.267225, -0.073983, 0.960792, 1e-06, 0.0, 0.0, 0.0, 1.0]
            ]
        },
        {
            "name": "Shoulder_R",
            "time": [0.0, 0.125, 0.1667, 0.2083, 0.3333, 0.375, 0.4167, 0.4583, 0.5, 0.5417, 0.5833, 0.625, 0.6667, 0.7083, 0.8333, 0.9583, 1.2917, 1.3333, 1.5417, 1.5833, 1.625, 1.6667, 1.7083, 1.75],
            "transform": [
                [-0.405755, 0.885711, -0.225603, 0.0, 0.793863, 0.219226, -0.56719, 0.4, -0.452893, -0.409249, -0.792088, -0.0, 0.0, 0.0, 0.0, 1.0],
                [-0.502552, 0.676223, 0.538675, -0.0, 0.864267, 0.377793, 0.3321, 0.4, 0.021065, 0.632481, -0.774299, -0.0, 0.0, 0.0, 0.0, 1.0],
                [-0.417916, 0.710994, 0.565549, -0.0, 0.908464, 0.32684, 0.260463, 0.4, 0.000343, 0.622657, -0.782504, 0.0, 0.0, 0.0, 0.0, 1.0],
                [-0.200972, 0.829097, 0.521758, 0.0, 0.979395, 0.159798, 0.123343, 0.4, 0.018887, 0.535817, -0.844129, -0.0, 0.0, 0.0, 0.0, 1.0],
                [-0.087102, 0.812355, -0.576642, -0.0, 0.994374, 0.105758, -0.001222, 0.4, 0.05999, -0.573525, -0.816994, -0.0, 0.0, 0.0, 0.0, 1.0],
                [0.078779, 0.575776, -0.813811, -0.0, 0.974866, -0.215073, -0.057784, 0.4, -0.20829, -0.788843, -0.578245, -0.0, 0.0, 0.0, 0.0, 1.0],
                [-0.401103, 0.708361, -0.580821, -0.0, 0.9107, 0.240182, -0.336022, 0.4, -0.098518, -0.663757, -0.741441, -0.0, 0.0, 0.0, 0.0, 1.0],
                [-0.482234, 0.686766, -0.543884, 0.0, 0.876021, 0.377058, -0.300652, 0.4, -0.001401, -0.62146, -0.783452, -0.0, 0.0, 0.0, 0.0, 1.0],
                [-0.296476, 0.723814, -0.623066, 0.0, 0.953755, 0.257986, -0.154156, 0.4, 0.049161, -0.63998, -0.766826, -0.0, 0.0, 0.0, 0.0, 1.0],
                [-0.318965, 0.93288, -0.167397, 0.0, 0.938858, 0.286884, -0.190297, 0.4, -0.129496, -0.217867, -0.967351, -0.0, 0.0, 0.0, 0.0, 1.0],
                [-0.207094, 0.885231, 0.416539, 0.0, 0.89418, 0.344011, -0.286483, 0.4, -0.396882, 0.313144, -0.8628, -0.0, 0.0, 0.0, 0.0, 1.0],
                [0.063863, 0.703443, 0.707892, -0.0, 0.842851, 0.341774, -0.415651, 0.4, -0.534302, 0.623222, -0.57107, 0.0, 0.0, 0.0, 0.0, 1.0],
                [0.238914, 0.556687, 0.795632, -0.0, 0.800702, 0.350589, -0.485735, 0.4, -0.549316, 0.753151, -0.361979, -0.0, 0.0, 0.0, 0.0, 1.0],
                [0.244104, 0.431962, 0.868231, -0.0, 0.837021, 0.358239, -0.41356, 0.4, -0.489653, 0.827723, -0.274112, -0.0, 0.0, 0.0, 0.0, 1.0],
                [0.088575, 0.49871, 0.862235, 0.0, 0.936861, 0.252246, -0.242134, 0.4, -0.338236, 0.829281, -0.444877, -0.0, 0.0, 0.0, 0.0, 1.0],
                [0.002176, 0.712797, 0.70138, 1e-06, 0.975908, 0.151453, -0.15694, 0.399999, -0.218085, 0.684852, -0.695293, 0.0, 0.0, 0.0, 0.0, 1.0],
                [-0.243586, 0.969651, 0.02156, 0.0, 0.824592, 0.218758, -0.521703, 0.4, -0.51057, -0.109305, -0.852858, 0.0, 0.0, 0.0, 0.0, 1.0],
                [-0.270198, 0.962816, 0.00117, 0.0, 0.829739, 0.233482, -0.506951, 0.4, -0.488358, -0.13601, -0.861977, -0.0, 0.0, 0.0, 0.0, 1.0],
                [0.287117, 0.957233, -0.035912, -0.0, 0.914464, -0.285078, -0.28716, 0.4, -0.285108, 0.04961, -0.957211, -0.0, 0.0, 0.0, 0.0, 1.0],
                [0.331867, 0.942767, -0.032786, -0.0, 0.905847, -0.328201, -0.267773, 0.4, -0.263199, 0.059168, -0.962926, 0.0, 0.0, 0.0, 0.0, 1.0],
                [0.375544, 0.926368, -0.028742, 0.0, 0.89493, -0.370531, -0.248567, 0.4, -0.240907, 0.067627, -0.96819, -0.0, 0.0, 0.0, 0.0, 1.0],
                [0.418003, 0.908141, -0.023816, -0.0, 0.881803, -0.411925, -0.229612, 0.4, -0.218324, 0.07498, -0.972993, 1e-06, 0.0, 0.0, 0.0, 1.0],
                [0.459115, 0.888201, -0.018048, 0.0, 0.866571, -0.452246, -0.210975, 0.4, -0.195544, 0.081224, -0.977327, 0.0, 0.0, 0.0, 0.0, 1.0],
                [-0.000239, 0.889521, 0.456911, -0.0, 0.197992, -0.447825, 0.871929, 0.4, 0.98019, 0.090675, -0.176013, 1e-06, 0.0, 0.0, 0.0, 1.0]
            ]
        },
        {
            "name": "Arm_R",
            "time": [0.0, 0.125, 0.1667, 0.2083, 0.3333, 0.375, 0.4167, 0.4583, 0.5, 0.5417, 0.5833, 0.625, 0.6667, 0.7083, 0.8333, 0.9583, 1.125, 1.5417, 1.5833, 1.625, 1.6667, 1.7083, 1.75],
            "transform": [
                [0.552453, -0.583899, -0.594622, 0.0, 0.786767, 0.605723, 0.136157, 0.39386, 0.281669, -0.546693, 0.785948, -0.0, 0.0, 0.0, 0.0, 1.0],
                [0.91441, -0.375579, -0.156578, -0.0, 0.347393, 0.519111, 0.779819, 0.39386, -0.211974, -0.76942, 0.602558, 0.0, 0.0, 0.0, 0.0, 1.0],
                [0.879229, -0.433844, -0.200787, 0.0, 0.425791, 0.518737, 0.74045, 0.393861, -0.217435, -0.738493, 0.638069, -0.0, 0.0, 0.0, 0.0, 1.0],
                [0.748329, -0.592671, -0.300206, -0.0, 0.627111, 0.480631, 0.612622, 0.393861, -0.21907, -0.64867, 0.728211, -0.0, 0.0, 0.0, 0.0, 1.0],
                [0.912829, -0.291154, 0.287164, -0.0, 0.389544, 0.833999, -0.39327, 0.393861, -0.125073, 0.472568, 0.870978, -0.0, 0.0, 0.0, 0.0, 1.0],
                [0.988865, -0.134035, 0.077808, 0.0, 0.145331, 0.625214, -0.76579, 0.39386, 0.054099, 0.770424, 0.63499, 0.0, 0.0, 0.0, 0.0, 1.0],
                [0.984707, 0.139902, -0.116858, -0.0, -0.105195, -0.090895, -0.988187, 0.39386, -0.149319, 0.986639, -0.074467, -0.0, 0.0, 0.0, 0.0, 1.0],
                [0.928109, 0.117715, -0.35562, -0.0, -0.321896, -0.241306, -0.913754, 0.39386, -0.193877, 0.964157, -0.185273, -0.0, 0.0, 0.0, 0.0, 1.0],
                [0.927161, 0.333442, 0.177156, -0.0, 0.114267, 0.201425, -0.970776, 0.393861, -0.360272, 0.921999, 0.148012, 0.0, 0.0, 0.0, 0.0, 1.0],
                [0.765239, 0.122855, 0.631475, -0.0, 0.546813, 0.398272, -0.735529, 0.39386, -0.342516, 0.910304, 0.23658, 0.0, 0.0, 0.0, 0.0, 1.0],
                [0.760975, -0.624062, 0.181526, -0.0, 0.556543, 0.772528, 0.309265, 0.39386, -0.333178, -0.134914, 0.931202, 0.0, 0.0, 0.0, 0.0, 1.0],
                [0.655137, -0.755011, 0.056756, -0.0, 0.512395, 0.499668, 0.697676, 0.39386, -0.554973, -0.429945, 0.71115, 0.0, 0.0, 0.0, 0.0, 1.0],
                [0.550224, -0.832421, -0.085629, -0.0, 0.639983, 0.354344, 0.680704, 0.39386, -0.536205, -0.43126, 0.724581, -0.0, 0.0, 0.0, 0.0, 1.0],
                [0.594617, -0.805613, -0.015687, -0.0, 0.640216, 0.462691, 0.612626, 0.393861, -0.486204, -0.375994, 0.787499, 0.0, 0.0, 0.0, 0.0, 1.0],
                [0.685641, -0.69526, 0.21995, -0.0, 0.469916, 0.654985, 0.592132, 0.39386, -0.555433, -0.304107, 0.772476, -0.0, 0.0, 0.0, 0.0, 1.0],
                [0.725165, -0.578199, 0.374814, -0.0, 0.341483, 0.777501, 0.529778, 0.393861, -0.597236, -0.257497, 0.758011, 0.0, 0.0, 0.0, 0.0, 1.0],
                [0.736138, -0.598309, 0.318029, -0.0, 0.282065, 0.700556, 0.655808, 0.39386, -0.614915, -0.394909, 0.681549, -0.0, 0.0, 0.0, 0.0, 1.0],
                [0.778321, -0.626536, -0.057539, 0.0, 0.624729, 0.782042, -0.027266, 0.393861, 0.062076, -0.014789, 0.995834, 0.0, 0.0, 0.0, 0.0, 1.0],
                [0.773514, -0.630922, -0.072625, 0.0, 0.626629, 0.778637, -0.060333, 0.39386, 0.094608, 0.001165, 0.993391, -1e-06, 0.0, 0.0, 0.0, 1.0],
