{
    "animation": [
        {
            "name": "Root",
            "time": [0.0, 0.0667, 0.1333, 0.2333, 0.3, 0.4667, 0.6333, 0.8333, 0.9667, 1.1333, 1.3, 1.6333, 1.8, 1.9667, 2.0667],
            "transform": [
                [1.0, 0.0, 0.0, -5e-06, 0.0, 0.0, -1.0, 0.005786, 0.0, 1.0, 0.0, 0.331063, 0.0, 0.0, 0.0, 1.0],
                [1.0, 0.0, 0.0, -5e-06, 0.0, 0.0, -1.0, 0.035861, 0.0, 1.0, 0.0, 0.320519, 0.0, 0.0, 0.0, 1.0],
                [1.0, 0.0, 0.0, -5e-06, 0.0, 0.0, -1.0, 0.055501, 0.0, 1.0, 0.0, 0.334462, 0.0, 0.0, 0.0, 1.0],
                [1.0, 0.0, 0.0, -5e-06, 0.0, 0.0, -1.0, 0.149539, 0.0, 1.0, 0.0, 0.444749, 0.0, 0.0, 0.0, 1.0],
                [1.0, 0.0, 0.0, -5e-06, 0.0, 0.0, -1.0, 0.475366, 0.0, 1.0, 0.0, 0.497021, 0.0, 0.0, 0.0, 1.0],
                [1.0, 0.0, 0.0, -5e-06, 0.0, 0.0, -1.0, 0.805569, 0.0, 1.0, 0.0, 0.452006, 0.0, 0.0, 0.0, 1.0],
                [1.0, 0.0, 0.0, -5e-06, 0.0, 0.0, -1.0, 1.136577, 0.0, 1.0, 0.0, 0.337611, 0.0, 0.0, 0.0, 1.0],
                [1.0, 0.0, 0.0, -5e-06, 0.0, 0.0, -1.0, 1.171172, 0.0, 1.0, 0.0, 0.33678, 0.0, 0.0, 0.0, 1.0],
                [1.0, 0.0, 0.0, -5e-06, 0.0, 0.0, -1.0, 1.210487, 0.0, 1.0, 0.0, 0.399554, 0.0, 0.0, 0.0, 1.0],
                [1.0, 0.0, 0.0, -5e-06, 0.0, 0.0, -1.0, 1.292988, 0.0, 1.0, 0.0, 0.459618, 0.0, 0.0, 0.0, 1.0],
                [1.0, 0.0, 0.0, -5e-06, 0.0, 0.0, -1.0, 1.339382, 0.0, 1.0, 0.0, 0.546462, 0.0, 0.0, 0.0, 1.0],
                [1.0, 0.0, 0.0, -5e-06, 0.0, 0.0, -1.0, 1.405025, 0.0, 1.0, 0.0, 0.662593, 0.0, 0.0, 0.0, 1.0],
                [1.0, 0.0, 0.0, -5e-06, 0.0, 0.0, -1.0, 1.416288, 0.0, 1.0, 0.0, 0.662593, 0.0, 0.0, 0.0, 1.0],
                [1.0, 0.0, 0.0, -5e-06, 0.0, 0.0, -1.0, 1.411442, 0.0, 1.0, 0.0, 0.662593, 0.0, 0.0, 0.0, 1.0],
                [1.0, 0.0, 0.0, -5e-06, 0.0, 0.0, -1.0, 1.411442, 0.0, 1.0, 0.0, 0.662593, 0.0, 0.0, 0.0, 1.0]
            ]
        },
        {
            "name": "Thigh_R",
            "time": [0.0, 0.0333, 0.0667, 0.1, 0.1333, 0.1667, 0.2, 0.2333, 0.2667, 0.3, 0.3333, 0.3667, 0.4, 0.4333, 0.4667, 0.5, 0.5333, 0.5667, 0.6, 0.6333, 0.6667, 0.7, 0.7333, 0.7667, 0.8, 0.8333, 0.8667, 0.9, 0.9333, 0.9667, 1.0, 1.0333, 1.0667, 1.1, 1.1333, 1.1667, 1.2, 1.2333, 1.2667, 1.3, 1.3333, 1.3667, 1.4, 1.4333, 1.4667, 1.5, 1.5333, 1.5667, 1.6, 1.6333, 1.6667, 1.7, 1.7333, 1.7667, 1.8, 1.8333, 1.8667, 1.9, 1.9333, 1.9667, 2.0, 2.0333, 2.0667],
            "transform": [
                [0.916997, -0.145113, -0.371565, 0.124994, 0.305435, -0.3437, 0.88802, -0.002831, -0.25657, -0.927799, -0.270849, -1.2e-05, 0.0, 0.0, 0.0, 1.0],
                [0.926096, -0.129873, -0.354235, 0.124994, 0.293833, -0.340681, 0.893084, -0.002831, -0.236669, -0.931164, -0.277343, -1.2e-05, 0.0, 0.0, 0.0, 1.0],
                [0.934675, -0.113456, -0.336915, 0.124994, 0.283474, -0.334062, 0.898913, -0.002831, -0.214538, -0.935697, -0.280078, -1.2e-05, 0.0, 0.0, 0.0, 1.0],
                [0.942155, -0.101226, -0.31953, 0.124994, 0.269344, -0.338762, 0.901495, -0.002831, -0.1995, -0.93541, -0.291902, -1.2e-05, 0.0, 0.0, 0.0, 1.0],
                [0.948369, -0.099499, -0.301161, 0.124994, 0.246204, -0.367663, 0.896776, -0.002831, -0.199954, -0.92462, -0.324183, -1.2e-05, 0.0, 0.0, 0.0, 1.0],
                [0.950067, -0.109358, -0.292259, 0.124994, 0.223291, -0.415998, 0.881525, -0.002831, -0.217981, -0.902765, -0.370807, -1.2e-05, 0.0, 0.0, 0.0, 1.0],
                [0.949543, -0.120947, -0.289381, 0.124994, 0.188145, -0.518558, 0.834086, -0.002831, -0.250941, -0.846444, -0.469638, -1.2e-05, 0.0, 0.0, 0.0, 1.0],
                [0.948333, -0.127218, -0.290659, 0.124994, 0.132851, -0.672703, 0.727887, -0.002831, -0.288128, -0.728892, -0.621046, -1.2e-05, 0.0, 0.0, 0.0, 1.0],
                [0.945743, -0.129969, -0.297788, 0.124994, 0.070468, -0.81265, 0.578475, -0.002831, -0.317182, -0.568073, -0.7594, -1.2e-05, 0.0, 0.0, 0.0, 1.0],
                [0.944094, -0.12423, -0.305377, 0.124994, 0.006106, -0.919538, 0.392952, -0.002831, -0.329623, -0.372847, -0.867372, -1.2e-05, 0.0, 0.0, 0.0, 1.0],
                [0.947006, -0.10246, -0.304438, 0.124994, -0.048346, -0.982432, 0.180253, -0.002831, -0.317558, -0.155981, -0.935322, -1.2e-05, 0.0, 0.0, 0.0, 1.0],
                [0.958461, -0.064, -0.277951, 0.124994, -0.082824, -0.99496, -0.05651, -0.002831, -0.272934, 0.077184, -0.958932, -1.2e-05, 0.0, 0.0, 0.0, 1.0],
                [0.991993, -0.017421, -0.125088, 0.124994, -0.054798, -0.951724, -0.302023, -0.002831, -0.113788, 0.30646, -0.945058, -1.2e-05, 0.0, 0.0, 0.0, 1.0],
                [0.944185, 0.072173, 0.321412, 0.124994, 0.181123, -0.928722, -0.323525, -0.002831, 0.275152, 0.363683, -0.889958, -1.2e-05, 0.0, 0.0, 0.0, 1.0],
                [0.733965, 0.223095, 0.641501, 0.124994, 0.425, -0.887604, -0.177576, -0.002831, 0.529783, 0.402973, -0.746286, -1.2e-05, 0.0, 0.0, 0.0, 1.0],
                [0.632796, 0.370704, 0.679814, 0.124994, 0.538094, -0.841846, -0.041815, -0.002831, 0.556799, 0.392264, -0.732191, -1.2e-05, 0.0, 0.0, 0.0, 1.0],
                [0.60123, 0.4851, 0.634981, 0.124994, 0.598643, -0.799796, 0.044191, -0.002831, 0.529292, 0.353558, -0.771263, -1.2e-05, 0.0, 0.0, 0.0, 1.0],
                [0.554026, 0.522084, 0.648447, 0.124994, 0.636488, -0.7677, 0.074292, -0.002831, 0.536599, 0.371569, -0.757626, -1.2e-05, 0.0, 0.0, 0.0, 1.0],
                [0.517735, 0.521085, 0.678543, 0.124994, 0.655951, -0.750948, 0.076194, -0.002831, 0.549255, 0.405643, -0.730598, -1.2e-05, 0.0, 0.0, 0.0, 1.0],
                [0.503404, 0.516623, 0.692592, 0.124994, 0.662686, -0.745212, 0.074208, -0.002831, 0.554466, 0.421614, -0.717502, -1.2e-05, 0.0, 0.0, 0.0, 1.0],
                [0.511011, 0.519481, 0.684841, 0.124994, 0.662873, -0.745378, 0.070784, -0.002831, 0.547237, 0.417791, -0.725246, -1.2e-05, 0.0, 0.0, 0.0, 1.0],
                [0.525524, 0.52171, 0.672044, 0.124994, 0.66105, -0.747652, 0.063478, -0.002831, 0.535572, 0.410896, -0.737785, -1.2e-05, 0.0, 0.0, 0.0, 1.0],
                [0.544901, 0.522364, 0.65591, 0.124994, 0.657007, -0.752013, 0.053091, -0.002831, 0.520986, 0.402008, -0.752969, -1.2e-05, 0.0, 0.0, 0.0, 1.0],
                [0.566104, 0.523112, 0.637087, 0.124994, 0.652277, -0.756825, 0.041828, -0.002831, 0.504045, 0.391878, -0.769656, -1.2e-05, 0.0, 0.0, 0.0, 1.0],
                [0.582796, 0.520848, 0.623751, 0.124994, 0.646723, -0.76205, 0.032073, -0.002831, 0.492035, 0.384702, -0.780965, -1.2e-05, 0.0, 0.0, 0.0, 1.0],
                [0.593932, 0.517571, 0.615925, 0.124994, 0.642025, -0.766281, 0.024818, -0.002831, 0.484817, 0.3807, -0.787413, -1.2e-05, 0.0, 0.0, 0.0, 1.0],
                [0.595729, 0.51065, 0.619954, 0.124994, 0.637576, -0.770083, 0.021648, -0.002831, 0.488471, 0.382372, -0.78434, -1.2e-05, 0.0, 0.0, 0.0, 1.0],
                [0.580705, 0.502382, 0.64062, 0.124994, 0.632976, -0.773476, 0.032796, -0.002831, 0.51198, 0.386452, -0.767158, -1.2e-05, 0.0, 0.0, 0.0, 1.0],
                [0.547597, 0.492081, 0.676753, 0.124994, 0.62824, -0.776008, 0.055909, -0.002831, 0.552678, 0.394548, -0.734084, -1.2e-05, 0.0, 0.0, 0.0, 1.0],
                [0.504999, 0.475135, 0.720571, 0.124994, 0.620788, -0.779964, 0.079233, -0.002831, 0.599666, 0.407309, -0.688839, -1.2e-05, 0.0, 0.0, 0.0, 1.0],
                [0.463637, 0.448669, 0.764027, 0.124994, 0.613942, -0.784421, 0.088085, -0.002831, 0.63884, 0.428229, -0.639143, -1.2e-05, 0.0, 0.0, 0.0, 1.0],
                [0.435358, 0.410319, 0.801313, 0.124994, 0.607697, -0.790649, 0.074694, -0.002831, 0.664205, 0.454437, -0.593565, -1.2e-05, 0.0, 0.0, 0.0, 1.0],
                [0.435545, 0.359489, 0.825269, 0.124994, 0.604603, -0.796046, 0.027674, -0.002831, 0.666901, 0.486906, -0.564062, -1.2e-05, 0.0, 0.0, 0.0, 1.0],
                [0.496158, 0.383845, 0.778775, 0.124994, 0.590168, -0.806987, 0.021755, -0.002831, 0.636811, 0.448814, -0.626926, -1.2e-05, 0.0, 0.0, 0.0, 1.0],
                [0.610541, 0.415775, 0.674071, 0.124994, 0.561574, -0.827424, 0.001719, -0.002831, 0.558457, 0.377492, -0.738665, -1.2e-05, 0.0, 0.0, 0.0, 1.0],
                [0.726973, 0.4415, 0.525916, 0.124994, 0.51934, -0.854567, -0.000482, -0.002831, 0.449218, 0.273479, -0.850537, -1.2e-05, 0.0, 0.0, 0.0, 1.0],
                [0.811348, 0.445167, 0.378868, 0.124994, 0.474097, -0.880267, 0.019025, -0.002831, 0.341974, 0.164185, -0.925255, -1.2e-05, 0.0, 0.0, 0.0, 1.0],
                [0.85351, 0.434441, 0.287719, 0.124994, 0.441326, -0.896261, 0.044128, -0.002831, 0.277042, 0.089314, -0.956698, -1.2e-05, 0.0, 0.0, 0.0, 1.0],
                [0.865589, 0.425656, 0.263764, 0.124994, 0.424182, -0.903202, 0.065537, -0.002831, 0.266128, 0.055157, -0.962358, -1.2e-05, 0.0, 0.0, 0.0, 1.0],
                [0.866302, 0.419902, 0.270562, 0.124994, 0.4098, -0.907138, 0.095724, -0.002831, 0.285632, 0.027951, -0.957932, -1.2e-05, 0.0, 0.0, 0.0, 1.0],
                [0.860039, 0.413624, 0.298745, 0.124994, 0.390496, -0.910447, 0.136375, -0.002831, 0.328399, -0.000629, -0.944539, -1.2e-05, 0.0, 0.0, 0.0, 1.0],
                [0.851646, 0.404913, 0.332781, 0.124994, 0.36388, -0.91377, 0.180601, -0.002831, 0.377213, -0.032716, -0.925548, -1.2e-05, 0.0, 0.0, 0.0, 1.0],
                [0.84288, 0.392434, 0.36817, 0.124994, 0.329411, -0.91732, 0.223633, -0.002831, 0.425491, -0.067216, -0.902463, -1.2e-05, 0.0, 0.0, 0.0, 1.0],
                [0.839459, 0.378236, 0.390188, 0.124994, 0.292782, -0.919691, 0.261623, -0.002831, 0.457808, -0.105381, -0.882784, -1.2e-05, 0.0, 0.0, 0.0, 1.0],
                [0.846782, 0.352796, 0.398115, 0.124994, 0.290695, -0.933688, 0.209102, -0.002831, 0.445485, -0.061333, -0.893186, -1.2e-05, 0.0, 0.0, 0.0, 1.0],
                [0.852733, 0.330561, 0.404445, 0.124994, 0.287014, -0.943441, 0.165954, -0.002831, 0.436428, -0.025433, -0.89938, -1.2e-05, 0.0, 0.0, 0.0, 1.0],
                [0.858673, 0.312928, 0.405903, 0.124994, 0.282322, -0.949776, 0.13498, -0.002831, 0.427756, -0.001308, -0.903893, -1.2e-05, 0.0, 0.0, 0.0, 1.0],
                [0.86432, 0.298091, 0.405084, 0.124994, 0.274627, -0.954478, 0.116411, -0.002831, 0.421344, 0.010631, -0.906838, -1.2e-05, 0.0, 0.0, 0.0, 1.0],
                [0.868849, 0.286252, 0.403934, 0.124994, 0.266357, -0.958028, 0.105995, -0.002831, 0.417322, 0.015497, -0.908627, -1.2e-05, 0.0, 0.0, 0.0, 1.0],
                [0.873203, 0.279273, 0.399404, 0.124994, 0.25829, -0.960159, 0.106677, -0.002831, 0.413283, 0.010012, -0.910547, -1.2e-05, 0.0, 0.0, 0.0, 1.0],
                [0.876767, 0.272638, 0.396167, 0.124994, 0.249146, -0.962115, 0.110729, -0.002831, 0.411348, 0.001621, -0.911477, -1.2e-05, 0.0, 0.0, 0.0, 1.0],
                [0.880114, 0.267059, 0.392529, 0.124994, 0.239898, -0.963634, 0.117723, -0.002831, 0.409693, -0.009442, -0.912174, -1.2e-05, 0.0, 0.0, 0.0, 1.0],
                [0.883134, 0.260457, 0.390174, 0.124994, 0.230517, -0.965311, 0.122626, -0.002831, 0.408578, -0.018353, -0.912539, -1.2e-05, 0.0, 0.0, 0.0, 1.0],
                [0.884863, 0.255978, 0.38922, 0.124994, 0.224273, -0.966386, 0.125695, -0.002831, 0.408312, -0.023931, -0.912529, -1.2e-05, 0.0, 0.0, 0.0, 1.0],
                [0.885265, 0.253031, 0.390233, 0.124994, 0.220975, -0.967131, 0.125806, -0.002831, 0.409239, -0.025139, -0.912081, -1.2e-05, 0.0, 0.0, 0.0, 1.0],
                [0.885353, 0.247961, 0.393274, 0.124994, 0.217409, -0.968524, 0.121221, -0.002831, 0.410954, -0.021822, -0.911395, -1.2e-05, 0.0, 0.0, 0.0, 1.0],
                [0.8835, 0.247772, 0.397538, 0.124994, 0.217546, -0.968617, 0.120227, -0.002831, 0.414851, -0.019737, -0.909675, -1.2e-05, 0.0, 0.0, 0.0, 1.0],
                [0.88091, 0.247963, 0.403131, 0.124994, 0.217722, -0.968602, 0.120024, -0.002831, 0.420236, -0.01796, -0.907237, -1.2e-05, 0.0, 0.0, 0.0, 1.0],
                [0.876978, 0.251722, 0.409324, 0.124994, 0.221035, -0.967665, 0.121518, -0.002831, 0.426678, -0.016093, -0.904261, -1.2e-05, 0.0, 0.0, 0.0, 1.0],
                [0.872987, 0.255475, 0.415483, 0.124994, 0.224324, -0.966711, 0.123082, -0.002831, 0.433097, -0.014246, -0.901235, -1.2e-05, 0.0, 0.0, 0.0, 1.0],
                [0.868937, 0.259222, 0.421607, 0.124994, 0.227587, -0.965738, 0.124717, -0.002831, 0.439491, -0.012419, -0.898161, -1.2e-05, 0.0, 0.0, 0.0, 1.0],
                [0.864829, 0.262962, 0.427695, 0.124994, 0.230823, -0.964747, 0.126423, -0.002831, 0.445862, -0.010612, -0.895039, -1.2e-05, 0.0, 0.0, 0.0, 1.0],
                [0.860662, 0.266696, 0.433744, 0.124994, 0.23403, -0.96374, 0.128198, -0.002831, 0.452206, -0.008825, -0.89187, -1.2e-05, 0.0, 0.0, 0.0, 1.0]
            ]
        },
        {
            "name": "Leg_R",
            "time": [0.0, 0.0333, 0.0667, 0.1, 0.1333, 0.1667, 0.2, 0.2333, 0.2667, 0.3, 0.3333, 0.3667, 0.4, 0.4333, 0.4667, 0.5, 0.5333, 0.5667, 0.6, 0.6333, 0.6667, 0.7, 0.7333, 0.7667, 0.8, 0.8333, 0.8667, 0.9, 0.9333, 0.9667, 1.0, 1.0333, 1.0667, 1.1, 1.1333, 1.1667, 1.2, 1.2333, 1.2667, 1.3, 1.3333, 1.3667, 1.4, 1.4333, 1.4667, 1.5, 1.5333, 1.5667, 1.6, 1.6333, 1.6667, 1.7, 1.7333, 1.7667, 1.8, 1.8333, 1.8667, 1.9, 1.9333, 1.9667, 2.0, 2.0333, 2.0667],
            "transform": [
                [0.999998, -0.001919, -0.000376, -0.0, -0.000375, -0.376769, 0.926308, 0.37472, -0.001919, -0.926304, -0.37677, -0.0, 0.0, 0.0, 0.0, 1.0],
                [0.999999, -0.001919, -0.000377, -0.0, -0.000377, -0.37805, 0.925786, 0.37472, -0.001919, -0.92578, -0.378052, 0.0, 0.0, 0.0, 0.0, 1.0],
                [0.999998, -0.001918, -0.000382, -0.0, -0.000383, -0.383692, 0.923462, 0.37472, -0.001918, -0.923458, -0.383693, -0.0, 0.0, 0.0, 0.0, 1.0],
                [0.999999, -0.00192, -0.000377, 0.0, -0.000377, -0.37831, 0.92568, 0.37472, -0.001919, -0.925675, -0.378312, 0.0, 0.0, 0.0, 0.0, 1.0],
                [0.999998, -0.001925, -0.000342, 0.0, -0.000343, -0.344744, 0.938697, 0.37472, -0.001925, -0.938694, -0.344744, 0.0, 0.0, 0.0, 0.0, 1.0],
                [0.999998, -0.001938, -0.000266, 0.0, -0.000265, -0.269194, 0.963087, 0.37472, -0.001939, -0.963083, -0.269194, 0.0, 0.0, 0.0, 0.0, 1.0],
                [0.999998, -0.001947, -0.000184, 0.0, -0.000184, -0.187291, 0.982305, 0.37472, -0.001947, -0.982302, -0.187291, 0.0, 0.0, 0.0, 0.0, 1.0],
                [0.999999, -0.001953, -9.3e-05, 0.0, -9.4e-05, -0.095314, 0.995449, 0.37472, -0.001953, -0.995443, -0.095315, -0.0, 0.0, 0.0, 0.0, 1.0],
                [0.999998, -0.001955, 5.1e-05, -0.0, 4.9e-05, 0.05111, 0.998693, 0.37472, -0.001955, -0.99869, 0.05111, -0.0, 0.0, 0.0, 0.0, 1.0],
                [0.999999, -0.001941, 0.000235, -0.0, 0.000234, 0.237894, 0.971291, 0.37472, -0.001941, -0.971287, 0.237895, -0.0, 0.0, 0.0, 0.0, 1.0],
                [0.999999, -0.0019, 0.000461, 0.0, 0.000459, 0.457289, 0.889318, 0.37472, -0.0019, -0.889316, 0.457289, -0.0, 0.0, 0.0, 0.0, 1.0],
                [0.999998, -0.001815, 0.000726, 0.0, 0.000725, 0.689302, 0.724473, 0.37472, -0.001816, -0.724471, 0.689303, 0.0, 0.0, 0.0, 0.0, 1.0],
                [0.999998, -0.001696, 0.000973, -0.0, 0.000971, 0.862516, 0.506029, 0.37472, -0.001697, -0.506027, 0.862516, -0.0, 0.0, 0.0, 0.0, 1.0],
                [0.999998, -0.001734, 0.000902, 0.0, 0.000899, 0.817698, 0.575646, 0.37472, -0.001736, -0.575643, 0.817699, 0.0, 0.0, 0.0, 0.0, 1.0],
                [0.999998, -0.001806, 0.000749, 0.0, 0.000746, 0.706485, 0.707727, 0.37472, -0.001807, -0.707725, 0.706485, 0.0, 0.0, 0.0, 0.0, 1.0],
                [0.999999, -0.001884, 0.000523, 0.0, 0.000521, 0.514705, 0.857367, 0.37472, -0.001884, -0.857364, 0.514706, -0.0, 0.0, 0.0, 0.0, 1.0],
                [0.999998, -0.001925, 0.000342, 0.0, 0.000341, 0.343953, 0.938987, 0.37472, -0.001926, -0.938984, 0.343953, -0.0, 0.0, 0.0, 0.0, 1.0],
                [0.999998, -0.001925, 0.000338, -0.0, 0.000338, 0.340784, 0.940142, 0.37472, -0.001925, -0.94014, 0.340784, -0.0, 0.0, 0.0, 0.0, 1.0],
                [0.999998, -0.001914, 0.000399, 0.0, 0.000396, 0.398382, 0.91722, 0.37472, -0.001915, -0.917217, 0.398382, 0.0, 0.0, 0.0, 0.0, 1.0],
                [0.999998, -0.001902, 0.000452, 0.0, 0.000451, 0.449343, 0.893359, 0.37472, -0.001902, -0.893357, 0.449343, 0.0, 0.0, 0.0, 0.0, 1.0],
                [0.999998, -0.001897, 0.000475, 0.0, 0.000473, 0.470367, 0.882471, 0.37472, -0.001897, -0.882469, 0.470367, 0.0, 0.0, 0.0, 0.0, 1.0],
                [0.999998, -0.001892, 0.000497, -0.0, 0.000494, 0.48994, 0.871756, 0.37472, -0.001892, -0.871754, 0.48994, -0.0, 0.0, 0.0, 0.0, 1.0],
                [0.999998, -0.001886, 0.000517, 0.0, 0.000513, 0.508096, 0.8613, 0.37472, -0.001887, -0.861298, 0.508096, 0.0, 0.0, 0.0, 0.0, 1.0],
                [0.999998, -0.001881, 0.000536, -0.0, 0.000533, 0.526031, 0.850465, 0.37472, -0.001881, -0.850463, 0.526031, 0.0, 0.0, 0.0, 0.0, 1.0],
                [0.999998, -0.001875, 0.000559, 0.0, 0.000555, 0.545945, 0.837821, 0.37472, -0.001876, -0.837819, 0.545946, 0.0, 0.0, 0.0, 0.0, 1.0],
                [0.999998, -0.001867, 0.000583, -0.0, 0.00058, 0.567735, 0.823211, 0.37472, -0.001868, -0.82321, 0.567734, 0.0, 0.0, 0.0, 0.0, 1.0],
                [0.999998, -0.001858, 0.00061, -0.0, 0.000607, 0.591618, 0.806219, 0.37472, -0.001859, -0.806217, 0.591617, 0.0, 0.0, 0.0, 0.0, 1.0],
                [0.999998, -0.001847, 0.00064, 0.0, 0.000637, 0.617423, 0.786631, 0.37472, -0.001849, -0.78663, 0.617423, 0.0, 0.0, 0.0, 0.0, 1.0],
                [0.999998, -0.001836, 0.000673, 0.0, 0.000671, 0.645627, 0.763653, 0.37472, -0.001837, -0.763651, 0.645627, -0.0, 0.0, 0.0, 0.0, 1.0],
                [0.999999, -0.00182, 0.000715, -0.0, 0.000713, 0.679975, 0.733235, 0.37472, -0.001821, -0.733232, 0.679975, -0.0, 0.0, 0.0, 0.0, 1.0],
                [0.999998, -0.001795, 0.000776, 0.0, 0.000774, 0.727787, 0.685803, 0.37472, -0.001795, -0.685801, 0.727787, 0.0, 0.0, 0.0, 0.0, 1.0],
                [0.999998, -0.001757, 0.000856, 0.0, 0.000853, 0.786426, 0.617684, 0.37472, -0.001759, -0.617682, 0.786426, -0.0, 0.0, 0.0, 0.0, 1.0],
                [0.999998, -0.001705, 0.000957, -0.0, 0.000954, 0.85256, 0.522627, 0.37472, -0.001707, -0.522625, 0.852561, 0.0, 0.0, 0.0, 0.0, 1.0],
                [0.999998, -0.001734, 0.000902, 0.0, 0.0009, 0.818116, 0.575053, 0.37472, -0.001735, -0.575052, 0.818115, -0.0, 0.0, 0.0, 0.0, 1.0],
                [0.999998, -0.001783, 0.000802, 0.0, 0.0008, 0.747305, 0.664481, 0.37472, -0.001785, -0.664479, 0.747304, -0.0, 0.0, 0.0, 0.0, 1.0],
                [0.999998, -0.001836, 0.000673, -0.0, 0.000671, 0.645371, 0.763869, 0.37472, -0.001837, -0.763867, 0.645372, -0.0, 0.0, 0.0, 0.0, 1.0],
                [0.999998, -0.001873, 0.000562, -0.0, 0.00056, 0.549454, 0.835524, 0.37472, -0.001873, -0.835523, 0.549453, -0.0, 0.0, 0.0, 0.0, 1.0],
                [0.999997, -0.001887, 0.000511, 0.0, 0.000508, 0.503066, 0.864248, 0.37472, -0.001888, -0.864247, 0.503065, -0.0, 0.0, 0.0, 0.0, 1.0],
                [0.999997, -0.001883, 0.000526, 0.0, 0.000524, 0.517425, 0.855729, 0.37472, -0.001884, -0.855728, 0.517424, 0.0, 0.0, 0.0, 0.0, 1.0],
                [0.999998, -0.001868, 0.000577, 0.0, 0.000574, 0.562474, 0.826814, 0.37472, -0.001869, -0.826812, 0.562475, -0.0, 0.0, 0.0, 0.0, 1.0],
                [0.999998, -0.001844, 0.000652, 0.0, 0.00065, 0.627819, 0.778359, 0.37472, -0.001845, -0.778358, 0.627819, 0.0, 0.0, 0.0, 0.0, 1.0],
                [0.999999, -0.001813, 0.000735, -0.0, 0.000733, 0.695653, 0.718377, 0.37472, -0.001814, -0.718375, 0.695653, -0.0, 0.0, 0.0, 0.0, 1.0],
                [0.999999, -0.001776, 0.000819, 0.0, 0.000816, 0.759433, 0.650584, 0.37472, -0.001777, -0.650582, 0.759434, -0.0, 0.0, 0.0, 0.0, 1.0],
                [0.999998, -0.001741, 0.000889, -0.0, 0.000887, 0.809543, 0.58706, 0.37472, -0.001742, -0.587058, 0.809543, -0.0, 0.0, 0.0, 0.0, 1.0],
                [0.999998, -0.001707, 0.000954, -0.0, 0.000952, 0.851057, 0.525073, 0.37472, -0.001708, -0.525071, 0.851057, -0.0, 0.0, 0.0, 0.0, 1.0],
                [0.999999, -0.001675, 0.001008, -0.0, 0.001006, 0.883059, 0.46926, 0.37472, -0.001676, -0.469258, 0.88306, -0.0, 0.0, 0.0, 0.0, 1.0],
                [0.999998, -0.001651, 0.001047, -0.0, 0.001045, 0.904071, 0.427381, 0.37472, -0.001652, -0.427379, 0.904071, 0.0, 0.0, 0.0, 0.0, 1.0],
                [0.999998, -0.001637, 0.001069, -0.0, 0.001067, 0.915227, 0.402939, 0.37472, -0.001638, -0.402937, 0.915226, 0.0, 0.0, 0.0, 0.0, 1.0],
                [0.999998, -0.001632, 0.001075, -0.0, 0.001073, 0.918325, 0.395824, 0.37472, -0.001634, -0.395822, 0.918326, -0.0, 0.0, 0.0, 0.0, 1.0],
                [0.999998, -0.001635, 0.001072, 0.0, 0.00107, 0.916642, 0.399708, 0.37472, -0.001636, -0.399707, 0.916642, -0.0, 0.0, 0.0, 0.0, 1.0],
                [0.999998, -0.001642, 0.001061, -0.0, 0.00106, 0.911484, 0.411335, 0.37472, -0.001643, -0.411333, 0.911484, 0.0, 0.0, 0.0, 0.0, 1.0],
                [0.999998, -0.00165, 0.001049, 0.0, 0.001047, 0.904974, 0.425467, 0.37472, -0.001651, -0.425465, 0.904973, -0.0, 0.0, 0.0, 0.0, 1.0],
                [0.999999, -0.001657, 0.001038, 0.0, 0.001036, 0.899167, 0.437603, 0.37472, -0.001658, -0.437601, 0.899168, -0.0, 0.0, 0.0, 0.0, 1.0],
                [0.999999, -0.00166, 0.001032, 0.0, 0.00103, 0.896042, 0.443968, 0.37472, -0.001662, -0.443966, 0.896042, -0.0, 0.0, 0.0, 0.0, 1.0],
                [0.999998, -0.001659, 0.001034, -0.0, 0.001031, 0.896938, 0.442154, 0.37472, -0.001661, -0.442152, 0.896939, 0.0, 0.0, 0.0, 0.0, 1.0],
                [0.999998, -0.001656, 0.001039, -0.0, 0.001037, 0.899962, 0.435968, 0.37472, -0.001657, -0.435966, 0.899962, -0.0, 0.0, 0.0, 0.0, 1.0],
                [0.999997, -0.001653, 0.001045, 0.0, 0.001043, 0.902942, 0.429763, 0.37472, -0.001654, -0.429761, 0.902941, 0.0, 0.0, 0.0, 0.0, 1.0],
                [0.999999, -0.001648, 0.001051, 0.0, 0.001048, 0.905877, 0.423537, 0.37472, -0.00165, -0.423535, 0.905878, -0.0, 0.0, 0.0, 0.0, 1.0],
                [0.999998, -0.001646, 0.001054, -0.0, 0.001053, 0.907963, 0.419049, 0.37472, -0.001647, -0.419047, 0.907963, 0.0, 0.0, 0.0, 0.0, 1.0],
                [0.999998, -0.001643, 0.001059, 0.0, 0.001057, 0.910026, 0.414551, 0.37472, -0.001645, -0.414549, 0.910025, -0.0, 0.0, 0.0, 0.0, 1.0],
                [0.999998, -0.001641, 0.001063, 0.0, 0.001061, 0.912065, 0.410044, 0.37472, -0.001642, -0.410042, 0.912065, 0.0, 0.0, 0.0, 0.0, 1.0],
                [0.999999, -0.001638, 0.001067, 0.0, 0.001065, 0.914082, 0.405528, 0.37472, -0.00164, -0.405526, 0.914082, -0.0, 0.0, 0.0, 0.0, 1.0],
                [0.999998, -0.001635, 0.001071, 0.0, 0.001069, 0.916078, 0.401, 0.37472, -0.001637, -0.400998, 0.916077, 0.0, 0.0, 0.0, 0.0, 1.0]
            ]
        },
        {
            "name": "Knee_R",
            "time": [0.0, 2.0667],
            "transform": [
                [1.0, 0.0, -0.0, -0.0, -0.0, 1e-06, -1.0, 0.37472, -0.0, 1.0, 1e-06, -0.0, 0.0, 0.0, 0.0, 1.0],
                [1.0, 0.0, -0.0, 0.0, -0.0, 1e-06, -1.0, 0.37472, -0.0, 1.0, 1e-06, 0.0, 0.0, 0.0, 0.0, 1.0]
            ]
        },
        {
            "name": "Thigh_L",
            "time": [0.0, 0.0333, 0.0667, 0.1, 0.1333, 0.1667, 0.2, 0.2333, 0.2667, 0.3, 0.3333, 0.3667, 0.4, 0.4333, 0.4667, 0.5, 0.5333, 0.5667, 0.6, 0.6333, 0.6667, 0.7, 0.7333, 0.7667, 0.8, 0.8333, 0.8667, 0.9, 0.9333, 0.9667, 1.0, 1.0333, 1.0667, 1.1, 1.1333, 1.1667, 1.2, 1.2333, 1.2667, 1.3, 1.3333, 1.3667, 1.4, 1.4333, 1.4667, 1.5, 1.5333, 1.5667, 1.6, 1.6333, 1.6667, 1.7, 1.7333, 1.7667, 1.8, 1.8333, 1.8667, 1.9, 1.9333, 1.9667, 2.0, 2.0333, 2.0667],
            "transform": [
                [0.509023, -0.451669, -0.732728, -0.125006, -0.735794, -0.67006, -0.098115, -0.002831, -0.446656, 0.58908, -0.673412, -1.2e-05, 0.0, 0.0, 0.0, 1.0],
                [0.511596, -0.448088, -0.733134, -0.125006, -0.739518, -0.664057, -0.110182, -0.002831, -0.437472, 0.598535, -0.671099, -1.2e-05, 0.0, 0.0, 0.0, 1.0],
                [0.514471, -0.446787, -0.731916, -0.125006, -0.742648, -0.658876, -0.119815, -0.002831, -0.42871, 0.605197, -0.670778, -1.2e-05, 0.0, 0.0, 0.0, 1.0],
                [0.520804, -0.434453, -0.734856, -0.125006, -0.743696, -0.653546, -0.140687, -0.002831, -0.41914, 0.61978, -0.663471, -1.2e-05, 0.0, 0.0, 0.0, 1.0],
                [0.530798, -0.4356, -0.726985, -0.125006, -0.739083, -0.657703, -0.145544, -0.002831, -0.414741, 0.614557, -0.671051, -1.2e-05, 0.0, 0.0, 0.0, 1.0],
                [0.56811, -0.558583, -0.604347, -0.125006, -0.681868, -0.730668, 0.034354, -0.002831, -0.460767, 0.392569, -0.79598, -1.2e-05, 0.0, 0.0, 0.0, 1.0],
                [0.624654, -0.655171, -0.424922, -0.125006, -0.575485, -0.754032, 0.316627, -0.002831, -0.527849, 0.046754, -0.84805, -1.2e-05, 0.0, 0.0, 0.0, 1.0],
                [0.669249, -0.656818, -0.347412, -0.125006, -0.471062, -0.736639, 0.485246, -0.002831, -0.574636, -0.161097, -0.802397, -1.2e-05, 0.0, 0.0, 0.0, 1.0],
                [0.725402, -0.625821, -0.2866, -0.125006, -0.353169, -0.695785, 0.625423, -0.002831, -0.590815, -0.352465, -0.725745, -1.2e-05, 0.0, 0.0, 0.0, 1.0],
                [0.788449, -0.566539, -0.239546, -0.125006, -0.246177, -0.647535, 0.721176, -0.002831, -0.563689, -0.509639, -0.650017, -1.2e-05, 0.0, 0.0, 0.0, 1.0],
                [0.856505, -0.480945, -0.187328, -0.125006, -0.158574, -0.590588, 0.791239, -0.002831, -0.491177, -0.647994, -0.582107, -1.2e-05, 0.0, 0.0, 0.0, 1.0],
                [0.908394, -0.369747, -0.195213, -0.125006, -0.101589, -0.648075, 0.75477, -0.002831, -0.405587, -0.665797, -0.62627, -1.2e-05, 0.0, 0.0, 0.0, 1.0],
                [0.942896, -0.317542, -0.100566, -0.125006, -0.143278, -0.659225, 0.738169, -0.002831, -0.300696, -0.681608, -0.667078, -1.2e-05, 0.0, 0.0, 0.0, 1.0],
                [0.94632, -0.323143, -0.007587, -0.125006, -0.199952, -0.603679, 0.771745, -0.002831, -0.253964, -0.728801, -0.635886, -1.2e-05, 0.0, 0.0, 0.0, 1.0],
                [0.93865, -0.320903, 0.126324, -0.125006, -0.285438, -0.51732, 0.806786, -0.002831, -0.193551, -0.793347, -0.577181, -1.2e-05, 0.0, 0.0, 0.0, 1.0],
                [0.929357, -0.224424, 0.293137, -0.125006, -0.363677, -0.419933, 0.831502, -0.002831, -0.063511, -0.879369, -0.471886, -1.2e-05, 0.0, 0.0, 0.0, 1.0],
                [0.919285, -0.124971, 0.373226, -0.125006, -0.392866, -0.348938, 0.850822, -0.002831, 0.023905, -0.928775, -0.369871, -1.2e-05, 0.0, 0.0, 0.0, 1.0],
                [0.902493, -0.056248, 0.427015, -0.125006, -0.416389, -0.367418, 0.831639, -0.002831, 0.110115, -0.928353, -0.355014, -1.2e-05, 0.0, 0.0, 0.0, 1.0],
                [0.884356, -0.005424, 0.466781, -0.125006, -0.428188, -0.40769, 0.806501, -0.002831, 0.185928, -0.913104, -0.362866, -1.2e-05, 0.0, 0.0, 0.0, 1.0],
                [0.873389, 0.026048, 0.486326, -0.125006, -0.427575, -0.43708, 0.79129, -0.002831, 0.233176, -0.899045, -0.370604, -1.2e-05, 0.0, 0.0, 0.0, 1.0],
                [0.870329, 0.044542, 0.490452, -0.125006, -0.420703, -0.450451, 0.787466, -0.002831, 0.256, -0.891689, -0.373302, -1.2e-05, 0.0, 0.0, 0.0, 1.0],
                [0.86751, 0.062296, 0.493504, -0.125006, -0.413495, -0.461164, 0.785079, -0.002831, 0.276494, -0.885124, -0.374306, -1.2e-05, 0.0, 0.0, 0.0, 1.0],
                [0.866192, 0.076068, 0.493888, -0.125006, -0.405777, -0.469755, 0.784012, -0.002831, 0.291645, -0.879513, -0.376032, -1.2e-05, 0.0, 0.0, 0.0, 1.0],
                [0.866775, 0.085324, 0.491346, -0.125006, -0.397068, -0.478027, 0.783471, -0.002831, 0.301726, -0.87419, -0.380463, -1.2e-05, 0.0, 0.0, 0.0, 1.0],
                [0.868237, 0.094461, 0.487074, -0.125006, -0.386817, -0.485901, 0.783756, -0.002831, 0.310704, -0.868894, -0.385338, -1.2e-05, 0.0, 0.0, 0.0, 1.0],
                [0.871965, 0.099012, 0.479451, -0.125006, -0.374349, -0.49628, 0.783307, -0.002831, 0.315499, -0.862498, -0.395674, -1.2e-05, 0.0, 0.0, 0.0, 1.0],
                [0.876623, 0.102098, 0.470222, -0.125006, -0.360181, -0.508759, 0.781942, -0.002831, 0.319064, -0.854833, -0.409217, -1.2e-05, 0.0, 0.0, 0.0, 1.0],
                [0.883508, 0.103117, 0.456927, -0.125006, -0.342766, -0.522527, 0.78069, -0.002831, 0.319259, -0.846363, -0.426312, -1.2e-05, 0.0, 0.0, 0.0, 1.0],
                [0.893719, 0.100258, 0.43728, -0.125006, -0.32038, -0.539669, 0.778533, -0.002831, 0.314041, -0.835886, -0.450193, -1.2e-05, 0.0, 0.0, 0.0, 1.0],
                [0.906069, 0.091693, 0.413076, -0.125006, -0.296548, -0.558755, 0.774501, -0.002831, 0.301824, -0.824248, -0.479079, -1.2e-05, 0.0, 0.0, 0.0, 1.0],
                [0.91864, 0.078614, 0.387194, -0.125006, -0.273403, -0.58098, 0.766625, -0.002831, 0.28522, -0.810112, -0.512218, -1.2e-05, 0.0, 0.0, 0.0, 1.0],
                [0.930378, 0.061809, 0.361353, -0.125006, -0.253211, -0.604445, 0.755335, -0.002831, 0.265104, -0.794245, -0.546712, -1.2e-05, 0.0, 0.0, 0.0, 1.0],
                [0.940653, 0.044619, 0.336423, -0.125006, -0.235118, -0.629177, 0.740847, -0.002831, 0.244726, -0.775979, -0.581348, -1.2e-05, 0.0, 0.0, 0.0, 1.0],
                [0.949489, 0.028135, 0.312538, -0.125006, -0.21868, -0.654981, 0.723311, -0.002831, 0.225057, -0.755121, -0.615745, -1.2e-05, 0.0, 0.0, 0.0, 1.0],
                [0.957803, 0.010494, 0.287234, -0.125006, -0.203159, -0.6822, 0.702374, -0.002831, 0.203322, -0.731089, -0.651282, -1.2e-05, 0.0, 0.0, 0.0, 1.0],
                [0.965439, -0.006517, 0.260547, -0.125006, -0.188091, -0.70943, 0.679213, -0.002831, 0.180413, -0.704745, -0.686138, -1.2e-05, 0.0, 0.0, 0.0, 1.0],
                [0.972083, -0.02275, 0.233533, -0.125006, -0.174176, -0.736854, 0.653229, -0.002831, 0.157219, -0.675669, -0.720246, -1.2e-05, 0.0, 0.0, 0.0, 1.0],
                [0.977755, -0.039139, 0.206066, -0.125006, -0.162068, -0.764624, 0.623766, -0.002831, 0.13315, -0.643287, -0.753958, -1.2e-05, 0.0, 0.0, 0.0, 1.0],
                [0.982322, -0.054862, 0.178981, -0.125006, -0.15203, -0.791662, 0.591741, -0.002831, 0.109229, -0.608491, -0.786008, -1.2e-05, 0.0, 0.0, 0.0, 1.0],
                [0.985885, -0.069184, 0.152462, -0.125006, -0.143699, -0.816962, 0.558501, -0.002831, 0.085917, -0.572526, -0.815372, -1.2e-05, 0.0, 0.0, 0.0, 1.0],
                [0.98855, -0.081731, 0.126842, -0.125006, -0.136706, -0.84095, 0.523558, -0.002831, 0.063877, -0.534903, -0.842495, -1.2e-05, 0.0, 0.0, 0.0, 1.0],
                [0.99047, -0.091976, 0.10252, -0.125006, -0.130684, -0.862639, 0.488646, -0.002831, 0.043494, -0.497386, -0.866438, -1.2e-05, 0.0, 0.0, 0.0, 1.0],
                [0.991602, -0.101612, 0.080012, -0.125006, -0.127034, -0.881342, 0.455081, -0.002831, 0.024276, -0.461422, -0.886848, -1.2e-05, 0.0, 0.0, 0.0, 1.0],
                [0.991948, -0.111563, 0.059951, -0.125006, -0.126475, -0.897459, 0.422574, -0.002831, 0.00666, -0.426753, -0.904343, -1.2e-05, 0.0, 0.0, 0.0, 1.0],
                [0.991764, -0.120765, 0.04267, -0.125006, -0.127787, -0.910396, 0.393508, -0.002831, -0.008675, -0.395719, -0.91833, -1.2e-05, 0.0, 0.0, 0.0, 1.0],
                [0.991075, -0.129946, 0.029762, -0.125006, -0.13178, -0.921244, 0.365981, -0.002831, -0.020139, -0.366636, -0.930146, -1.2e-05, 0.0, 0.0, 0.0, 1.0],
                [0.990406, -0.136927, 0.018608, -0.125006, -0.134874, -0.928572, 0.345779, -0.002831, -0.030068, -0.344972, -0.938131, -1.2e-05, 0.0, 0.0, 0.0, 1.0],
                [0.98934, -0.145075, 0.012641, -0.125006, -0.141168, -0.934133, 0.32782, -0.002831, -0.03575, -0.32611, -0.944655, -1.2e-05, 0.0, 0.0, 0.0, 1.0],
                [0.988112, -0.153426, 0.009878, -0.125006, -0.148788, -0.938101, 0.312772, -0.002831, -0.038721, -0.310523, -0.949777, -1.2e-05, 0.0, 0.0, 0.0, 1.0],
                [0.987031, -0.160347, 0.007725, -0.125006, -0.15516, -0.940551, 0.302141, -0.002831, -0.041181, -0.29942, -0.953232, -1.2e-05, 0.0, 0.0, 0.0, 1.0],
                [0.985731, -0.16809, 0.008896, -0.125006, -0.163269, -0.941931, 0.293443, -0.002831, -0.040945, -0.290708, -0.955935, -1.2e-05, 0.0, 0.0, 0.0, 1.0],
                [0.984366, -0.175851, 0.009957, -0.125006, -0.171371, -0.943169, 0.28472, -0.002831, -0.040678, -0.281975, -0.958559, -1.2e-05, 0.0, 0.0, 0.0, 1.0],
                [0.982936, -0.183626, 0.010905, -0.125006, -0.179463, -0.944262, 0.275974, -0.002831, -0.040379, -0.273222, -0.961103, -1.2e-05, 0.0, 0.0, 0.0, 1.0],
                [0.981969, -0.188742, 0.010784, -0.125006, -0.184715, -0.945743, 0.2673, -0.002831, -0.040252, -0.264471, -0.963553, -1.2e-05, 0.0, 0.0, 0.0, 1.0],
                [0.981612, -0.190666, 0.009283, -0.125006, -0.186486, -0.947437, 0.25997, -0.002831, -0.040772, -0.25692, -0.965572, -1.2e-05, 0.0, 0.0, 0.0, 1.0],
                [0.981025, -0.193672, 0.008999, -0.125006, -0.189576, -0.948483, 0.253853, -0.002831, -0.040629, -0.250742, -0.967201, -1.2e-05, 0.0, 0.0, 0.0, 1.0],
                [0.981126, -0.193051, 0.011104, -0.125006, -0.189541, -0.948741, 0.252913, -0.002831, -0.03829, -0.250243, -0.967425, -1.2e-05, 0.0, 0.0, 0.0, 1.0],
                [0.981238, -0.192219, 0.015054, -0.125006, -0.189657, -0.948201, 0.254838, -0.002831, -0.03471, -0.252911, -0.966867, -1.2e-05, 0.0, 0.0, 0.0, 1.0],
                [0.982044, -0.187551, 0.020385, -0.125006, -0.186386, -0.947836, 0.258584, -0.002831, -0.029176, -0.257739, -0.965774, -1.2e-05, 0.0, 0.0, 0.0, 1.0],
                [0.982785, -0.182794, 0.026859, -0.125006, -0.183343, -0.946954, 0.263937, -0.002831, -0.022812, -0.264317, -0.964166, -1.2e-05, 0.0, 0.0, 0.0, 1.0],
                [0.983469, -0.177993, 0.033266, -0.125006, -0.180324, -0.94601, 0.269345, -0.002831, -0.016471, -0.270891, -0.962469, -1.2e-05, 0.0, 0.0, 0.0, 1.0],
                [0.984099, -0.17315, 0.039605, -0.125006, -0.177331, -0.945004, 0.27481, -0.002831, -0.010156, -0.277463, -0.960682, -1.2e-05, 0.0, 0.0, 0.0, 1.0],
                [0.984674, -0.168265, 0.045873, -0.125006, -0.174363, -0.943935, 0.280327, -0.002831, -0.003868, -0.284029, -0.958808, -1.2e-05, 0.0, 0.0, 0.0, 1.0]
            ]
        },
        {
            "name": "Leg_L",
            "time": [0.0, 0.0333, 0.0667, 0.1, 0.1333, 0.1667, 0.2, 0.2333, 0.2667, 0.3, 0.3333, 0.3667, 0.4, 0.4333, 0.4667, 0.5, 0.5333, 0.5667, 0.6, 0.6333, 0.6667, 0.7, 0.7333, 0.7667, 0.8, 0.8333, 0.8667, 0.9, 0.9333, 0.9667, 1.0, 1.0333, 1.0667, 1.1, 1.1333, 1.1667, 1.2, 1.2333, 1.2667, 1.3, 1.3333, 1.3667, 1.4, 1.4333, 1.4667, 1.5, 1.5333, 1.5667, 1.6, 1.6333, 1.6667, 1.7, 1.7333, 1.7667, 1.8, 1.8333, 1.8667, 1.9, 1.9333, 1.9667, 2.0, 2.0333, 2.0667],
            "transform": [
                [0.999997, -0.001761, 0.00085, -0.0, 0.000847, 0.781886, 0.623421, 0.37472, -0.001762, -0.623419, 0.781886, -0.0, 0.0, 0.0, 0.0, 1.0],
                [0.999998, -0.001755, 0.000862, -0.0, 0.00086, 0.790917, 0.611923, 0.37472, -0.001755, -0.611921, 0.790916, -0.0, 0.0, 0.0, 0.0, 1.0],
                [0.999998, -0.00175, 0.000871, 0.0, 0.000869, 0.797124, 0.603815, 0.37472, -0.001751, -0.603813, 0.797124, -0.0, 0.0, 0.0, 0.0, 1.0],
                [0.999998, -0.001734, 0.000904, -0.0, 0.000902, 0.819364, 0.573274, 0.37472, -0.001735, -0.573272, 0.819363, 0.0, 0.0, 0.0, 0.0, 1.0],
                [0.999998, -0.001728, 0.000915, 0.0, 0.000913, 0.826354, 0.563151, 0.37472, -0.001729, -0.56315, 0.826354, -0.0, 0.0, 0.0, 0.0, 1.0],
                [0.999998, -0.001868, 0.000578, -0.0, 0.000577, 0.564411, 0.825494, 0.37472, -0.001868, -0.825492, 0.564411, 0.0, 0.0, 0.0, 0.0, 1.0],
                [0.999998, -0.001943, 0.000221, 0.0, 0.00022, 0.224186, 0.974547, 0.37472, -0.001943, -0.974544, 0.224186, 0.0, 0.0, 0.0, 0.0, 1.0],
                [0.999999, -0.001951, 0.000129, -0.0, 0.000128, 0.131194, 0.991357, 0.37472, -0.001951, -0.991354, 0.131195, 0.0, 0.0, 0.0, 0.0, 1.0],
                [0.999998, -0.001953, 0.000111, 0.0, 0.000111, 0.112885, 0.993608, 0.37472, -0.001953, -0.993606, 0.112885, -0.0, 0.0, 0.0, 0.0, 1.0],
                [0.999999, -0.001948, 0.000172, 0.0, 0.000171, 0.174891, 0.984588, 0.37472, -0.001948, -0.984584, 0.174891, -0.0, 0.0, 0.0, 0.0, 1.0],
                [0.999998, -0.001935, 0.000276, 0.0, 0.000274, 0.278285, 0.960499, 0.37472, -0.001936, -0.960496, 0.278286, 0.0, 0.0, 0.0, 0.0, 1.0],
                [0.999998, -0.001858, 0.000609, 0.0, 0.000607, 0.591071, 0.806619, 0.37472, -0.001858, -0.806617, 0.591071, 0.0, 0.0, 0.0, 0.0, 1.0],
                [0.999999, -0.001751, 0.00087, -0.0, 0.000868, 0.796242, 0.604977, 0.37472, -0.001752, -0.604975, 0.796242, -0.0, 0.0, 0.0, 0.0, 1.0],
                [0.999999, -0.001753, 0.000865, -0.0, 0.000862, 0.792699, 0.609612, 0.37472, -0.001754, -0.60961, 0.792699, -0.0, 0.0, 0.0, 0.0, 1.0],
                [0.999998, -0.001878, 0.000545, -0.0, 0.000544, 0.53491, 0.84491, 0.37472, -0.001879, -0.844907, 0.53491, 0.0, 0.0, 0.0, 0.0, 1.0],
                [0.999999, -0.001949, 0.000153, 0.0, 0.000152, 0.155609, 0.987819, 0.37472, -0.001948, -0.987815, 0.155609, -0.0, 0.0, 0.0, 0.0, 1.0],
                [0.999999, -0.001952, -9.7e-05, 0.0, -9.8e-05, -0.099955, 0.994992, 0.37472, -0.001952, -0.994989, -0.099955, 0.0, 0.0, 0.0, 0.0, 1.0],
                [0.999998, -0.001948, -0.000171, -0.0, -0.000173, -0.175246, 0.984525, 0.37472, -0.001948, -0.984523, -0.175246, 0.0, 0.0, 0.0, 0.0, 1.0],
                [0.999998, -0.001947, -0.00018, -0.0, -0.000181, -0.184095, 0.982909, 0.37472, -0.001947, -0.982906, -0.184095, 0.0, 0.0, 0.0, 0.0, 1.0],
                [0.999998, -0.001948, -0.00017, -0.0, -0.000171, -0.173471, 0.984839, 0.37472, -0.001948, -0.984837, -0.173471, 0.0, 0.0, 0.0, 0.0, 1.0],
                [0.999998, -0.001949, -0.000163, 0.0, -0.000164, -0.166785, 0.985994, 0.37472, -0.001948, -0.985991, -0.166785, -0.0, 0.0, 0.0, 0.0, 1.0],
                [0.999998, -0.001949, -0.000157, -0.0, -0.000157, -0.160093, 0.987103, 0.37472, -0.001949, -0.987099, -0.160093, -0.0, 0.0, 0.0, 0.0, 1.0],
                [0.999999, -0.00195, -0.000143, -0.0, -0.000143, -0.145659, 0.989335, 0.37472, -0.00195, -0.989332, -0.14566, 0.0, 0.0, 0.0, 0.0, 1.0],
                [0.999998, -0.001951, -0.000128, 0.0, -0.000129, -0.131195, 0.991357, 0.37472, -0.001951, -0.991354, -0.131195, -0.0, 0.0, 0.0, 0.0, 1.0],
                [0.999998, -0.001952, -0.000109, -0.0, -0.000109, -0.111043, 0.993816, 0.37472, -0.001952, -0.993813, -0.111044, 0.0, 0.0, 0.0, 0.0, 1.0],
                [0.999998, -0.001954, -8.5e-05, -0.0, -8.5e-05, -0.086931, 0.996215, 0.37472, -0.001953, -0.996212, -0.086931, -0.0, 0.0, 0.0, 0.0, 1.0],
                [0.999999, -0.001954, -5.6e-05, -0.0, -5.7e-05, -0.05776, 0.998331, 0.37472, -0.001954, -0.998327, -0.05776, -0.0, 0.0, 0.0, 0.0, 1.0],
                [1.0, -0.001955, -1.9e-05, -0.0, -1.9e-05, -0.019442, 0.999812, 0.37472, -0.001955, -0.999807, -0.019442, -0.0, 0.0, 0.0, 0.0, 1.0],
                [0.999998, -0.001955, 3.6e-05, -0.0, 3.6e-05, 0.03678, 0.999323, 0.37472, -0.001955, -0.999321, 0.03678, 0.0, 0.0, 0.0, 0.0, 1.0],
                [0.999999, -0.001953, 9.5e-05, -0.0, 9.4e-05, 0.096244, 0.995358, 0.37472, -0.001953, -0.995355, 0.096244, -0.0, 0.0, 0.0, 0.0, 1.0],
                [0.999998, -0.00195, 0.000157, -0.0, 0.000157, 0.159662, 0.987172, 0.37472, -0.00195, -0.98717, 0.159662, 0.0, 0.0, 0.0, 0.0, 1.0],
                [0.999999, -0.001943, 0.000216, 0.0, 0.000215, 0.219285, 0.975661, 0.37472, -0.001943, -0.975658, 0.219285, 0.0, 0.0, 0.0, 0.0, 1.0],
                [0.999999, -0.001937, 0.000266, 0.0, 0.000265, 0.269127, 0.963105, 0.37472, -0.001937, -0.963102, 0.269127, 0.0, 0.0, 0.0, 0.0, 1.0],
                [0.999999, -0.001932, 0.000305, -0.0, 0.000303, 0.307061, 0.95169, 0.37472, -0.001932, -0.951687, 0.307062, -0.0, 0.0, 0.0, 0.0, 1.0],
                [0.999999, -0.001926, 0.000343, 0.0, 0.000341, 0.344537, 0.938773, 0.37472, -0.001926, -0.93877, 0.344538, 0.0, 0.0, 0.0, 0.0, 1.0],
                [0.999999, -0.001918, 0.000381, -0.0, 0.000379, 0.381464, 0.924383, 0.37472, -0.001918, -0.924381, 0.381465, 0.0, 0.0, 0.0, 0.0, 1.0],
