{
    "animation": [
        {
            "name": "Root",
            "time": [0.0, 0.1667, 0.3333, 0.5, 0.6667, 0.8667, 1.0, 1.1333, 1.3333, 1.6667, 2.0, 2.3333, 2.6667, 2.8333],
            "transform": [
                [1.0, 0.0, 0.0, -5e-06, 0.0, 0.0, -1.0, 0.000946, 0.0, 1.0, 0.0, 0.656465, 0.0, 0.0, 0.0, 1.0],
                [1.0, 0.0, 0.0, -5e-06, 0.0, 0.0, -1.0, 0.924682, 0.0, 1.0, 0.0, 0.595737, 0.0, 0.0, 0.0, 1.0],
                [1.0, 0.0, 0.0, -5e-06, 0.0, 0.0, -1.0, 1.441335, 0.0, 1.0, 0.0, 0.482957, 0.0, 0.0, 0.0, 1.0],
                [1.0, 0.0, 0.0, -5e-06, 0.0, 0.0, -1.0, 2.177851, 0.0, 1.0, 0.0, 0.422229, 0.0, 0.0, 0.0, 1.0],
                [1.0, 0.0, 0.0, -5e-06, 0.0, 0.0, -1.0, 2.929832, 0.0, 1.0, 0.0, 0.553014, 0.0, 0.0, 0.0, 1.0],
                [1.0, 0.0, 0.0, -5e-06, 0.0, 0.0, -1.0, 3.223182, 0.0, 1.0, 0.0, 0.550212, 0.0, 0.0, 0.0, 1.0],
                [1.0, 0.0, 0.0, -5e-06, 0.0, 0.0, -1.0, 3.619919, 0.0, 1.0, 0.0, 0.501033, 0.0, 0.0, 0.0, 1.0],
                [1.0, 0.0, 0.0, -5e-06, 0.0, 0.0, -1.0, 4.21579, 0.0, 1.0, 0.0, 0.320376, 0.0, 0.0, 0.0, 1.0],
                [1.0, 0.0, 0.0, -5e-06, 0.0, 0.0, -1.0, 4.574619, 0.0, 1.0, 0.0, 0.355398, 0.0, 0.0, 0.0, 1.0],
                [1.0, 0.0, 0.0, -5e-06, 0.0, 0.0, -1.0, 4.574616, 0.0, 1.0, 0.0, 0.427861, 0.0, 0.0, 0.0, 1.0],
                [1.0, 0.0, 0.0, -5e-06, 0.0, 0.0, -1.0, 4.587219, 0.0, 1.0, 0.0, 0.524509, 0.0, 0.0, 0.0, 1.0],
                [1.0, 0.0, 0.0, -5e-06, 0.0, 0.0, -1.0, 4.85188, 0.0, 1.0, 0.0, 0.613675, 0.0, 0.0, 0.0, 1.0],
                [1.0, 0.0, 0.0, -5e-06, 0.0, 0.0, -1.0, 4.937017, 0.0, 1.0, 0.0, 0.61721, 0.0, 0.0, 0.0, 1.0],
                [1.0, 0.0, 0.0, -5e-06, 0.0, 0.0, -1.0, 4.937017, 0.0, 1.0, 0.0, 0.61721, 0.0, 0.0, 0.0, 1.0]
            ]
        },
        {
            "name": "Thigh_R",
            "time": [0.0, 0.0333, 0.0667, 0.1, 0.1333, 0.1667, 0.2, 0.2333, 0.2667, 0.3, 0.3333, 0.3667, 0.4, 0.4333, 0.4667, 0.5, 0.5333, 0.5667, 0.6, 0.6333, 0.6667, 0.7, 0.7333, 0.7667, 0.8, 0.8333, 0.8667, 0.9, 0.9333, 0.9667, 1.0, 1.0333, 1.0667, 1.1, 1.1333, 1.1667, 1.2, 1.2333, 1.2667, 1.3, 1.3333, 1.3667, 1.4, 1.4333, 1.4667, 1.5, 1.5333, 1.5667, 1.6, 1.6333, 1.6667, 1.7, 1.7333, 1.7667, 1.8, 1.8333, 1.8667, 1.9, 1.9333, 1.9667, 2.0, 2.0333, 2.0667, 2.1, 2.1333, 2.1667, 2.2, 2.2333, 2.2667, 2.3, 2.3333, 2.3667, 2.4, 2.4333, 2.4667, 2.5, 2.5333, 2.5667, 2.6, 2.6333, 2.6667, 2.7, 2.7333, 2.7667, 2.8, 2.8333],
            "transform": [
                [0.985675, 0.123366, 0.114999, 0.124994, 0.011695, -0.73022, 0.683111, -0.002831, 0.168247, -0.671981, -0.721203, -1.2e-05, 0.0, 0.0, 0.0, 1.0],
                [0.98941, 0.119143, 0.082894, 0.124994, 0.034453, -0.74758, 0.663278, -0.002831, 0.140995, -0.653399, -0.743768, -1.2e-05, 0.0, 0.0, 0.0, 1.0],
                [0.994391, 0.08682, 0.060404, 0.124994, 0.042974, -0.853502, 0.519314, -0.002831, 0.096642, -0.513805, -0.852446, -1.2e-05, 0.0, 0.0, 0.0, 1.0],
                [0.998233, 0.044493, 0.039381, 0.124994, 0.032065, -0.96137, 0.273386, -0.002831, 0.050024, -0.271639, -0.961098, -1.2e-05, 0.0, 0.0, 0.0, 1.0],
                [0.999846, 0.009348, 0.014853, 0.124994, 0.01016, -0.998404, -0.055547, -0.002831, 0.01431, 0.05569, -0.998345, -1.2e-05, 0.0, 0.0, 0.0, 1.0],
                [0.999639, 0.022703, -0.014406, 0.124994, 0.018356, -0.967729, -0.251319, -0.002831, -0.019647, 0.250964, -0.967797, -1.2e-05, 0.0, 0.0, 0.0, 1.0],
                [0.997314, 0.058551, -0.044016, 0.124994, 0.032956, -0.895301, -0.444239, -0.002831, -0.065418, 0.441595, -0.894826, -1.2e-05, 0.0, 0.0, 0.0, 1.0],
                [0.990657, 0.087413, -0.104683, 0.124994, 0.019937, -0.852157, -0.522905, -0.002831, -0.134915, 0.515933, -0.845938, -1.2e-05, 0.0, 0.0, 0.0, 1.0],
                [0.950111, 0.053188, -0.307343, 0.124994, -0.109944, -0.865001, -0.489576, -0.002831, -0.291892, 0.498942, -0.816, -1.2e-05, 0.0, 0.0, 0.0, 1.0],
                [0.861636, -0.042203, -0.50577, 0.124994, -0.25714, -0.895464, -0.363348, -0.002831, -0.437565, 0.443127, -0.782417, -1.2e-05, 0.0, 0.0, 0.0, 1.0],
                [0.77692, -0.178661, -0.603718, 0.124994, -0.231419, -0.972803, -0.009925, -0.002831, -0.585526, 0.147424, -0.797136, -1.2e-05, 0.0, 0.0, 0.0, 1.0],
                [0.61588, -0.37568, -0.6925, 0.124994, 0.014988, -0.873239, 0.48706, -0.002831, -0.787698, -0.310349, -0.53218, -1.2e-05, 0.0, 0.0, 0.0, 1.0],
                [0.484995, -0.502211, -0.715936, 0.124994, 0.350018, -0.638757, 0.685183, -0.002831, -0.801416, -0.582901, -0.134011, -1.2e-05, 0.0, 0.0, 0.0, 1.0],
                [0.500389, -0.476864, -0.722642, 0.124994, 0.542018, -0.478324, 0.690957, -0.002831, -0.67515, -0.737433, 0.01912, -1.2e-05, 0.0, 0.0, 0.0, 1.0],
                [0.598253, -0.362505, -0.714621, 0.124994, 0.584159, -0.413153, 0.698615, -0.002831, -0.5485, -0.835401, -0.03541, -1.2e-05, 0.0, 0.0, 0.0, 1.0],
                [0.688378, -0.257789, -0.677998, 0.124994, 0.535693, -0.449527, 0.714813, -0.002831, -0.489051, -0.85526, -0.171349, -1.2e-05, 0.0, 0.0, 0.0, 1.0],
                [0.774414, -0.211045, -0.596442, 0.124994, 0.406627, -0.556208, 0.724767, -0.002831, -0.484704, -0.8038, -0.344919, -1.2e-05, 0.0, 0.0, 0.0, 1.0],
                [0.889477, -0.092929, -0.447432, 0.124994, 0.228267, -0.757857, 0.611185, -0.002831, -0.395886, -0.645769, -0.652883, -1.2e-05, 0.0, 0.0, 0.0, 1.0],
                [0.974697, 0.142735, -0.172031, 0.124994, 0.198545, -0.906387, 0.372883, -0.002831, -0.102703, -0.397602, -0.911792, -1.2e-05, 0.0, 0.0, 0.0, 1.0],
                [0.906791, 0.366182, 0.208903, 0.124994, 0.331589, -0.92551, 0.182975, -0.002831, 0.260343, -0.09665, -0.960667, -1.2e-05, 0.0, 0.0, 0.0, 1.0],
                [0.50509, 0.476234, 0.719782, 0.124994, 0.427328, -0.862574, 0.270843, -0.002831, 0.74985, 0.170783, -0.639186, -1.2e-05, 0.0, 0.0, 0.0, 1.0],
                [0.245216, 0.500503, 0.83028, 0.124994, 0.561121, -0.771668, 0.29945, -0.002831, 0.790578, 0.392458, -0.470068, -1.2e-05, 0.0, 0.0, 0.0, 1.0],
                [0.119809, 0.361603, 0.924602, 0.124994, 0.656565, -0.727431, 0.199415, -0.00283, 0.744693, 0.58317, -0.324569, -1.2e-05, 0.0, 0.0, 0.0, 1.0],
                [-0.066019, 0.223353, 0.972499, 0.124994, 0.649434, -0.73032, 0.21182, -0.002831, 0.757547, 0.645559, -0.096838, -1.2e-05, 0.0, 0.0, 0.0, 1.0],
                [-0.52725, 0.511684, 0.678371, 0.124994, 0.372101, -0.578694, 0.725709, -0.002831, 0.763904, 0.635052, 0.114718, -1.2e-05, 0.0, 0.0, 0.0, 1.0],
                [-0.903811, 0.121655, 0.410273, 0.124994, 0.182657, -0.75734, 0.626955, -0.002831, 0.386988, 0.64159, 0.662271, -1.2e-05, 0.0, 0.0, 0.0, 1.0],
                [-0.984334, -0.17461, -0.024439, 0.124994, 0.137562, -0.847289, 0.513008, -0.002831, -0.110283, 0.50161, 0.858035, -1.2e-05, 0.0, 0.0, 0.0, 1.0],
                [-0.788347, -0.424981, -0.444861, 0.124994, 0.177611, -0.849501, 0.496791, -0.00283, -0.589037, 0.312632, 0.745183, -1.2e-05, 0.0, 0.0, 0.0, 1.0],
                [-0.400922, -0.456123, -0.79449, 0.124994, 0.209207, -0.889909, 0.405332, -0.002831, -0.891906, -0.003706, 0.452208, -1.2e-05, 0.0, 0.0, 0.0, 1.0],
                [0.089432, -0.442454, -0.892321, 0.124994, 0.347326, -0.825816, 0.444289, -0.002831, -0.933471, -0.34966, 0.079821, -1.2e-05, 0.0, 0.0, 0.0, 1.0],
                [0.445916, -0.356145, -0.821169, 0.124994, 0.43351, -0.716715, 0.54625, -0.002831, -0.783088, -0.599567, -0.165203, -1.2e-05, 0.0, 0.0, 0.0, 1.0],
                [0.307056, -0.437822, -0.845002, 0.124994, 0.465115, -0.705597, 0.534604, -0.002831, -0.830291, -0.557177, -0.013021, -1.3e-05, 0.0, 0.0, 0.0, 1.0],
                [0.930046, 0.092313, -0.355659, 0.124994, 0.357136, -0.454758, 0.815873, -0.002831, -0.086424, -0.885818, -0.455914, -1.2e-05, 0.0, 0.0, 0.0, 1.0],
                [0.94389, 0.081447, -0.320062, 0.124994, 0.329432, -0.30089, 0.894952, -0.002831, -0.023413, -0.950174, -0.310839, -1.2e-05, 0.0, 0.0, 0.0, 1.0],
                [0.971347, 0.033059, -0.235355, 0.124994, 0.237453, -0.176853, 0.955164, -0.002831, -0.010047, -0.983682, -0.179636, -1.2e-05, 0.0, 0.0, 0.0, 1.0],
                [0.976834, 0.213271, -0.0176, 0.124994, 0.037884, -0.091396, 0.995094, -0.002831, 0.210616, -0.972708, -0.097359, -1.2e-05, 0.0, 0.0, 0.0, 1.0],
                [0.978226, 0.20541, 0.029661, 0.124994, -0.011561, -0.08876, 0.995986, -0.002831, 0.207218, -0.974643, -0.084453, -1.2e-05, 0.0, 0.0, 0.0, 1.0],
                [0.977145, 0.210058, 0.03262, 0.124994, -0.008927, -0.112764, 0.993582, -0.002831, 0.212388, -0.971164, -0.108312, -1.2e-05, 0.0, 0.0, 0.0, 1.0],
                [0.975594, 0.217088, 0.032998, 0.124994, -0.000612, -0.147586, 0.989049, -0.002831, 0.219581, -0.96493, -0.143851, -1.1e-05, 0.0, 0.0, 0.0, 1.0],
                [0.973462, 0.226653, 0.031617, 0.124994, 0.011908, -0.188135, 0.982071, -0.002831, 0.228538, -0.955632, -0.185842, -1.2e-05, 0.0, 0.0, 0.0, 1.0],
                [0.971183, 0.236619, 0.028531, 0.124994, 0.026974, -0.228067, 0.973272, -0.002831, 0.236802, -0.944456, -0.227878, -1.1e-05, 0.0, 0.0, 0.0, 1.0],
                [0.969994, 0.241429, 0.02869, 0.124994, 0.036247, -0.260285, 0.964851, -0.002831, 0.240411, -0.93486, -0.261227, -1.2e-05, 0.0, 0.0, 0.0, 1.0],
                [0.969454, 0.243508, 0.029381, 0.124994, 0.042061, -0.283062, 0.958179, -0.002831, 0.241641, -0.927674, -0.284658, -1.1e-05, 0.0, 0.0, 0.0, 1.0],
                [0.969284, 0.24381, 0.032344, 0.124994, 0.044103, -0.301676, 0.95239, -0.002831, 0.241959, -0.921709, -0.303163, -1e-05, 0.0, 0.0, 0.0, 1.0],
                [0.969402, 0.243166, 0.033613, 0.124994, 0.046532, -0.31647, 0.94746, -0.002831, 0.241028, -0.916906, -0.318102, -1.1e-05, 0.0, 0.0, 0.0, 1.0],
                [0.969769, 0.241525, 0.034824, 0.124994, 0.048008, -0.328752, 0.943196, -0.002831, 0.239254, -0.91301, -0.330409, -1.1e-05, 0.0, 0.0, 0.0, 1.0],
                [0.970442, 0.238664, 0.035781, 0.124994, 0.048568, -0.338375, 0.939757, -0.002831, 0.236393, -0.910243, -0.339965, -1.2e-05, 0.0, 0.0, 0.0, 1.0],
                [0.971328, 0.235068, 0.035572, 0.124994, 0.049795, -0.347456, 0.936373, -0.002831, 0.232471, -0.907753, -0.349199, -1.1e-05, 0.0, 0.0, 0.0, 1.0],
                [0.972196, 0.231558, 0.034862, 0.124994, 0.051436, -0.356406, 0.932914, -0.002831, 0.228449, -0.905182, -0.358407, -1.2e-05, 0.0, 0.0, 0.0, 1.0],
                [0.973288, 0.227086, 0.033782, 0.124994, 0.053602, -0.367842, 0.928342, -0.002831, 0.22324, -0.901735, -0.370189, -1.1e-05, 0.0, 0.0, 0.0, 1.0],
                [0.974208, 0.22332, 0.03234, 0.124994, 0.055886, -0.37764, 0.924264, -0.002831, 0.218619, -0.898619, -0.380381, -1.2e-05, 0.0, 0.0, 0.0, 1.0],
                [0.975615, 0.217459, 0.029795, 0.124994, 0.059534, -0.39283, 0.917682, -0.002831, 0.211263, -0.893529, -0.396198, -1.2e-05, 0.0, 0.0, 0.0, 1.0],
                [0.977198, 0.210708, 0.026188, 0.124994, 0.063484, -0.407634, 0.910936, -0.002831, 0.202617, -0.888502, -0.411717, -1.1e-05, 0.0, 0.0, 0.0, 1.0],
                [0.978804, 0.203524, 0.022798, 0.124994, 0.067181, -0.424249, 0.90305, -0.002831, 0.193465, -0.882378, -0.42893, -1.1e-05, 0.0, 0.0, 0.0, 1.0],
                [0.980617, 0.195182, 0.017202, 0.124994, 0.071798, -0.439628, 0.895305, -0.002831, 0.18231, -0.876715, -0.445121, -1.2e-05, 0.0, 0.0, 0.0, 1.0],
                [0.982068, 0.188078, 0.013048, 0.124994, 0.07598, -0.458171, 0.88561, -0.002831, 0.172541, -0.868738, -0.464246, -1.1e-05, 0.0, 0.0, 0.0, 1.0],
                [0.983297, 0.181834, 0.007997, 0.124994, 0.080983, -0.476431, 0.875474, -0.002831, 0.163001, -0.860203, -0.483199, -1.1e-05, 0.0, 0.0, 0.0, 1.0],
                [0.984057, 0.177764, 0.005494, 0.124994, 0.084842, -0.496364, 0.863959, -0.002831, 0.156308, -0.84972, -0.503533, -1.1e-05, 0.0, 0.0, 0.0, 1.0],
                [0.984744, 0.17386, 0.007198, 0.124994, 0.085222, -0.517936, 0.851163, -0.002831, 0.151711, -0.837564, -0.524851, -1.2e-05, 0.0, 0.0, 0.0, 1.0],
                [0.984926, 0.172251, 0.015812, 0.124994, 0.082049, -0.545702, 0.833953, -0.002831, 0.152278, -0.820085, -0.551609, -1.1e-05, 0.0, 0.0, 0.0, 1.0],
                [0.984609, 0.171822, 0.031961, 0.124994, 0.0765, -0.588138, 0.805135, -0.002831, 0.157138, -0.790298, -0.59223, -1.2e-05, 0.0, 0.0, 0.0, 1.0],
                [0.983603, 0.17217, 0.053698, 0.124994, 0.071566, -0.645908, 0.760053, -0.002831, 0.165542, -0.743747, -0.647638, -1.1e-05, 0.0, 0.0, 0.0, 1.0],
                [0.982465, 0.170876, 0.074598, 0.124994, 0.070072, -0.709158, 0.701558, -0.002831, 0.172781, -0.684028, -0.708697, -1.1e-05, 0.0, 0.0, 0.0, 1.0],
                [0.981023, 0.17205, 0.089404, 0.124994, 0.075994, -0.765394, 0.639059, -0.002831, 0.178379, -0.620137, -0.763944, -1.1e-05, 0.0, 0.0, 0.0, 1.0],
                [0.979754, 0.174248, 0.09859, 0.124994, 0.08686, -0.813639, 0.574845, -0.002831, 0.180383, -0.554643, -0.812301, -1.1e-05, 0.0, 0.0, 0.0, 1.0],
                [0.978139, 0.179612, 0.104803, 0.124994, 0.104098, -0.859198, 0.500941, -0.002831, 0.180022, -0.479079, -0.859113, -1.1e-05, 0.0, 0.0, 0.0, 1.0],
                [0.976796, 0.183004, 0.111259, 0.124994, 0.120194, -0.898377, 0.422459, -0.002831, 0.177264, -0.399284, -0.899527, -1.1e-05, 0.0, 0.0, 0.0, 1.0],
                [0.974655, 0.187515, 0.122011, 0.124994, 0.135223, -0.928274, 0.346441, -0.002831, 0.178222, -0.321161, -0.930103, -1.2e-05, 0.0, 0.0, 0.0, 1.0],
                [0.971478, 0.192608, 0.138322, 0.124994, 0.147189, -0.947131, 0.285092, -0.002831, 0.18592, -0.256601, -0.948467, -1.2e-05, 0.0, 0.0, 0.0, 1.0],
                [0.967155, 0.198659, 0.158573, 0.124994, 0.154441, -0.954754, 0.254152, -0.00283, 0.201888, -0.221314, -0.954076, -1.3e-05, 0.0, 0.0, 0.0, 1.0],
                [0.960907, 0.210036, 0.180392, 0.124994, 0.160026, -0.953016, 0.257203, -0.002831, 0.225938, -0.21828, -0.949371, -1.2e-05, 0.0, 0.0, 0.0, 1.0],
                [0.952636, 0.224999, 0.204596, 0.124994, 0.165048, -0.947582, 0.273583, -0.002831, 0.255427, -0.226857, -0.939837, -1.1e-05, 0.0, 0.0, 0.0, 1.0],
                [0.942953, 0.240424, 0.230298, 0.124994, 0.171393, -0.943588, 0.283311, -0.002831, 0.285421, -0.227677, -0.930966, -1.2e-05, 0.0, 0.0, 0.0, 1.0],
                [0.930453, 0.255763, 0.26238, 0.124994, 0.182125, -0.944178, 0.274516, -0.002831, 0.317944, -0.207638, -0.925093, -1.2e-05, 0.0, 0.0, 0.0, 1.0],
                [0.914908, 0.266281, 0.303379, 0.124994, 0.196605, -0.950345, 0.241228, -0.002831, 0.352549, -0.161055, -0.92183, -1.2e-05, 0.0, 0.0, 0.0, 1.0],
                [0.894384, 0.275029, 0.352754, 0.124994, 0.216803, -0.95635, 0.195941, -0.002831, 0.391245, -0.098768, -0.914971, -1.2e-05, 0.0, 0.0, 0.0, 1.0],
                [0.87438, 0.277868, 0.397805, 0.124994, 0.23409, -0.959652, 0.155787, -0.002831, 0.425042, -0.043095, -0.904147, -1.2e-05, 0.0, 0.0, 0.0, 1.0],
                [0.859785, 0.271536, 0.43248, 0.124994, 0.24466, -0.962418, 0.117869, -0.002831, 0.448232, 0.004469, -0.893906, -1.1e-05, 0.0, 0.0, 0.0, 1.0],
                [0.854309, 0.267314, 0.445757, 0.124994, 0.242341, -0.963545, 0.11337, -0.002831, 0.459812, 0.011172, -0.887946, -1.2e-05, 0.0, 0.0, 0.0, 1.0],
                [0.853598, 0.266515, 0.447595, 0.124994, 0.241241, -0.963769, 0.1138, -0.002831, 0.461708, 0.010839, -0.886966, -1.1e-05, 0.0, 0.0, 0.0, 1.0],
                [0.855139, 0.267423, 0.444098, 0.124994, 0.240866, -0.96355, 0.11642, -0.002831, 0.459044, 0.007413, -0.888382, -1.2e-05, 0.0, 0.0, 0.0, 1.0],
                [0.855493, 0.267693, 0.443253, 0.124994, 0.239164, -0.963499, 0.12029, -0.002831, 0.459274, 0.003103, -0.888289, -1.2e-05, 0.0, 0.0, 0.0, 1.0],
                [0.855843, 0.267995, 0.442393, 0.124994, 0.237496, -0.963419, 0.124171, -0.002831, 0.459488, -0.001204, -0.888183, -1.2e-05, 0.0, 0.0, 0.0, 1.0],
                [0.858035, 0.266856, 0.43882, 0.124994, 0.234436, -0.963714, 0.127657, -0.002831, 0.456962, -0.006658, -0.889461, -1.2e-05, 0.0, 0.0, 0.0, 1.0],
                [0.860208, 0.26577, 0.435212, 0.124994, 0.231455, -0.96396, 0.131185, -0.002831, 0.454392, -0.012114, -0.890719, -1.2e-05, 0.0, 0.0, 0.0, 1.0],
                [0.862359, 0.264738, 0.431569, 0.124994, 0.228554, -0.96416, 0.134752, -0.002831, 0.451776, -0.017568, -0.891958, -1.2e-05, 0.0, 0.0, 0.0, 1.0]
            ]
        },
        {
            "name": "Leg_R",
            "time": [0.0, 0.0333, 0.0667, 0.1, 0.1333, 0.1667, 0.2, 0.2333, 0.2667, 0.3, 0.3333, 0.3667, 0.4, 0.4333, 0.4667, 0.5, 0.5333, 0.5667, 0.6, 0.6333, 0.6667, 0.7, 0.7333, 0.7667, 0.8, 0.8333, 0.8667, 0.9, 0.9333, 0.9667, 1.0, 1.0333, 1.0667, 1.1, 1.1333, 1.1667, 1.2, 1.2333, 1.2667, 1.3, 1.3333, 1.3667, 1.4, 1.4333, 1.4667, 1.5, 1.5333, 1.5667, 1.6, 1.6333, 1.6667, 1.7, 1.7333, 1.7667, 1.8, 1.8333, 1.8667, 1.9, 1.9333, 1.9667, 2.0, 2.0333, 2.0667, 2.1, 2.1333, 2.1667, 2.2, 2.2333, 2.2667, 2.3, 2.3333, 2.3667, 2.4, 2.4333, 2.4667, 2.5, 2.5333, 2.5667, 2.6, 2.6333, 2.6667, 2.7, 2.7333, 2.7667, 2.8, 2.8333],
            "transform": [
                [0.999998, -0.00178, 0.000808, -0.0, 0.000806, 0.752193, 0.658942, 0.37472, -0.001781, -0.65894, 0.752193, -0.0, 0.0, 0.0, 0.0, 1.0],
                [0.999998, -0.001901, 0.000458, -0.0, 0.000457, 0.455128, 0.890426, 0.37472, -0.001902, -0.890424, 0.455128, 0.0, 0.0, 0.0, 0.0, 1.0],
                [0.999999, -0.001928, 0.000329, -0.0, 0.000327, 0.33043, 0.943831, 0.37472, -0.001928, -0.943827, 0.330431, -0.0, 0.0, 0.0, 0.0, 1.0],
                [0.999998, -0.001921, 0.000365, 0.0, 0.000363, 0.365924, 0.930645, 0.37472, -0.001922, -0.930643, 0.365924, -0.0, 0.0, 0.0, 0.0, 1.0],
                [0.999998, -0.001874, 0.000559, -0.0, 0.000557, 0.546826, 0.837246, 0.37472, -0.001874, -0.837244, 0.546826, -0.0, 0.0, 0.0, 0.0, 1.0],
                [0.999997, -0.001855, 0.000621, 0.0, 0.000618, 0.601009, 0.799243, 0.37472, -0.001855, -0.799241, 0.601009, -0.0, 0.0, 0.0, 0.0, 1.0],
                [0.999998, -0.001816, 0.000725, 0.0, 0.000723, 0.687666, 0.726026, 0.37472, -0.001817, -0.726025, 0.687666, 0.0, 0.0, 0.0, 0.0, 1.0],
                [0.999998, -0.001819, 0.000717, -0.0, 0.000715, 0.681631, 0.731695, 0.37472, -0.00182, -0.731693, 0.681631, -0.0, 0.0, 0.0, 0.0, 1.0],
                [0.999998, -0.001916, 0.000391, 0.0, 0.00039, 0.391339, 0.920246, 0.37472, -0.001917, -0.920245, 0.391339, 0.0, 0.0, 0.0, 0.0, 1.0],
                [0.999999, -0.001955, -5.2e-05, -0.0, -5.2e-05, -0.053012, 0.998595, 0.37472, -0.001955, -0.998591, -0.053012, 0.0, 0.0, 0.0, 0.0, 1.0],
                [0.999998, -0.001894, -0.000486, -0.0, -0.000486, -0.481485, 0.876454, 0.37472, -0.001894, -0.876452, -0.481485, 0.0, 0.0, 0.0, 0.0, 1.0],
                [0.999998, -0.001815, -0.000729, -0.0, -0.000729, -0.692019, 0.721878, 0.37472, -0.001815, -0.721875, -0.69202, -0.0, 0.0, 0.0, 0.0, 1.0],
                [0.999998, -0.001837, -0.000672, 0.0, -0.000672, -0.645371, 0.763869, 0.37472, -0.001837, -0.763867, -0.645371, -0.0, 0.0, 0.0, 0.0, 1.0],
                [0.999998, -0.001894, -0.000489, 0.0, -0.00049, -0.484295, 0.874904, 0.37472, -0.001894, -0.874902, -0.484296, -0.0, 0.0, 0.0, 0.0, 1.0],
                [0.999998, -0.001945, -0.000208, -0.0, -0.000209, -0.212092, 0.97725, 0.37472, -0.001945, -0.977247, -0.212092, 0.0, 0.0, 0.0, 0.0, 1.0],
                [0.999999, -0.001955, -2e-06, -0.0, -4e-06, -0.002925, 0.999997, 0.37472, -0.001955, -0.999993, -0.002925, -0.0, 0.0, 0.0, 0.0, 1.0],
                [0.999998, -0.001954, -9.1e-05, 0.0, -9e-05, -0.092525, 0.99571, 0.37472, -0.001954, -0.995709, -0.092524, 0.0, 0.0, 0.0, 0.0, 1.0],
                [0.999998, -0.001947, -0.000185, -0.0, -0.000185, -0.188502, 0.982073, 0.37472, -0.001947, -0.982071, -0.188502, -0.0, 0.0, 0.0, 0.0, 1.0],
                [0.999999, -0.001954, -8.2e-05, -0.0, -8.3e-05, -0.084129, 0.996455, 0.37472, -0.001954, -0.996452, -0.084129, -0.0, 0.0, 0.0, 0.0, 1.0],
                [0.999998, -0.001947, 0.000188, -0.0, 0.000187, 0.19114, 0.981563, 0.37472, -0.001947, -0.981561, 0.19114, -0.0, 0.0, 0.0, 0.0, 1.0],
                [0.999998, -0.001918, 0.000379, 0.0, 0.000377, 0.379082, 0.925363, 0.37472, -0.001919, -0.925362, 0.379082, -0.0, 0.0, 0.0, 0.0, 1.0],
                [0.999999, -0.001859, 0.000607, 0.0, 0.000604, 0.58857, 0.808446, 0.37472, -0.00186, -0.808443, 0.588571, 0.0, 0.0, 0.0, 0.0, 1.0],
                [0.999998, -0.001654, 0.001043, 0.0, 0.001041, 0.901941, 0.431857, 0.37472, -0.001655, -0.431855, 0.901941, -0.0, 0.0, 0.0, 0.0, 1.0],
                [0.999998, -0.001443, 0.001319, -0.0, 0.001317, 0.995841, 0.091101, 0.37472, -0.001445, -0.091099, 0.995841, -0.0, 0.0, 0.0, 0.0, 1.0],
                [0.999999, -0.001929, 0.000325, 0.0, 0.000323, 0.326427, 0.945223, 0.37472, -0.001929, -0.945219, 0.326428, 0.0, 0.0, 0.0, 0.0, 1.0],
                [0.999998, -0.001954, 9.5e-05, -0.0, 9.4e-05, 0.096244, 0.995357, 0.37472, -0.001954, -0.995357, 0.096244, -0.0, 0.0, 0.0, 0.0, 1.0],
                [0.999998, -0.001945, 0.000202, 0.0, 0.0002, 0.204267, 0.978915, 0.37472, -0.001945, -0.978914, 0.204266, 0.0, 0.0, 0.0, 0.0, 1.0],
                [0.999999, -0.001934, 0.000285, 0.0, 0.000283, 0.287387, 0.957815, 0.37472, -0.001935, -0.957812, 0.287387, -0.0, 0.0, 0.0, 0.0, 1.0],
                [0.999999, -0.001908, 0.00043, 0.0, 0.000428, 0.428115, 0.903724, 0.37472, -0.001909, -0.903721, 0.428115, 0.0, 0.0, 0.0, 0.0, 1.0],
                [0.999999, -0.001895, 0.000486, -0.0, 0.000484, 0.480077, 0.877227, 0.37472, -0.001895, -0.877224, 0.480077, -0.0, 0.0, 0.0, 0.0, 1.0],
                [0.999998, -0.001908, 0.000432, -0.0, 0.000431, 0.43033, 0.902671, 0.37472, -0.001908, -0.90267, 0.43033, -0.0, 0.0, 0.0, 0.0, 1.0],
                [0.999997, -0.001955, -4.2e-05, 0.0, -4.2e-05, -0.043481, 0.999054, 0.37472, -0.001955, -0.999054, -0.043481, 0.0, 0.0, 0.0, 0.0, 1.0],
                [0.999998, -0.001945, -0.000212, -0.0, -0.000212, -0.215557, 0.976491, 0.37472, -0.001944, -0.976489, -0.215557, 0.0, 0.0, 0.0, 0.0, 1.0],
                [0.999998, -0.001896, -0.000481, 0.0, -0.00048, -0.476549, 0.879148, 0.37472, -0.001896, -0.879146, -0.476549, -0.0, 0.0, 0.0, 0.0, 1.0],
                [0.999998, -0.001874, -0.000557, 0.0, -0.000558, -0.546827, 0.837246, 0.37472, -0.001874, -0.837244, -0.546827, -0.0, 0.0, 0.0, 0.0, 1.0],
                [0.999999, -0.001893, -0.000491, 0.0, -0.000492, -0.486398, 0.873737, 0.37472, -0.001893, -0.873734, -0.486399, 0.0, 0.0, 0.0, 0.0, 1.0],
                [0.999999, -0.001936, -0.000281, 0.0, -0.000282, -0.284911, 0.958554, 0.37472, -0.001936, -0.958552, -0.284912, -0.0, 0.0, 0.0, 0.0, 1.0],
                [0.999999, -0.001949, -0.000164, 0.0, -0.000164, -0.167241, 0.985916, 0.37472, -0.001949, -0.985913, -0.167241, 0.0, 0.0, 0.0, 0.0, 1.0],
                [0.999999, -0.001956, -2.9e-05, -0.0, -2.9e-05, -0.030056, 0.999549, 0.374721, -0.001956, -0.999546, -0.030056, -0.0, 0.0, 0.0, 0.0, 1.0],
                [0.999999, -0.001953, 0.000114, -0.0, 0.000111, 0.114725, 0.993398, 0.37472, -0.001953, -0.993394, 0.114725, -0.0, 0.0, 0.0, 0.0, 1.0],
                [0.999998, -0.001942, 0.000234, 0.0, 0.000233, 0.237057, 0.971495, 0.37472, -0.001942, -0.971494, 0.237057, 0.0, 0.0, 0.0, 0.0, 1.0],
                [0.999998, -0.001929, 0.00032, 0.0, 0.000319, 0.322414, 0.946599, 0.37472, -0.001929, -0.946598, 0.322414, 0.0, 0.0, 0.0, 0.0, 1.0],
                [0.999998, -0.001919, 0.000376, -0.0, 0.000375, 0.37677, 0.926307, 0.37472, -0.00192, -0.926305, 0.37677, 0.0, 0.0, 0.0, 0.0, 1.0],
                [0.999999, -0.001911, 0.000418, -0.0, 0.000417, 0.417193, 0.908818, 0.374721, -0.001911, -0.908815, 0.417193, 0.0, 0.0, 0.0, 0.0, 1.0],
                [0.999998, -0.001904, 0.000448, 0.0, 0.000448, 0.445711, 0.895177, 0.37472, -0.001904, -0.895176, 0.445711, 0.0, 0.0, 0.0, 0.0, 1.0],
                [0.999998, -0.001899, 0.00047, 0.0, 0.000468, 0.465179, 0.885217, 0.374721, -0.001899, -0.885215, 0.465178, -0.0, 0.0, 0.0, 0.0, 1.0],
                [0.999998, -0.001895, 0.000483, -0.0, 0.000483, 0.478668, 0.877996, 0.37472, -0.001895, -0.877995, 0.478667, -0.0, 0.0, 0.0, 0.0, 1.0],
                [0.999998, -0.001892, 0.000495, -0.0, 0.000493, 0.488828, 0.87238, 0.374721, -0.001893, -0.872378, 0.488828, 0.0, 0.0, 0.0, 0.0, 1.0],
                [0.999999, -0.001889, 0.000506, 0.0, 0.000504, 0.498925, 0.866645, 0.37472, -0.00189, -0.866643, 0.498925, 0.0, 0.0, 0.0, 0.0, 1.0],
                [0.999998, -0.001885, 0.000519, 0.0, 0.000518, 0.511297, 0.859404, 0.37472, -0.001886, -0.859402, 0.511297, -0.0, 0.0, 0.0, 0.0, 1.0],
                [0.999997, -0.00188, 0.00054, 0.0, 0.000539, 0.530234, 0.847851, 0.37472, -0.00188, -0.84785, 0.530234, 0.0, 0.0, 0.0, 0.0, 1.0],
                [0.999999, -0.001871, 0.000569, -0.0, 0.000568, 0.555988, 0.83119, 0.374721, -0.001871, -0.831187, 0.555988, 0.0, 0.0, 0.0, 0.0, 1.0],
                [0.999999, -0.00186, 0.000603, -0.0, 0.000603, 0.586688, 0.809812, 0.37472, -0.00186, -0.80981, 0.586689, 0.0, 0.0, 0.0, 0.0, 1.0],
                [0.999999, -0.001848, 0.000642, -0.0, 0.000641, 0.619748, 0.7848, 0.37472, -0.001848, -0.784798, 0.619748, -0.0, 0.0, 0.0, 0.0, 1.0],
                [0.999998, -0.001833, 0.00068, 0.0, 0.000679, 0.651742, 0.75844, 0.37472, -0.001833, -0.758438, 0.651743, 0.0, 0.0, 0.0, 0.0, 1.0],
                [0.999998, -0.001821, 0.000715, 0.0, 0.000713, 0.679975, 0.733235, 0.37472, -0.001821, -0.733233, 0.679975, -0.0, 0.0, 0.0, 0.0, 1.0],
                [0.999998, -0.001809, 0.000742, -0.0, 0.00074, 0.701168, 0.712996, 0.37472, -0.00181, -0.712994, 0.701168, -0.0, 0.0, 0.0, 0.0, 1.0],
                [0.999998, -0.001803, 0.000756, -0.0, 0.000755, 0.712803, 0.701364, 0.37472, -0.001804, -0.701362, 0.712803, -0.0, 0.0, 0.0, 0.0, 1.0],
                [0.999999, -0.001803, 0.000756, -0.0, 0.000754, 0.712279, 0.701896, 0.37472, -0.001804, -0.701893, 0.71228, 0.0, 0.0, 0.0, 0.0, 1.0],
                [0.999998, -0.001813, 0.000731, -0.0, 0.00073, 0.693103, 0.720838, 0.37472, -0.001814, -0.720836, 0.693103, -0.0, 0.0, 0.0, 0.0, 1.0],
                [0.999998, -0.001828, 0.000695, -0.0, 0.000693, 0.663745, 0.747958, 0.37472, -0.001829, -0.747957, 0.663745, 0.0, 0.0, 0.0, 0.0, 1.0],
                [0.999998, -0.001837, 0.000671, -0.0, 0.00067, 0.644208, 0.76485, 0.37472, -0.001837, -0.764848, 0.644208, -0.0, 0.0, 0.0, 0.0, 1.0],
                [0.999999, -0.001837, 0.000671, -0.0, 0.000669, 0.643622, 0.765343, 0.37472, -0.001838, -0.76534, 0.643623, -0.0, 0.0, 0.0, 0.0, 1.0],
                [0.999999, -0.00183, 0.000688, 0.0, 0.000686, 0.658056, 0.752969, 0.37472, -0.001831, -0.752966, 0.658057, -0.0, 0.0, 0.0, 0.0, 1.0],
                [0.999998, -0.00182, 0.000716, -0.0, 0.000714, 0.680527, 0.732722, 0.37472, -0.00182, -0.73272, 0.680527, 0.0, 0.0, 0.0, 0.0, 1.0],
                [0.999999, -0.001803, 0.000756, 0.0, 0.000754, 0.712279, 0.701896, 0.37472, -0.001804, -0.701893, 0.712279, -0.0, 0.0, 0.0, 0.0, 1.0],
                [0.999998, -0.001782, 0.000806, 0.0, 0.000804, 0.750243, 0.661162, 0.37472, -0.001782, -0.66116, 0.750243, -0.0, 0.0, 0.0, 0.0, 1.0],
                [0.999999, -0.001756, 0.00086, -0.0, 0.000858, 0.789126, 0.614231, 0.37472, -0.001757, -0.614228, 0.789126, -0.0, 0.0, 0.0, 0.0, 1.0],
                [0.999998, -0.001733, 0.000905, 0.0, 0.000903, 0.819778, 0.57268, 0.37472, -0.001734, -0.572678, 0.819778, 0.0, 0.0, 0.0, 0.0, 1.0],
                [0.999997, -0.001728, 0.000914, -0.0, 0.000913, 0.826355, 0.56315, 0.37472, -0.001729, -0.563149, 0.826354, -0.0, 0.0, 0.0, 0.0, 1.0],
                [0.999998, -0.001744, 0.000884, -0.0, 0.000882, 0.805831, 0.592146, 0.37472, -0.001745, -0.592145, 0.80583, -0.0, 0.0, 0.0, 0.0, 1.0],
                [0.999998, -0.001766, 0.00084, -0.0, 0.000839, 0.775761, 0.631026, 0.37472, -0.001766, -0.631025, 0.775761, -0.0, 0.0, 0.0, 0.0, 1.0],
                [0.999998, -0.001777, 0.000815, 0.0, 0.000813, 0.757031, 0.653378, 0.37472, -0.001778, -0.653375, 0.757032, 0.0, 0.0, 0.0, 0.0, 1.0],
                [0.999998, -0.001776, 0.000818, 0.0, 0.000817, 0.759434, 0.650584, 0.37472, -0.001777, -0.650583, 0.759433, -0.0, 0.0, 0.0, 0.0, 1.0],
                [0.999998, -0.001751, 0.000869, -0.0, 0.000868, 0.795802, 0.605557, 0.37472, -0.001752, -0.605555, 0.795802, 0.0, 0.0, 0.0, 0.0, 1.0],
                [0.999997, -0.00171, 0.000948, 0.0, 0.000947, 0.848025, 0.529957, 0.37472, -0.00171, -0.529956, 0.848024, -0.0, 0.0, 0.0, 0.0, 1.0],
                [0.999998, -0.001665, 0.001026, -0.0, 0.001024, 0.892868, 0.450317, 0.37472, -0.001666, -0.450316, 0.892868, -0.0, 0.0, 0.0, 0.0, 1.0],
                [0.999998, -0.001619, 0.001096, -0.0, 0.001094, 0.928069, 0.372406, 0.37472, -0.00162, -0.372404, 0.928069, -0.0, 0.0, 0.0, 0.0, 1.0],
                [0.999998, -0.001611, 0.001108, 0.0, 0.001107, 0.933466, 0.358662, 0.37472, -0.001612, -0.35866, 0.933466, -0.0, 0.0, 0.0, 0.0, 1.0],
                [0.999998, -0.001612, 0.001107, 0.0, 0.001105, 0.932961, 0.359975, 0.37472, -0.001612, -0.359973, 0.932961, 0.0, 0.0, 0.0, 0.0, 1.0],
                [0.999999, -0.001616, 0.001101, 0.0, 0.001099, 0.930019, 0.367508, 0.37472, -0.001618, -0.367506, 0.930019, -0.0, 0.0, 0.0, 0.0, 1.0],
                [0.999998, -0.001621, 0.001094, 0.0, 0.001092, 0.927017, 0.375017, 0.37472, -0.001622, -0.375015, 0.927017, -0.0, 0.0, 0.0, 0.0, 1.0],
                [0.999998, -0.001624, 0.001088, -0.0, 0.001086, 0.92435, 0.381543, 0.37472, -0.001625, -0.381541, 0.924351, 0.0, 0.0, 0.0, 0.0, 1.0],
                [0.999998, -0.001628, 0.001082, -0.0, 0.001081, 0.921639, 0.388048, 0.37472, -0.001629, -0.388046, 0.921639, -1e-06, 0.0, 0.0, 0.0, 1.0],
                [0.999998, -0.001632, 0.001077, 0.0, 0.001075, 0.918881, 0.394534, 0.37472, -0.001633, -0.394532, 0.918881, 0.0, 0.0, 0.0, 0.0, 1.0],
                [0.999998, -0.001636, 0.001071, 0.0, 0.001069, 0.916077, 0.401, 0.37472, -0.001637, -0.400998, 0.916077, -0.0, 0.0, 0.0, 0.0, 1.0]
            ]
        },
        {
            "name": "Knee_R",
            "time": [0.0, 2.8333],
            "transform": [
                [1.0, 0.0, -0.0, -0.0, -0.0, 1e-06, -1.0, 0.37472, -0.0, 1.0, 1e-06, -0.0, 0.0, 0.0, 0.0, 1.0],
                [1.0, 0.0, -0.0, 0.0, -0.0, 1e-06, -1.0, 0.37472, -0.0, 1.0, 1e-06, -0.0, 0.0, 0.0, 0.0, 1.0]
            ]
        },
        {
            "name": "Thigh_L",
            "time": [0.0, 0.0333, 0.0667, 0.1, 0.1333, 0.1667, 0.2, 0.2333, 0.2667, 0.3, 0.3333, 0.3667, 0.4, 0.4333, 0.4667, 0.5, 0.5333, 0.5667, 0.6, 0.6333, 0.6667, 0.7, 0.7333, 0.7667, 0.8, 0.8333, 0.8667, 0.9, 0.9333, 0.9667, 1.0, 1.0333, 1.0667, 1.1, 1.1333, 1.1667, 1.2, 1.2333, 1.2667, 1.3, 1.3333, 1.3667, 1.4, 1.4333, 1.4667, 1.5, 1.5333, 1.5667, 1.6, 1.6333, 1.6667, 1.7, 1.7333, 1.7667, 1.8, 1.8333, 1.8667, 1.9, 1.9333, 1.9667, 2.0, 2.0333, 2.0667, 2.1, 2.1333, 2.1667, 2.2, 2.2333, 2.2667, 2.3, 2.3333, 2.3667, 2.4, 2.4333, 2.4667, 2.5, 2.5333, 2.5667, 2.6, 2.6333, 2.6667, 2.7, 2.7333, 2.7667, 2.8, 2.8333],
            "transform": [
                [0.98339, 0.070425, -0.167276, -0.125006, 0.026056, -0.966883, -0.253893, -0.002831, -0.179617, 0.245319, -0.952658, -1.2e-05, 0.0, 0.0, 0.0, 1.0],
                [0.991062, -0.004691, -0.133296, -0.125006, -0.014218, -0.997405, -0.07062, -0.002831, -0.132618, 0.071885, -0.988557, -1.2e-05, 0.0, 0.0, 0.0, 1.0],
                [0.991856, -0.09101, -0.089058, -0.125006, -0.083568, -0.99296, 0.08399, -0.002831, -0.096074, -0.075864, -0.992479, -1.2e-05, 0.0, 0.0, 0.0, 1.0],
                [0.983495, -0.176252, -0.040809, -0.125006, -0.159788, -0.952054, 0.260901, -0.002831, -0.084836, -0.250076, -0.964503, -1.2e-05, 0.0, 0.0, 0.0, 1.0],
                [0.971465, -0.236355, 0.019599, -0.125006, -0.214593, -0.840827, 0.496957, -0.002831, -0.100977, -0.486987, -0.867554, -1.2e-05, 0.0, 0.0, 0.0, 1.0],
                [0.962478, -0.260337, 0.076497, -0.125006, -0.204546, -0.510891, 0.834957, -0.002831, -0.178287, -0.819283, -0.544973, -1.2e-05, 0.0, 0.0, 0.0, 1.0],
                [0.948838, -0.31412, -0.032087, -0.125006, -0.006261, -0.120316, 0.992716, -0.002831, -0.315691, -0.941731, -0.116127, -1.2e-05, 0.0, 0.0, 0.0, 1.0],
                [0.902832, -0.199395, -0.380959, -0.125006, 0.166107, -0.655471, 0.736729, -0.002831, -0.396604, -0.728429, -0.558659, -1.2e-05, 0.0, 0.0, 0.0, 1.0],
                [0.820401, -0.383006, -0.424556, -0.125006, 0.234945, -0.451128, 0.860978, -0.002831, -0.521289, -0.806096, -0.280121, -1.2e-05, 0.0, 0.0, 0.0, 1.0],
                [0.751965, -0.513855, -0.412918, -0.125006, 0.248808, -0.358819, 0.899635, -0.002831, -0.610446, -0.779231, -0.141969, -1.2e-05, 0.0, 0.0, 0.0, 1.0],
                [0.721484, -0.615848, -0.316532, -0.125006, 0.17805, -0.276759, 0.9443, -0.002831, -0.669147, -0.737657, -0.090026, -1.2e-05, 0.0, 0.0, 0.0, 1.0],
                [0.685367, -0.667345, -0.291416, -0.125006, 0.067893, -0.339887, 0.938012, -0.002831, -0.725023, -0.662671, -0.18764, -1.2e-05, 0.0, 0.0, 0.0, 1.0],
                [0.628547, -0.696544, -0.346057, -0.125006, -0.089317, -0.506637, 0.857521, -0.002831, -0.772621, -0.508088, -0.380659, -1.2e-05, 0.0, 0.0, 0.0, 1.0],
                [0.54975, -0.696096, -0.461766, -0.125006, -0.209746, -0.65012, 0.73031, -0.002831, -0.808562, -0.304637, -0.503407, -1.2e-05, 0.0, 0.0, 0.0, 1.0],
                [0.464664, -0.665037, -0.58465, -0.125006, -0.308255, -0.74045, 0.597257, -0.002831, -0.830096, -0.097303, -0.549061, -1.2e-05, 0.0, 0.0, 0.0, 1.0],
                [0.460244, -0.581369, -0.670959, -0.125006, -0.441197, -0.805611, 0.395397, -0.002831, -0.7704, 0.114047, -0.627276, -1.2e-05, 0.0, 0.0, 0.0, 1.0],
                [0.640535, -0.423372, -0.640679, -0.125006, -0.483168, -0.870653, 0.092278, -0.002831, -0.596874, 0.25045, -0.762243, -1.2e-05, 0.0, 0.0, 0.0, 1.0],
                [0.865108, -0.166812, -0.473033, -0.125006, -0.369918, -0.849092, -0.377101, -0.002831, -0.338743, 0.501217, -0.796263, -1.2e-05, 0.0, 0.0, 0.0, 1.0],
                [0.972526, -0.048211, -0.227746, -0.125006, -0.195518, -0.700161, -0.686693, -0.002831, -0.126353, 0.712355, -0.690351, -1.2e-05, 0.0, 0.0, 0.0, 1.0],
                [0.988953, -0.110649, -0.098644, -0.125006, -0.148094, -0.708423, -0.690075, -0.002831, 0.006475, 0.697059, -0.716984, -1.2e-05, 0.0, 0.0, 0.0, 1.0],
                [0.988258, -0.147827, 0.038664, -0.125006, -0.100963, -0.821671, -0.560946, -0.002831, 0.114692, 0.550455, -0.826949, -1.2e-05, 0.0, 0.0, 0.0, 1.0],
                [0.939197, 0.023573, 0.342566, -0.125006, 0.068001, -0.990652, -0.118265, -0.002831, 0.336576, 0.13437, -0.93202, -1.2e-05, 0.0, 0.0, 0.0, 1.0],
                [0.697979, 0.335143, 0.632854, -0.125006, 0.064394, -0.909521, 0.410639, -0.002831, 0.713216, -0.245866, -0.656408, -1.2e-05, 0.0, 0.0, 0.0, 1.0],
                [0.285277, 0.421536, 0.86077, -0.125006, -0.154087, -0.866236, 0.475281, -0.002831, 0.945978, -0.26822, -0.182164, -1.2e-05, 0.0, 0.0, 0.0, 1.0],
                [-0.26296, 0.456198, 0.850139, -0.125006, -0.043599, -0.885871, 0.461884, -0.002831, 0.963818, 0.084393, 0.252838, -1.2e-05, 0.0, 0.0, 0.0, 1.0],
                [-0.748058, 0.337435, 0.571439, -0.125006, 0.105243, -0.789866, 0.604186, -0.002831, 0.655228, 0.512111, 0.555353, -1.2e-05, 0.0, 0.0, 0.0, 1.0],
                [-0.94863, 0.094344, 0.301981, -0.125006, 0.125487, -0.764006, 0.632892, -0.002831, 0.290422, 0.638281, 0.71292, -1.1e-05, 0.0, 0.0, 0.0, 1.0],
                [-0.991875, -0.127059, 0.005803, -0.125006, 0.104639, -0.789229, 0.605123, -0.002831, -0.072306, 0.600819, 0.796111, -1.2e-05, 0.0, 0.0, 0.0, 1.0],
                [-0.887962, -0.273636, -0.369648, -0.125006, 0.009265, -0.814227, 0.580477, -0.00283, -0.459813, 0.512022, 0.725538, -1.2e-05, 0.0, 0.0, 0.0, 1.0],
                [-0.529402, -0.364638, -0.766011, -0.125006, -0.179426, -0.834374, 0.521182, -0.002831, -0.829177, 0.41336, 0.376294, -1.2e-05, 0.0, 0.0, 0.0, 1.0],
                [-0.006134, -0.344238, -0.938862, -0.125006, -0.318092, -0.889441, 0.328195, -0.002831, -0.948039, 0.300658, -0.104044, -1.2e-05, 0.0, 0.0, 0.0, 1.0],
                [0.380263, -0.234968, -0.894533, -0.125006, -0.42217, -0.90465, 0.058161, -0.002831, -0.822903, 0.35553, -0.443201, -1.2e-05, 0.0, 0.0, 0.0, 1.0],
                [0.786395, -0.217629, -0.578117, -0.125006, -0.466575, -0.822605, -0.325005, -0.00283, -0.404831, 0.525319, -0.748433, -1.2e-05, 0.0, 0.0, 0.0, 1.0],
                [0.702624, -0.429374, -0.567412, -0.125006, -0.622679, -0.75694, -0.198274, -0.002831, -0.344361, 0.492631, -0.799206, -1.2e-05, 0.0, 0.0, 0.0, 1.0],
                [0.854995, -0.404679, -0.32437, -0.125006, -0.505069, -0.79179, -0.343476, -0.002831, -0.117835, 0.457502, -0.881367, -1.2e-05, 0.0, 0.0, 0.0, 1.0],
                [0.970742, -0.239709, 0.014082, -0.125006, -0.197165, -0.829184, -0.523049, -0.002831, 0.137056, 0.50497, -0.852186, -1.1e-05, 0.0, 0.0, 0.0, 1.0],
                [0.945566, -0.280862, -0.164384, -0.125006, -0.323003, -0.748386, -0.579298, -0.00283, 0.03968, 0.600861, -0.798368, -1.2e-05, 0.0, 0.0, 0.0, 1.0],
                [0.946898, -0.271788, -0.171807, -0.125006, -0.319836, -0.741244, -0.590137, -0.002831, 0.033041, 0.613747, -0.78881, -1.1e-05, 0.0, 0.0, 0.0, 1.0],
                [0.952176, -0.262269, -0.156773, -0.125006, -0.302508, -0.736869, -0.604575, -0.002831, 0.043041, 0.623085, -0.780968, -1.2e-05, 0.0, 0.0, 0.0, 1.0],
                [0.957473, -0.257685, -0.129802, -0.125006, -0.28156, -0.736139, -0.615484, -0.002831, 0.063049, 0.625853, -0.777387, -1.1e-05, 0.0, 0.0, 0.0, 1.0],
                [0.961487, -0.255158, -0.102189, -0.125006, -0.262072, -0.738939, -0.620713, -0.002831, 0.082869, 0.623585, -0.77735, -1.1e-05, 0.0, 0.0, 0.0, 1.0],
                [0.963056, -0.253911, -0.089757, -0.125006, -0.253691, -0.743484, -0.618765, -0.002831, 0.090379, 0.618673, -0.780432, -1.1e-05, 0.0, 0.0, 0.0, 1.0],
                [0.963494, -0.251739, -0.091162, -0.125006, -0.25366, -0.749328, -0.611688, -0.00283, 0.085676, 0.612479, -0.785829, -1.1e-05, 0.0, 0.0, 0.0, 1.0],
                [0.963308, -0.25029, -0.096937, -0.125006, -0.257052, -0.756341, -0.601556, -0.002831, 0.077247, 0.604398, -0.792927, -1.1e-05, 0.0, 0.0, 0.0, 1.0],
                [0.963077, -0.247182, -0.106714, -0.125006, -0.261406, -0.763594, -0.590413, -0.002831, 0.064454, 0.596506, -0.800015, -1.1e-05, 0.0, 0.0, 0.0, 1.0],
                [0.962422, -0.24447, -0.118256, -0.125006, -0.266944, -0.771569, -0.577424, -0.002831, 0.049921, 0.58729, -0.807834, -1.1e-05, 0.0, 0.0, 0.0, 1.0],
                [0.961348, -0.242259, -0.130863, -0.125006, -0.273204, -0.780099, -0.562851, -0.002831, 0.034271, 0.576846, -0.816133, -1.2e-05, 0.0, 0.0, 0.0, 1.0],
                [0.960475, -0.238358, -0.143796, -0.125006, -0.277839, -0.788815, -0.548245, -0.00283, 0.01725, 0.566526, -0.823863, -1.1e-05, 0.0, 0.0, 0.0, 1.0],
                [0.958679, -0.237641, -0.156412, -0.125006, -0.284487, -0.796025, -0.534236, -0.002831, 0.002449, 0.556655, -0.830739, -1.1e-05, 0.0, 0.0, 0.0, 1.0],
                [0.958018, -0.234255, -0.165314, -0.125006, -0.286495, -0.804643, -0.520064, -0.002831, -0.011191, 0.54559, -0.837977, -1.1e-05, 0.0, 0.0, 0.0, 1.0],
                [0.956316, -0.235216, -0.173602, -0.125006, -0.291551, -0.811059, -0.507127, -0.002831, -0.021517, 0.535585, -0.844206, -1.1e-05, 0.0, 0.0, 0.0, 1.0],
                [0.956334, -0.232583, -0.177021, -0.125006, -0.290752, -0.818989, -0.494688, -0.002831, -0.029922, 0.524553, -0.850851, -1.2e-05, 0.0, 0.0, 0.0, 1.0],
                [0.955671, -0.233859, -0.178905, -0.125006, -0.29213, -0.829097, -0.476711, -0.002831, -0.036846, 0.50784, -0.860662, -1.1e-05, 0.0, 0.0, 0.0, 1.0],
