{
    "animation": [
        {
            "name": "Root",
            "time": [0.0, 0.0333, 0.0667, 0.1, 0.1333, 0.1667, 0.2, 0.2333, 0.2667, 0.3, 0.3333, 0.3667, 0.4, 0.4333, 0.4667, 0.5, 0.5333, 0.5667, 0.6, 0.6333, 0.6667, 0.7, 0.7333, 0.7667, 0.8, 0.8333, 0.8667, 0.9, 0.9333, 0.9667, 1.0, 1.3333, 1.5],
            "transform": [
                [0.999994, -0.00159, 0.002959, 0.015847, 0.002965, 0.00357, -0.999989, 0.36772, 0.001579, 0.999992, 0.003575, 0.307345, 0.0, 0.0, 0.0, 1.0],
                [0.962703, -0.000659, -0.270561, 0.037393, -0.270557, 0.003459, -0.962698, 0.36772, 0.00157, 0.999994, 0.003152, 0.421619, 0.0, 0.0, 0.0, 1.0],
                [0.84225, 0.00026, -0.539086, -0.062627, -0.539084, 0.003065, -0.842246, 0.36772, 0.001433, 0.999995, 0.002722, 0.535893, 0.0, 0.0, 0.0, 1.0],
                [0.643732, 0.00104, -0.76525, -0.234806, -0.765249, 0.002403, -0.643729, 0.36772, 0.001169, 0.999997, 0.002343, 0.533904, 0.0, 0.0, 0.0, 1.0],
                [0.393088, 0.001578, -0.9195, -0.424112, -0.9195, 0.00156, -0.393086, 0.36772, 0.000814, 0.999998, 0.002064, 0.519964, 0.0, 0.0, 0.0, 1.0],
                [0.12671, 0.001839, -0.991939, -0.613319, -0.991939, 0.000659, -0.126709, 0.36772, 0.000421, 0.999998, 0.001908, 0.506023, 0.0, 0.0, 0.0, 1.0],
                [0.072666, 0.001872, -0.997355, -0.819382, -0.997356, 0.000559, -0.072665, 0.36772, 0.000421, 0.999998, 0.001908, 0.511008, 0.0, 0.0, 0.0, 1.0],
                [0.018286, 0.0019, -0.999832, -1.038435, -0.999833, 0.000456, -0.018285, 0.36772, 0.000421, 0.999998, 0.001908, 0.556376, 0.0, 0.0, 0.0, 1.0],
                [-0.036188, 0.001922, -0.999344, -1.273979, -0.999344, 0.000352, 0.036188, 0.36772, 0.000421, 0.999998, 0.001908, 0.621596, 0.0, 0.0, 0.0, 1.0],
                [-0.090514, 0.001938, -0.995894, -1.52315, -0.995895, 0.000247, 0.090515, 0.36772, 0.000421, 0.999998, 0.001908, 0.666827, 0.0, 0.0, 0.0, 1.0],
                [-0.144453, 0.001949, -0.98951, -1.772535, -0.989511, 0.000141, 0.144454, 0.36772, 0.000421, 0.999998, 0.001908, 0.68469, 0.0, 0.0, 0.0, 1.0],
                [-0.15305, 0.002004, -0.988217, -2.008723, -0.988218, 8.3e-05, 0.153051, 0.36772, 0.000389, 0.999998, 0.001968, 0.694863, 0.0, 0.0, 0.0, 1.0],
                [-0.161643, 0.002058, -0.986848, -2.218297, -0.986848, 2.5e-05, 0.161644, 0.36772, 0.000357, 0.999998, 0.002027, 0.698081, 0.0, 0.0, 0.0, 1.0],
                [-0.170232, 0.002113, -0.985403, -2.38623, -0.985403, -3.4e-05, 0.170232, 0.36772, 0.000326, 0.999998, 0.002087, 0.695095, 0.0, 0.0, 0.0, 1.0],
                [-0.178815, 0.002166, -0.983881, -2.51985, -0.983882, -9.3e-05, 0.178815, 0.36772, 0.000296, 0.999998, 0.002148, 0.686633, 0.0, 0.0, 0.0, 1.0],
                [-0.187391, 0.002219, -0.982283, -2.639257, -0.982285, -0.000153, 0.187391, 0.36772, 0.000266, 0.999998, 0.002209, 0.66741, 0.0, 0.0, 0.0, 1.0],
                [-0.195959, 0.002272, -0.980609, -2.764552, -0.980612, -0.000213, 0.195959, 0.36772, 0.000236, 0.999997, 0.00227, 0.636473, 0.0, 0.0, 0.0, 1.0],
                [-0.204518, 0.002324, -0.97886, -2.904695, -0.978862, -0.000274, 0.204518, 0.36772, 0.000207, 0.999997, 0.002331, 0.601014, 0.0, 0.0, 0.0, 1.0],
                [-0.213068, 0.002376, -0.977035, -3.027966, -0.977037, -0.000335, 0.213068, 0.36772, 0.000179, 0.999997, 0.002393, 0.568239, 0.0, 0.0, 0.0, 1.0],
                [-0.221606, 0.002427, -0.975134, -3.121963, -0.975136, -0.000397, 0.221606, 0.36772, 0.000151, 0.999997, 0.002455, 0.54033, 0.0, 0.0, 0.0, 1.0],
                [-0.230133, 0.002478, -0.973156, -3.206123, -0.973159, -0.000459, 0.230133, 0.36772, 0.000123, 0.999997, 0.002517, 0.51242, 0.0, 0.0, 0.0, 1.0],
                [-0.238647, 0.002528, -0.971104, -3.287005, -0.971106, -0.000522, 0.238647, 0.36772, 9.7e-05, 0.999997, 0.00258, 0.501534, 0.0, 0.0, 0.0, 1.0],
                [-0.247147, 0.002578, -0.968975, -3.371161, -0.968978, -0.000585, 0.247147, 0.36772, 7e-05, 0.999996, 0.002642, 0.490648, 0.0, 0.0, 0.0, 1.0],
                [-0.255633, 0.002627, -0.96677, -3.473847, -0.966774, -0.000649, 0.255632, 0.36772, 4.4e-05, 0.999996, 0.002705, 0.479762, 0.0, 0.0, 0.0, 1.0],
                [-0.264102, 0.002675, -0.964492, -3.55582, -0.964494, -0.000713, 0.264101, 0.36772, 1.9e-05, 0.999996, 0.002769, 0.470494, 0.0, 0.0, 0.0, 1.0],
                [-0.272554, 0.002723, -0.962136, -3.59825, -0.96214, -0.000777, 0.272553, 0.36772, -6e-06, 0.999996, 0.002832, 0.464199, 0.0, 0.0, 0.0, 1.0],
                [-0.280989, 0.002771, -0.959708, -3.632903, -0.959711, -0.000842, 0.280988, 0.36772, -3e-05, 0.999996, 0.002896, 0.462554, 0.0, 0.0, 0.0, 1.0],
                [-0.289405, 0.002818, -0.957203, -3.66059, -0.957206, -0.000908, 0.289404, 0.36772, -5.4e-05, 0.999996, 0.00296, 0.463263, 0.0, 0.0, 0.0, 1.0],
                [-0.297801, 0.002864, -0.954624, -3.681593, -0.954628, -0.000974, 0.2978, 0.36772, -7.7e-05, 0.999995, 0.003024, 0.463971, 0.0, 0.0, 0.0, 1.0],
                [-0.306176, 0.00291, -0.951971, -3.687739, -0.951974, -0.00104, 0.306175, 0.36772, -9.9e-05, 0.999995, 0.003089, 0.464707, 0.0, 0.0, 0.0, 1.0],
                [-0.31453, 0.002955, -0.949244, -3.693884, -0.949247, -0.001107, 0.314528, 0.36772, -0.000121, 0.999995, 0.003153, 0.469042, 0.0, 0.0, 0.0, 1.0],
                [-0.141257, 0.003602, -0.989966, -3.588046, -0.989973, -0.00103, 0.141254, 0.36772, -0.00051, 0.999993, 0.003711, 0.629492, 0.0, 0.0, 0.0, 1.0],
                [0.0, 0.0, -1.0, -3.530241, -1.0, 0.0, -0.0, 0.36772, 0.0, 1.0, 0.0, 0.666305, 0.0, 0.0, 0.0, 1.0]
            ]
        },
        {
            "name": "Thigh_R",
            "time": [0.0, 0.0667, 0.1, 0.1333, 0.1667, 0.2, 0.2333, 0.2667, 0.3, 0.3333, 0.3667, 0.4, 0.4333, 0.4667, 0.5, 0.5333, 0.5667, 0.6, 0.6333, 0.6667, 0.7, 0.7333, 0.7667, 0.8, 0.8333, 0.8667, 0.9, 0.9333, 0.9667, 1.0, 1.3333, 1.5],
            "transform": [
                [0.893407, 0.02427, -0.448586, 0.09227, 0.438447, -0.26468, 0.8589, 0.046175, -0.097886, -0.964034, -0.247108, 0.028516, 0.0, 0.0, 0.0, 1.0],
                [0.851572, 0.365442, 0.375869, 0.099637, 0.376698, -0.925191, 0.046074, 0.089644, 0.364587, 0.102354, -0.925528, -0.038136, 0.0, 0.0, 0.0, 1.0],
                [0.809336, 0.526905, 0.259509, 0.068363, 0.46956, -0.845875, 0.253009, 0.087355, 0.352821, -0.082915, -0.932009, 0.042804, 0.0, 0.0, 0.0, 1.0],
                [0.78845, 0.603954, 0.116561, 0.037088, 0.467556, -0.711602, 0.52442, 0.085067, 0.399669, -0.358982, -0.843443, 0.123744, 0.0, 0.0, 0.0, 1.0],
                [0.852148, 0.522427, 0.030231, 0.005814, 0.324805, -0.573332, 0.752193, 0.082778, 0.410296, -0.631164, -0.658249, 0.204684, 0.0, 0.0, 0.0, 1.0],
                [0.940611, 0.335222, 0.053625, 0.013164, 0.153223, -0.560169, 0.814086, 0.073431, 0.302937, -0.757525, -0.578264, 0.203429, 0.0, 0.0, 0.0, 1.0],
                [0.971267, 0.232907, -0.048922, 0.020513, 0.164344, -0.507709, 0.845709, 0.064085, 0.172133, -0.829452, -0.531398, 0.202174, 0.0, 0.0, 0.0, 1.0],
                [0.959288, 0.164158, -0.229819, 0.027863, 0.280204, -0.451314, 0.847232, 0.054738, 0.035359, -0.87714, -0.478936, 0.200919, 0.0, 0.0, 0.0, 1.0],
                [0.9346, 0.118917, -0.335226, 0.035212, 0.349483, -0.482337, 0.803252, 0.045392, -0.066172, -0.867881, -0.492351, 0.199663, 0.0, 0.0, 0.0, 1.0],
                [0.93641, 0.110754, -0.332962, 0.045367, 0.334363, -0.569482, 0.750929, 0.051969, -0.106447, -0.814515, -0.5703, 0.199411, 0.0, 0.0, 0.0, 1.0],
                [0.953527, 0.130046, -0.271789, 0.055522, 0.282586, -0.698947, 0.656979, 0.058546, -0.104528, -0.703256, -0.703213, 0.199157, 0.0, 0.0, 0.0, 1.0],
                [0.972606, 0.123255, -0.197083, 0.065677, 0.215176, -0.798129, 0.562756, 0.065124, -0.087935, -0.589752, -0.802784, 0.198904, 0.0, 0.0, 0.0, 1.0],
                [0.988275, 0.094446, -0.119958, 0.075832, 0.144427, -0.833082, 0.533966, 0.071701, -0.049504, -0.545033, -0.836953, 0.19865, 0.0, 0.0, 0.0, 1.0],
                [0.994365, 0.059137, -0.087958, 0.084308, 0.100829, -0.78359, 0.613045, 0.079844, -0.032669, -0.618463, -0.785136, 0.194804, 0.0, 0.0, 0.0, 1.0],
                [0.996851, 0.041824, -0.0673, 0.092785, 0.075958, -0.746206, 0.661371, 0.087987, -0.022559, -0.664407, -0.747033, 0.190958, 0.0, 0.0, 0.0, 1.0],
                [0.998447, 0.033781, -0.04426, 0.101261, 0.055028, -0.719824, 0.691974, 0.09613, -0.008484, -0.693338, -0.720565, 0.187112, 0.0, 0.0, 0.0, 1.0],
                [0.999035, 0.02831, -0.033495, 0.109737, 0.043854, -0.652846, 0.756223, 0.104273, -0.000459, -0.756967, -0.653457, 0.183265, 0.0, 0.0, 0.0, 1.0],
                [0.999331, 0.016579, -0.032545, 0.118213, 0.03605, -0.590985, 0.805879, 0.112416, -0.005873, -0.806517, -0.591186, 0.179419, 0.0, 0.0, 0.0, 1.0],
                [0.998244, -0.018283, -0.056314, 0.119241, 0.039337, -0.506054, 0.861605, 0.114349, -0.04425, -0.862312, -0.504445, 0.163684, 0.0, 0.0, 0.0, 1.0],
                [0.992385, -0.038873, -0.116866, 0.120269, 0.092546, -0.390745, 0.915835, 0.116282, -0.081266, -0.91968, -0.384172, 0.147948, 0.0, 0.0, 0.0, 1.0],
                [0.981637, -0.020859, -0.189606, 0.121297, 0.170073, -0.3544, 0.919498, 0.118216, -0.086376, -0.934864, -0.344345, 0.132213, 0.0, 0.0, 0.0, 1.0],
                [0.96539, 0.028035, -0.259293, 0.122326, 0.246291, -0.425018, 0.871035, 0.120149, -0.085784, -0.904754, -0.417213, 0.116477, 0.0, 0.0, 0.0, 1.0],
                [0.947543, 0.109536, -0.300264, 0.117192, 0.304363, -0.596007, 0.743062, 0.11167, -0.097567, -0.795479, -0.598081, 0.098978, 0.0, 0.0, 0.0, 1.0],
                [0.930342, 0.211687, -0.299412, 0.112058, 0.341631, -0.797034, 0.498025, 0.103192, -0.133215, -0.565626, -0.813832, 0.081479, 0.0, 0.0, 0.0, 1.0],
                [0.919961, 0.299477, -0.252944, 0.106925, 0.35043, -0.917472, 0.188281, 0.094713, -0.175682, -0.261852, -0.948984, 0.06398, 0.0, 0.0, 0.0, 1.0],
                [0.916806, 0.353515, -0.185712, 0.101792, 0.34124, -0.935123, -0.095436, 0.086234, -0.2074, 0.024125, -0.977959, 0.046481, 0.0, 0.0, 0.0, 1.0],
                [0.93576, 0.344197, -0.076682, 0.095891, 0.302685, -0.895563, -0.326118, 0.082499, -0.180921, 0.28196, -0.942213, 0.042022, 0.0, 0.0, 0.0, 1.0],
                [0.941503, 0.323809, -0.093356, 0.089991, 0.273284, -0.89572, -0.350722, 0.078764, -0.197187, 0.304696, -0.931815, 0.037562, 0.0, 0.0, 0.0, 1.0],
                [0.94588, 0.30039, -0.122777, 0.084091, 0.24422, -0.908079, -0.340228, 0.075029, -0.213691, 0.291833, -0.932293, 0.033104, 0.0, 0.0, 0.0, 1.0],
                [0.948804, 0.277013, -0.151759, 0.078191, 0.215843, -0.919416, -0.328777, 0.071294, -0.230604, 0.279192, -0.932134, 0.028644, 0.0, 0.0, 0.0, 1.0],
                [0.930629, 0.254148, 0.263312, 0.118187, 0.238157, -0.966908, 0.091523, 0.051034, 0.277857, -0.022464, -0.960359, 0.051219, 0.0, 0.0, 0.0, 1.0],
                [0.860512, 0.267303, 0.433663, 0.096232, 0.232828, -0.963535, 0.131904, 0.058663, 0.453105, -0.012536, -0.891368, 0.031335, 0.0, 0.0, 0.0, 1.0]
            ]
        },
        {
            "name": "Leg_R",
            "time": [0.0, 0.0667, 0.1, 0.1333, 0.1667, 0.2, 0.2333, 0.2667, 0.3, 0.3333, 0.3667, 0.4, 0.4333, 0.4667, 0.5, 0.5333, 0.5667, 0.6, 0.6333, 0.6667, 0.7, 0.7333, 0.7667, 0.8, 0.8333, 0.8667, 0.9, 0.9333, 0.9667, 1.0, 1.3333, 1.5],
            "transform": [
                [0.999994, -0.001943, -0.000219, 0.0, -0.00022, -0.222872, 0.974848, 0.37472, -0.001943, -0.97485, -0.222871, -0.0, 0.0, 0.0, 0.0, 1.0],
                [0.999999, 0.001846, -0.000638, -0.0, -0.00064, 0.618101, 0.786099, 0.37472, 0.001845, -0.786096, 0.618101, 0.0, 0.0, 0.0, 0.0, 1.0],
                [0.999996, 0.001858, -0.000599, -0.0, -0.0006, 0.584174, 0.81163, 0.37472, 0.001858, -0.811628, 0.584174, 0.0, 0.0, 0.0, 0.0, 1.0],
                [0.999996, 0.001872, -0.000554, -0.0, -0.000555, 0.544855, 0.838532, 0.37472, 0.001871, -0.83853, 0.544854, -0.0, 0.0, 0.0, 0.0, 1.0],
                [0.999995, 0.001859, -0.000597, -0.0, -0.000598, 0.582916, 0.812534, 0.37472, 0.001858, -0.812533, 0.582915, -0.0, 0.0, 0.0, 0.0, 1.0],
                [0.999995, 0.001764, -0.000837, 0.0, -0.000837, 0.774526, 0.632544, 0.37472, 0.001764, -0.632542, 0.774526, 0.0, 0.0, 0.0, 0.0, 1.0],
                [0.999995, 0.001803, -0.00075, 0.0, -0.000751, 0.709655, 0.704551, 0.37472, 0.001802, -0.70455, 0.709655, 0.0, 0.0, 0.0, 0.0, 1.0],
                [0.999995, 0.00189, -0.000487, 0.0, -0.000487, 0.482897, 0.875678, 0.37472, 0.00189, -0.875678, 0.482896, -0.0, 0.0, 0.0, 0.0, 1.0],
                [0.999994, 0.001929, -0.000296, -0.0, -0.000295, 0.299709, 0.954031, 0.37472, 0.001929, -0.954033, 0.299708, -0.0, 0.0, 0.0, 0.0, 1.0],
                [0.999994, 0.001941, -0.000203, -0.0, -0.000202, 0.206882, 0.978366, 0.37472, 0.001941, -0.978368, 0.206881, -0.0, 0.0, 0.0, 0.0, 1.0],
                [0.999995, 0.00194, -0.000208, -0.0, -0.000208, 0.212093, 0.97725, 0.37472, 0.00194, -0.977251, 0.212092, -0.0, 0.0, 0.0, 0.0, 1.0],
                [0.999995, 0.001933, -0.000265, -0.0, -0.000265, 0.269127, 0.963105, 0.37472, 0.001933, -0.963105, 0.269127, 0.0, 0.0, 0.0, 0.0, 1.0],
                [0.999996, 0.001898, -0.000455, 0.0, -0.000457, 0.454407, 0.890795, 0.37472, 0.001897, -0.890794, 0.454406, -0.0, 0.0, 0.0, 0.0, 1.0],
                [0.999996, 0.001885, -0.000507, -0.0, -0.000508, 0.502378, 0.864649, 0.37472, 0.001884, -0.864647, 0.502378, 0.0, 0.0, 0.0, 0.0, 1.0],
                [0.999995, 0.001868, -0.000566, 0.0, -0.000567, 0.555339, 0.831626, 0.37472, 0.001868, -0.831624, 0.555339, -0.0, 0.0, 0.0, 0.0, 1.0],
                [0.999995, 0.001853, -0.000612, 0.0, -0.000612, 0.595438, 0.803402, 0.37472, 0.001853, -0.803401, 0.595438, -0.0, 0.0, 0.0, 0.0, 1.0],
                [0.999994, 0.001857, -0.0006, -0.0, -0.000601, 0.585437, 0.810719, 0.37472, 0.001857, -0.810719, 0.585436, 0.0, 0.0, 0.0, 0.0, 1.0],
                [0.999994, 0.001843, -0.000642, 0.0, -0.000642, 0.62113, 0.783709, 0.37472, 0.001843, -0.783709, 0.621129, -0.0, 0.0, 0.0, 0.0, 1.0],
                [0.999994, 0.001883, -0.000513, 0.0, -0.000513, 0.507219, 0.861818, 0.37472, 0.001883, -0.861818, 0.507218, 0.0, 0.0, 0.0, 0.0, 1.0],
                [0.999994, 0.001934, -0.000266, 0.0, -0.000266, 0.269966, 0.96287, 0.37472, 0.001934, -0.962872, 0.269965, -0.0, 0.0, 0.0, 0.0, 1.0],
                [0.999993, 0.001951, 4e-06, 0.0, 5e-06, -0.004875, 0.999988, 0.37472, 0.001951, -0.999991, -0.004875, 0.0, 0.0, 0.0, 0.0, 1.0],
                [0.999993, 0.001942, 0.000192, 0.0, 0.000194, -0.196405, 0.980523, 0.37472, 0.001942, -0.980527, -0.196404, 0.0, 0.0, 0.0, 0.0, 1.0],
                [0.999995, 0.001933, 0.000268, -0.0, 0.000269, -0.272465, 0.962165, 0.37472, 0.001933, -0.962168, -0.272464, -0.0, 0.0, 0.0, 0.0, 1.0],
                [0.999995, 0.001941, 0.000191, -0.0, 0.000192, -0.195528, 0.980698, 0.37472, 0.001941, -0.9807, -0.195527, 0.0, 0.0, 0.0, 0.0, 1.0],
                [0.999995, 0.00195, -4.2e-05, 0.0, -4.3e-05, 0.04348, 0.999054, 0.37472, 0.00195, -0.999056, 0.04348, -0.0, 0.0, 0.0, 0.0, 1.0],
                [0.999994, 0.001924, -0.000325, 0.0, -0.000326, 0.328831, 0.944389, 0.37472, 0.001923, -0.944391, 0.32883, 0.0, 0.0, 0.0, 0.0, 1.0],
                [0.999995, 0.001814, -0.000721, -0.0, -0.000724, 0.687666, 0.726028, 0.37472, 0.001813, -0.726027, 0.687666, 0.0, 0.0, 0.0, 0.0, 1.0],
                [0.999995, 0.001789, -0.000781, 0.0, -0.000784, 0.734374, 0.678747, 0.37472, 0.001787, -0.678746, 0.734373, -0.0, 0.0, 0.0, 0.0, 1.0],
                [0.999995, 0.001792, -0.000774, -0.0, -0.000777, 0.729299, 0.684197, 0.37472, 0.001791, -0.684196, 0.729298, -0.0, 0.0, 0.0, 0.0, 1.0],
                [0.999993, 0.001792, -0.000774, -0.0, -0.000777, 0.729315, 0.684181, 0.37472, 0.001791, -0.68418, 0.729314, -0.0, 0.0, 0.0, 0.0, 1.0],
                [0.999996, -0.000802, 0.000414, -0.0, 0.000411, 0.812953, 0.582333, 0.37472, -0.000803, -0.582332, 0.812953, 0.0, 0.0, 0.0, 0.0, 1.0],
                [0.999995, -0.001635, 0.001071, -0.0, 0.001069, 0.91608, 0.400996, 0.37472, -0.001636, -0.400993, 0.916082, 0.0, 0.0, 0.0, 0.0, 1.0]
            ]
        },
        {
            "name": "Knee_R",
            "time": [0.0, 1.3333, 1.5],
            "transform": [
                [1.0, 0.0, -0.0, 0.0, -0.0, 1e-06, -1.0, 0.37472, -0.0, 1.0, 1e-06, -0.0, 0.0, 0.0, 0.0, 1.0],
                [1.0, 0.0, -0.0, -0.0, -0.0, 1e-06, -1.0, 0.37472, -0.0, 1.0, 1e-06, 0.0, 0.0, 0.0, 0.0, 1.0],
                [1.0, 0.0, -0.0, -0.0, -0.0, 1e-06, -1.0, 0.37472, 0.0, 1.0, 1e-06, 0.0, 0.0, 0.0, 0.0, 1.0]
            ]
        },
        {
            "name": "Thigh_L",
            "time": [0.0, 0.0667, 0.1, 0.1333, 0.1667, 0.2, 0.2333, 0.2667, 0.3, 0.3333, 0.3667, 0.4, 0.4333, 0.4667, 0.5, 0.5333, 0.5667, 0.6, 0.6333, 0.6667, 0.7, 0.7333, 0.7667, 0.8, 0.8333, 0.8667, 0.9, 0.9333, 0.9667, 1.0, 1.3333, 1.5],
            "transform": [
                [0.345838, -0.859787, -0.375711, 0.054065, -0.335814, -0.487312, 0.806075, 0.074511, -0.876147, -0.152601, -0.45726, 0.177555, 0.0, 0.0, 0.0, 1.0],
                [0.816124, -0.577228, -0.027436, -0.131402, -0.499405, -0.728385, 0.469096, 0.071453, -0.29076, -0.369138, -0.882722, 0.01462, 0.0, 0.0, 0.0, 1.0],
                [0.837685, -0.525609, -0.148404, -0.092797, -0.522622, -0.850331, 0.061678, 0.06094, -0.158611, 0.025893, -0.987002, -0.010208, 0.0, 0.0, 0.0, 1.0],
                [0.892018, -0.40159, -0.20745, -0.054192, -0.425309, -0.901105, -0.084381, 0.050428, -0.153048, 0.163499, -0.9746, -0.035036, 0.0, 0.0, 0.0, 1.0],
                [0.915382, -0.307783, -0.259521, -0.015587, -0.326645, -0.944609, -0.031855, 0.039915, -0.235343, 0.113931, -0.965212, -0.059864, 0.0, 0.0, 0.0, 1.0],
                [0.902724, -0.30033, -0.308052, 0.023017, -0.280244, -0.953762, 0.108625, 0.029403, -0.326432, -0.011728, -0.945149, -0.084692, 0.0, 0.0, 0.0, 1.0],
                [0.883574, -0.345961, -0.315615, 0.025587, -0.272279, -0.927861, 0.254826, 0.027071, -0.381007, -0.139221, -0.914031, -0.09451, 0.0, 0.0, 0.0, 1.0],
                [0.865946, -0.388898, -0.314485, 0.028157, -0.260534, -0.887491, 0.380106, 0.02474, -0.426927, -0.247215, -0.869839, -0.104329, 0.0, 0.0, 0.0, 1.0],
                [0.854357, -0.416265, -0.311127, 0.030726, -0.24442, -0.850185, 0.466309, 0.022409, -0.458625, -0.322348, -0.828104, -0.114148, 0.0, 0.0, 0.0, 1.0],
                [0.849816, -0.412116, -0.328599, 0.033296, -0.224326, -0.846937, 0.482053, 0.020077, -0.476966, -0.335942, -0.812188, -0.123966, 0.0, 0.0, 0.0, 1.0],
                [0.857739, -0.390934, -0.333854, 0.014686, -0.200811, -0.852596, 0.482448, 0.012643, -0.473249, -0.346771, -0.809807, -0.112869, 0.0, 0.0, 0.0, 1.0],
                [0.875596, -0.39577, -0.276952, -0.003924, -0.177515, -0.796854, 0.577504, 0.00521, -0.449252, -0.456494, -0.767976, -0.101771, 0.0, 0.0, 0.0, 1.0],
                [0.895309, -0.4242, -0.135949, -0.022534, -0.15547, -0.583567, 0.797043, -0.002224, -0.417443, -0.69246, -0.588422, -0.090674, 0.0, 0.0, 0.0, 1.0],
                [0.916595, -0.395377, -0.059459, -0.041144, -0.143182, -0.463443, 0.874483, -0.009658, -0.373308, -0.793029, -0.481401, -0.079576, 0.0, 0.0, 0.0, 1.0],
                [0.93799, -0.344266, -0.040736, -0.059754, -0.12727, -0.451271, 0.883265, -0.017092, -0.322463, -0.823305, -0.467103, -0.068479, 0.0, 0.0, 0.0, 1.0],
                [0.958633, -0.270542, -0.088511, -0.072703, -0.104768, -0.624453, 0.774004, -0.005071, -0.264673, -0.732709, -0.626965, -0.075926, 0.0, 0.0, 0.0, 1.0],
                [0.970697, -0.171266, -0.168586, -0.085652, -0.075535, -0.883389, 0.462511, 0.00695, -0.22814, -0.436221, -0.870438, -0.083373, 0.0, 0.0, 0.0, 1.0],
                [0.97006, -0.092581, -0.224538, -0.0986, -0.080857, -0.994865, 0.06088, 0.018971, -0.229022, -0.040901, -0.972562, -0.09082, 0.0, 0.0, 0.0, 1.0],
                [0.945171, -0.122799, -0.30262, -0.111924, -0.052388, -0.971624, 0.23065, 0.007221, -0.322358, -0.202148, -0.924783, -0.045561, 0.0, 0.0, 0.0, 1.0],
                [0.926729, -0.149324, -0.34479, -0.125248, -0.003606, -0.92113, 0.389236, -0.00453, -0.375719, -0.359471, -0.854176, -0.000303, 0.0, 0.0, 0.0, 1.0],
                [0.926018, -0.191178, -0.325494, -0.125241, -0.010631, -0.875133, 0.483764, -0.004385, -0.377337, -0.444512, -0.81242, -0.001731, 0.0, 0.0, 0.0, 1.0],
                [0.924929, -0.2443, -0.291254, -0.125276, -0.035569, -0.818416, 0.573522, -0.003149, -0.37848, -0.520105, -0.765666, -0.001914, 0.0, 0.0, 0.0, 1.0],
                [0.921398, -0.294506, -0.253563, -0.125311, -0.062312, -0.755982, 0.651621, -0.001628, -0.383596, -0.584601, -0.714911, -0.001492, 0.0, 0.0, 0.0, 1.0],
                [0.915594, -0.34002, -0.21466, -0.12533, -0.085953, -0.686986, 0.721569, -9.7e-05, -0.392818, -0.64221, -0.658225, -0.000426, 0.0, 0.0, 0.0, 1.0],
                [0.909594, -0.3749, -0.179145, -0.12532, -0.093964, -0.605578, 0.790218, 0.001411, -0.404741, -0.701941, -0.586057, 0.000673, 0.0, 0.0, 0.0, 1.0],
                [0.906354, -0.391029, -0.160074, -0.1253, -0.090332, -0.549415, 0.830652, 0.00248, -0.412757, -0.738402, -0.533286, 0.001134, 0.0, 0.0, 0.0, 1.0],
                [0.905996, -0.395427, -0.151043, -0.125281, -0.088886, -0.526596, 0.845456, 0.003296, -0.413856, -0.75255, -0.512241, 0.001187, 0.0, 0.0, 0.0, 1.0],
                [0.90579, -0.398342, -0.144478, -0.125256, -0.087239, -0.508969, 0.856353, 0.004111, -0.414658, -0.763067, -0.495769, 0.001247, 0.0, 0.0, 0.0, 1.0],
                [0.907881, -0.395735, -0.138385, -0.125239, -0.084769, -0.496555, 0.863856, 0.004695, -0.410575, -0.772544, -0.484359, 0.000866, 0.0, 0.0, 0.0, 1.0],
                [0.910452, -0.390946, -0.135068, -0.125218, -0.082356, -0.491352, 0.867059, 0.005276, -0.40534, -0.778288, -0.479549, 0.000496, 0.0, 0.0, 0.0, 1.0],
                [0.97725, -0.210484, -0.02615, -0.127453, -0.176639, -0.875894, 0.449007, 0.033906, -0.117413, -0.434172, -0.893146, -0.035432, 0.0, 0.0, 0.0, 1.0],
                [0.984786, -0.167668, 0.045695, -0.128273, -0.173724, -0.942938, 0.284054, 0.04514, -0.004539, -0.28767, -0.957719, -0.048974, 0.0, 0.0, 0.0, 1.0]
            ]
        },
        {
            "name": "Leg_L",
            "time": [0.0, 0.0667, 0.1, 0.1333, 0.1667, 0.2, 0.2333, 0.2667, 0.3, 0.3333, 0.3667, 0.4, 0.4333, 0.4667, 0.5, 0.5333, 0.5667, 0.6, 0.6333, 0.6667, 0.7, 0.7333, 0.7667, 0.8, 0.8333, 0.8667, 0.9, 0.9333, 0.9667, 1.0, 1.3333, 1.5],
            "transform": [
                [1.000002, -0.001932, -0.000306, 0.0, -0.000307, -0.309669, 0.950846, 0.37472, -0.001932, -0.950836, -0.309672, 0.0, 0.0, 0.0, 0.0, 1.0],
                [1.0, -0.001835, 0.000673, 0.0, 0.000673, 0.646532, 0.762885, 0.37472, -0.001835, -0.76288, 0.646534, -0.0, 0.0, 0.0, 0.0, 1.0],
                [1.000001, -0.001763, 0.000845, 0.0, 0.000843, 0.778678, 0.62742, 0.37472, -0.001764, -0.627416, 0.77868, 0.0, 0.0, 0.0, 0.0, 1.0],
                [1.0, -0.001789, 0.000789, -0.0, 0.000787, 0.737884, 0.674925, 0.37472, -0.00179, -0.674921, 0.737886, 0.0, 0.0, 0.0, 0.0, 1.0],
                [1.000002, -0.001865, 0.000588, -0.0, 0.000586, 0.572751, 0.819728, 0.37472, -0.001865, -0.819722, 0.572754, 0.0, 0.0, 0.0, 0.0, 1.0],
                [1.0, -0.001906, 0.000436, 0.0, 0.000435, 0.43401, 0.900908, 0.37472, -0.001907, -0.900902, 0.434012, -0.0, 0.0, 0.0, 0.0, 1.0],
                [1.000001, -0.001907, 0.000435, -0.0, 0.000433, 0.432538, 0.901615, 0.37472, -0.001907, -0.901609, 0.43254, 0.0, 0.0, 0.0, 0.0, 1.0],
                [1.000001, -0.00187, 0.00057, -0.0, 0.000568, 0.556637, 0.830755, 0.37472, -0.001871, -0.83075, 0.556639, -0.0, 0.0, 0.0, 0.0, 1.0],
                [1.0, -0.001796, 0.000774, -0.0, 0.000772, 0.726252, 0.687426, 0.37472, -0.001797, -0.687422, 0.726255, 0.0, 0.0, 0.0, 0.0, 1.0],
                [1.0, -0.00163, 0.001079, -0.0, 0.001078, 0.920267, 0.391285, 0.37472, -0.001631, -0.391283, 0.920268, 0.0, 0.0, 0.0, 0.0, 1.0],
                [0.999999, -0.001408, 0.001356, 0.0, 0.001354, 0.999222, 0.039373, 0.37472, -0.00141, -0.039371, 0.999223, 0.0, 0.0, 0.0, 0.0, 1.0],
                [1.000001, -0.001411, 0.001353, 0.0, 0.001351, 0.99905, 0.043516, 0.37472, -0.001413, -0.043514, 0.99905, -0.0, 0.0, 0.0, 0.0, 1.0],
                [1.000001, -0.00176, 0.000851, 0.0, 0.000849, 0.782795, 0.622276, 0.37472, -0.001761, -0.622272, 0.782797, -0.0, 0.0, 0.0, 0.0, 1.0],
                [1.000001, -0.001902, 0.000452, -0.0, 0.000451, 0.449342, 0.893359, 0.37472, -0.001903, -0.893354, 0.449344, -0.0, 0.0, 0.0, 0.0, 1.0],
                [1.000001, -0.001952, 0.000119, -0.0, 0.000118, 0.121147, 0.992636, 0.37472, -0.001952, -0.992628, 0.121148, -0.0, 0.0, 0.0, 0.0, 1.0],
                [1.000001, -0.001954, -7.5e-05, -0.0, -7.5e-05, -0.076633, 0.997061, 0.37472, -0.001954, -0.997054, -0.076634, -0.0, 0.0, 0.0, 0.0, 1.0],
                [1.0, -0.001955, 3.8e-05, 0.0, 3.7e-05, 0.038696, 0.999252, 0.37472, -0.001955, -0.999245, 0.038697, 0.0, 0.0, 0.0, 0.0, 1.0],
                [0.999999, -0.001877, 0.00055, -0.0, 0.000547, 0.538234, 0.842795, 0.37472, -0.001877, -0.84279, 0.538236, 0.0, 0.0, 0.0, 0.0, 1.0],
                [1.0, -0.001926, 0.000341, 0.0, 0.00034, 0.34316, 0.939278, 0.37472, -0.001926, -0.939272, 0.343161, 0.0, 0.0, 0.0, 0.0, 1.0],
                [1.000001, -0.001949, 0.000152, 0.0, 0.000151, 0.15471, 0.987961, 0.37472, -0.00195, -0.987953, 0.154711, -0.0, 0.0, 0.0, 0.0, 1.0],
                [1.000001, -0.001953, 8.9e-05, 0.0, 8.8e-05, 0.090661, 0.995883, 0.37472, -0.001953, -0.995875, 0.090662, -0.0, 0.0, 0.0, 0.0, 1.0],
                [1.000001, -0.001955, 3.2e-05, -0.0, 3.2e-05, 0.03294, 0.999459, 0.37472, -0.001955, -0.999451, 0.032941, -0.0, 0.0, 0.0, 0.0, 1.0],
                [1.000001, -0.001955, -1e-05, 0.0, -1.1e-05, -0.010716, 0.999944, 0.37472, -0.001955, -0.999937, -0.010716, 0.0, 0.0, 0.0, 0.0, 1.0],
                [1.000001, -0.001955, -3.1e-05, 0.0, -3.1e-05, -0.031979, 0.99949, 0.37472, -0.001955, -0.999482, -0.031979, 0.0, 0.0, 0.0, 0.0, 1.0],
                [1.000001, -0.001955, -2.5e-05, 0.0, -2.6e-05, -0.026203, 0.999658, 0.37472, -0.001956, -0.99965, -0.026204, 0.0, 0.0, 0.0, 0.0, 1.0],
                [1.0, -0.001956, 9e-06, -0.0, 8e-06, 0.008771, 0.999963, 0.37472, -0.001956, -0.999956, 0.008771, 0.0, 0.0, 0.0, 0.0, 1.0],
                [1.000002, -0.001956, 3.3e-05, 0.0, 3.3e-05, 0.033289, 0.999447, 0.37472, -0.001956, -0.999439, 0.03329, 0.0, 0.0, 0.0, 0.0, 1.0],
                [1.000002, -0.001955, 5.6e-05, 0.0, 5.7e-05, 0.057792, 0.99833, 0.37472, -0.001955, -0.998321, 0.057793, -0.0, 0.0, 0.0, 0.0, 1.0],
                [1.000001, -0.001954, 8.1e-05, 0.0, 8e-05, 0.082422, 0.996599, 0.37472, -0.001954, -0.996591, 0.082422, -0.0, 0.0, 0.0, 0.0, 1.0],
                [1.000001, -0.001952, 0.000109, -0.0, 0.000108, 0.111043, 0.993817, 0.37472, -0.001953, -0.993809, 0.111044, -0.0, 0.0, 0.0, 0.0, 1.0],
                [0.999999, -0.001799, 0.000836, -0.0, 0.000834, 0.763615, 0.64567, 0.37472, -0.0018, -0.645667, 0.763616, -0.0, 0.0, 0.0, 0.0, 1.0],
                [0.999999, -0.001678, 0.001003, -0.0, 0.001, 0.880032, 0.474912, 0.37472, -0.00168, -0.47491, 0.880033, -0.0, 0.0, 0.0, 0.0, 1.0]
            ]
        },
        {
            "name": "Knee_L",
            "time": [0.0, 1.3333, 1.5],
            "transform": [
                [1.0, 0.0, -0.0, 0.0, -0.0, 1e-06, -1.0, 0.37472, -0.0, 1.0, 1e-06, 0.0, 0.0, 0.0, 0.0, 1.0],
                [1.0, 0.0, -0.0, -0.0, -0.0, 1e-06, -1.0, 0.37472, -0.0, 1.0, 1e-06, -0.0, 0.0, 0.0, 0.0, 1.0],
                [1.0, 0.0, -0.0, -0.0, -0.0, 1e-06, -1.0, 0.37472, -0.0, 1.0, 1e-06, -0.0, 0.0, 0.0, 0.0, 1.0]
            ]
        },
        {
            "name": "Torso",
            "time": [0.0, 0.0667, 0.1, 0.1333, 0.1667, 0.2, 0.2333, 0.2667, 0.3, 0.3333, 0.3667, 0.4, 0.4333, 0.4667, 0.5, 0.5333, 0.5667, 0.6, 0.6333, 0.6667, 0.7, 0.7333, 0.7667, 0.8, 0.8333, 0.8667, 0.9, 0.9333, 0.9667, 1.0, 1.3333, 1.5],
            "transform": [
                [0.204678, -0.769468, 0.604998, -0.0, -0.394024, 0.501022, 0.770534, 0.05, -0.896023, -0.396092, -0.200641, -0.0, 0.0, 0.0, 0.0, 1.0],
                [0.995437, -0.085969, -0.041476, 0.0, 0.092537, 0.762618, 0.640192, 0.05, -0.023406, -0.641104, 0.767095, -0.0, 0.0, 0.0, 0.0, 1.0],
                [0.851859, 0.014047, -0.523587, -0.0, 0.31922, 0.778606, 0.540248, 0.05, 0.41526, -0.62735, 0.658779, -0.0, 0.0, 0.0, 0.0, 1.0],
                [0.507639, 0.068209, -0.858867, -0.0, 0.385536, 0.8735, 0.297244, 0.05, 0.7705, -0.482014, 0.417126, -0.0, 0.0, 0.0, 0.0, 1.0],
                [0.177977, 0.099805, -0.978961, 0.0, 0.234107, 0.961981, 0.140636, 0.05, 0.955785, -0.25421, 0.147846, 0.0, 0.0, 0.0, 0.0, 1.0],
                [0.005457, 0.144402, -0.989504, 0.0, 0.07534, 0.986643, 0.144401, 0.05, 0.997146, -0.075336, -0.005495, -0.0, 0.0, 0.0, 0.0, 1.0],
                [-0.048665, 0.183085, -0.981892, -0.0, 0.003481, 0.983077, 0.183135, 0.05, 0.998813, 0.005494, -0.048479, -0.0, 0.0, 0.0, 0.0, 1.0],
                [-0.070666, 0.206638, -0.975863, -0.0, -0.035819, 0.977146, 0.209506, 0.05, 0.99686, 0.049758, -0.061649, -0.0, 0.0, 0.0, 0.0, 1.0],
                [-0.059087, 0.199318, -0.978152, 0.0, -0.043268, 0.978428, 0.20199, 0.05, 0.997318, 0.054257, -0.049188, -0.0, 0.0, 0.0, 0.0, 1.0],
                [-0.014763, 0.168675, -0.985562, 0.0, -0.021373, 0.985386, 0.168967, 0.05, 0.999666, 0.023559, -0.010942, 0.0, 0.0, 0.0, 0.0, 1.0],
                [0.053643, 0.124498, -0.99077, 0.0, 0.018724, 0.991893, 0.125654, 0.05, 0.998388, -0.025292, 0.050877, 0.0, 0.0, 0.0, 0.0, 1.0],
                [0.141861, 0.069501, -0.987445, 0.0, 0.078313, 0.993613, 0.081186, 0.05, 0.986787, -0.088846, 0.135512, -0.0, 0.0, 0.0, 0.0, 1.0],
                [0.2417, 0.020704, -0.970131, 0.0, 0.1417, 0.988298, 0.056395, 0.05, 0.959952, -0.151097, 0.235938, -0.0, 0.0, 0.0, 0.0, 1.0],
                [0.347395, -0.021404, -0.937476, -0.0, 0.201195, 0.978154, 0.052222, 0.05, 0.915885, -0.206755, 0.344112, 0.0, 0.0, 0.0, 0.0, 1.0],
                [0.448027, -0.057969, -0.89214, 0.0, 0.251575, 0.965743, 0.063587, 0.05, 0.857897, -0.252927, 0.447263, 0.0, 0.0, 0.0, 0.0, 1.0],
                [0.539889, -0.087038, -0.837226, -0.0, 0.300114, 0.949172, 0.094852, 0.05, 0.786422, -0.30247, 0.538569, 0.0, 0.0, 0.0, 0.0, 1.0],
                [0.618162, -0.108775, -0.778491, -0.0, 0.342244, 0.928818, 0.141976, 0.05, 0.70764, -0.354194, 0.611389, -0.0, 0.0, 0.0, 0.0, 1.0],
                [0.675029, -0.125613, -0.727021, -0.0, 0.379368, 0.904245, 0.196002, 0.05, 0.632787, -0.408113, 0.658046, -0.0, 0.0, 0.0, 0.0, 1.0],
                [0.717657, -0.153975, -0.679164, -0.0, 0.43662, 0.859245, 0.26656, 0.05, 0.54253, -0.487831, 0.683873, -0.0, 0.0, 0.0, 0.0, 1.0],
                [0.759487, -0.173164, -0.627054, -0.0, 0.469476, 0.813144, 0.344072, 0.05, 0.450307, -0.555701, 0.69887, -0.0, 0.0, 0.0, 0.0, 1.0],
                [0.818851, -0.163197, -0.550321, 0.0, 0.440869, 0.792767, 0.420895, 0.05, 0.367589, -0.587266, 0.721107, -0.0, 0.0, 0.0, 0.0, 1.0],
                [0.874921, -0.146107, -0.461703, 0.0, 0.388634, 0.780668, 0.489406, 0.05, 0.288933, -0.607621, 0.739805, -0.0, 0.0, 0.0, 0.0, 1.0],
                [0.92074, -0.133627, -0.366588, -0.0, 0.328155, 0.773478, 0.542258, 0.05, 0.211089, -0.619572, 0.756022, 0.0, 0.0, 0.0, 0.0, 1.0],
                [0.952708, -0.125224, -0.276896, -0.0, 0.269398, 0.76966, 0.578831, 0.05, 0.140633, -0.626048, 0.766997, 0.0, 0.0, 0.0, 0.0, 1.0],
                [0.971113, -0.122288, -0.204917, -0.0, 0.222653, 0.773277, 0.593687, 0.05, 0.085857, -0.622158, 0.778168, 0.0, 0.0, 0.0, 0.0, 1.0],
                [0.980854, -0.114165, -0.157789, 0.0, 0.186421, 0.784864, 0.590958, 0.05, 0.056376, -0.609055, 0.79112, -0.0, 0.0, 0.0, 0.0, 1.0],
                [0.984979, -0.104305, -0.137648, 0.0, 0.165083, 0.802781, 0.572959, 0.05, 0.050739, -0.58707, 0.807942, 0.0, 0.0, 0.0, 0.0, 1.0],
                [0.986438, -0.087967, -0.1386, 0.0, 0.149949, 0.826454, 0.542664, 0.05, 0.066811, -0.556082, 0.828436, -0.0, 0.0, 0.0, 0.0, 1.0],
                [0.986366, -0.069447, -0.149223, 0.0, 0.13653, 0.851573, 0.506139, 0.05, 0.091925, -0.519607, 0.849445, -0.0, 0.0, 0.0, 0.0, 1.0],
                [0.983225, -0.053584, -0.174365, -0.0, 0.129665, 0.877634, 0.461455, 0.05, 0.128303, -0.47632, 0.86986, -0.0, 0.0, 0.0, 0.0, 1.0],
                [0.956061, 0.03091, -0.291544, -0.0, 0.032409, 0.977186, 0.20988, 0.05, 0.291382, -0.210106, 0.933248, -0.0, 0.0, 0.0, 0.0, 1.0],
                [0.957742, 0.055086, -0.282314, -0.0, 0.001026, 0.980826, 0.194864, 0.05, 0.287638, -0.186918, 0.939322, 0.0, 0.0, 0.0, 0.0, 1.0]
            ]
        },
        {
            "name": "Chest",
            "time": [0.0, 0.0667, 0.1, 0.1333, 0.1667, 0.2, 0.2333, 0.2667, 0.3, 0.3333, 0.3667, 0.4, 0.4333, 0.4667, 0.5, 0.5333, 0.5667, 0.6, 0.6333, 0.6667, 0.7, 0.7333, 0.7667, 0.8, 0.8333, 0.8667, 0.9, 0.9333, 0.9667, 1.0, 1.3333, 1.5],
            "transform": [
                [0.909493, -0.035129, -0.414237, -0.0, -0.163875, 0.885444, -0.43489, 0.3, 0.382063, 0.46341, 0.799549, -0.0, 0.0, 0.0, 0.0, 1.0],
                [0.999431, 0.029091, -0.017199, -0.0, -0.033292, 0.935001, -0.353072, 0.3, 0.00581, 0.353442, 0.935438, 0.0, 0.0, 0.0, 0.0, 1.0],
                [0.949133, 0.077839, 0.305109, 0.0, 0.038026, 0.933537, -0.356453, 0.3, -0.312578, 0.349921, 0.883091, -0.0, 0.0, 0.0, 0.0, 1.0],
                [0.802296, 0.122843, 0.584152, 0.0, 0.105129, 0.934219, -0.340847, 0.3, -0.587602, 0.33487, 0.736604, 0.0, 0.0, 0.0, 0.0, 1.0],
                [0.625305, 0.15272, 0.765291, -0.0, 0.152611, 0.937796, -0.311839, 0.3, -0.765318, 0.311785, 0.5631, -0.0, 0.0, 0.0, 0.0, 1.0],
                [0.510527, 0.163875, 0.8441, 0.0, 0.169019, 0.943393, -0.285376, 0.3, -0.843091, 0.28836, 0.453927, 0.0, 0.0, 0.0, 0.0, 1.0],
                [0.466647, 0.158714, 0.870085, -0.0, 0.166231, 0.950493, -0.262534, 0.3, -0.868688, 0.267144, 0.417159, 0.0, 0.0, 0.0, 0.0, 1.0],
                [0.444279, 0.146432, 0.883839, 0.0, 0.157247, 0.958488, -0.237842, 0.3, -0.881987, 0.244648, 0.402807, 0.0, 0.0, 0.0, 0.0, 1.0],
                [0.443042, 0.129572, 0.887086, 0.0, 0.142841, 0.966655, -0.212533, 0.3, -0.885053, 0.220873, 0.409759, 0.0, 0.0, 0.0, 0.0, 1.0],
                [0.459713, 0.109723, 0.881261, -0.0, 0.125667, 0.974313, -0.186863, 0.3, -0.879136, 0.196648, 0.434113, -0.0, 0.0, 0.0, 0.0, 1.0],
                [0.489972, 0.089259, 0.867156, 0.0, 0.105794, 0.981302, -0.160785, 0.3, -0.8653, 0.170519, 0.471364, -0.0, 0.0, 0.0, 0.0, 1.0],
                [0.530644, 0.067852, 0.844873, 0.0, 0.086398, 0.987266, -0.133551, 0.3, -0.843185, 0.143863, 0.518022, -0.0, 0.0, 0.0, 0.0, 1.0],
                [0.578322, 0.051682, 0.81417, -0.0, 0.066867, 0.991629, -0.110443, 0.3, -0.81307, 0.118312, 0.570021, -0.0, 0.0, 0.0, 0.0, 1.0],
                [0.630552, 0.037945, 0.775218, 0.0, 0.0504, 0.994693, -0.089682, 0.3, -0.774514, 0.09562, 0.62529, 0.0, 0.0, 0.0, 0.0, 1.0],
                [0.680153, 0.025758, 0.732617, -0.0, 0.035157, 0.997086, -0.067696, 0.3, -0.73223, 0.0718, 0.677262, -0.0, 0.0, 0.0, 0.0, 1.0],
                [0.727111, 0.022468, 0.686155, 0.0, 0.020503, 0.998304, -0.054416, 0.3, -0.686221, 0.053635, 0.725415, 0.0, 0.0, 0.0, 0.0, 1.0],
                [0.769406, 0.023206, 0.638339, -0.0, 0.008668, 0.998866, -0.04676, 0.3, -0.638706, 0.041511, 0.76833, 0.0, 0.0, 0.0, 0.0, 1.0],
                [0.802994, 0.030489, 0.595209, -0.0, -0.00272, 0.998866, -0.047496, 0.3, -0.595987, 0.03652, 0.802163, 0.0, 0.0, 0.0, 0.0, 1.0],
                [0.838059, 0.050626, 0.543229, -0.0, -0.015182, 0.997461, -0.069535, 0.3, -0.545375, 0.050027, 0.836698, -0.0, 0.0, 0.0, 0.0, 1.0],
                [0.876476, 0.083938, 0.474076, 0.0, -0.03251, 0.992753, -0.115668, 0.3, -0.480353, 0.085968, 0.872852, 0.0, 0.0, 0.0, 0.0, 1.0],
                [0.913319, 0.123483, 0.388077, -0.0, -0.058241, 0.982729, -0.175632, 0.3, -0.403065, 0.137806, 0.904736, 0.0, 0.0, 0.0, 0.0, 1.0],
                [0.942068, 0.159439, 0.295112, -0.0, -0.088157, 0.966564, -0.240785, 0.3, -0.323637, 0.200819, 0.924624, 0.0, 0.0, 0.0, 0.0, 1.0],
                [0.961785, 0.189242, 0.197887, 0.0, -0.123828, 0.945205, -0.302078, 0.3, -0.24421, 0.26603, 0.932517, -0.0, 0.0, 0.0, 0.0, 1.0],
                [0.972241, 0.207706, 0.10775, 0.0, -0.158171, 0.92272, -0.351519, 0.3, -0.172436, 0.324717, 0.929959, 0.0, 0.0, 0.0, 0.0, 1.0],
                [0.975605, 0.216833, 0.034395, -0.0, -0.187799, 0.905372, -0.380826, 0.3, -0.113717, 0.365074, 0.924007, 0.0, 0.0, 0.0, 0.0, 1.0],
                [0.976855, 0.213591, -0.011755, 0.0, -0.201108, 0.898251, -0.390764, 0.3, -0.072906, 0.384082, 0.920415, 0.0, 0.0, 0.0, 0.0, 1.0],
                [0.978538, 0.203099, -0.034928, 0.0, -0.201038, 0.903504, -0.378494, 0.3, -0.045314, 0.37739, 0.924944, -0.0, 0.0, 0.0, 0.0, 1.0],
                [0.981468, 0.187466, -0.039767, 0.0, -0.189307, 0.916148, -0.353316, 0.3, -0.029802, 0.354295, 0.934658, 0.0, 0.0, 0.0, 0.0, 1.0],
                [0.985347, 0.166078, -0.038898, 0.0, -0.169762, 0.932605, -0.318472, 0.3, -0.016615, 0.320408, 0.947133, 0.0, 0.0, 0.0, 0.0, 1.0],
                [0.989261, 0.143541, -0.027632, -0.0, -0.145564, 0.95005, -0.276063, 0.3, -0.013375, 0.27712, 0.960741, 0.0, 0.0, 0.0, 0.0, 1.0],
                [0.999168, 0.028361, 0.029396, 0.0, -0.023104, 0.985876, -0.165865, 0.3, -0.033685, 0.165048, 0.98571, 0.0, 0.0, 0.0, 0.0, 1.0],
                [0.999264, 0.027102, 0.027225, 0.0, -0.021231, 0.980255, -0.196581, 0.3, -0.032015, 0.195857, 0.980109, -0.0, 0.0, 0.0, 0.0, 1.0]
            ]
        },
        {
            "name": "Head",
            "time": [0.0, 0.1333, 0.1667, 0.2, 0.2333, 0.2667, 0.3, 0.3333, 0.3667, 0.4, 0.4333, 0.4667, 0.5, 0.5333, 0.5667, 0.6, 0.6333, 0.6667, 0.7, 0.7333, 0.7667, 0.8, 0.8333, 0.8667, 0.9, 0.9333, 0.9667, 1.0, 1.3333, 1.5],
            "transform": [
                [0.937051, 0.262759, -0.229987, -0.0, -0.260685, 0.964594, 0.039927, 0.4, 0.232336, 0.022541, 0.972377, 0.0, 0.0, 0.0, 0.0, 1.0],
                [0.945914, -0.110064, 0.305178, -0.0, -0.000299, 0.94039, 0.340089, 0.4, -0.324418, -0.321784, 0.889502, 0.0, 0.0, 0.0, 0.0, 1.0],
                [0.81132, -0.197272, 0.550314, 0.0, 0.000864, 0.941745, 0.336319, 0.4, -0.584603, -0.272385, 0.76423, 0.0, 0.0, 0.0, 0.0, 1.0],
                [0.703539, -0.236303, 0.670222, -0.0, 0.003904, 0.944365, 0.328864, 0.4, -0.71065, -0.228751, 0.665322, 0.0, 0.0, 0.0, 0.0, 1.0],
                [0.662462, -0.244618, 0.708032, -0.0, 0.009024, 0.947713, 0.318985, 0.4, -0.749046, -0.204924, 0.630032, -0.0, 0.0, 0.0, 0.0, 1.0],
                [0.654278, -0.239887, 0.717202, 0.0, 0.01142, 0.951378, 0.307799, 0.4, -0.756175, -0.193193, 0.625205, 0.0, 0.0, 0.0, 0.0, 1.0],
                [0.670266, -0.22739, 0.706427, -0.0, 0.014261, 0.955669, 0.294088, 0.4, -0.741987, -0.187042, 0.643796, -0.0, 0.0, 0.0, 0.0, 1.0],
                [0.705596, -0.206544, 0.677847, 0.0, 0.012205, 0.959975, 0.279807, 0.4, -0.708513, -0.189156, 0.679877, -0.0, 0.0, 0.0, 0.0, 1.0],
                [0.750698, -0.179402, 0.635823, 0.0, 0.008074, 0.964839, 0.262706, 0.4, -0.660599, -0.192078, 0.725753, 0.0, 0.0, 0.0, 0.0, 1.0],
                [0.796831, -0.148431, 0.58569, 0.0, 0.002254, 0.970075, 0.242781, 0.4, -0.604202, -0.192134, 0.773322, -0.0, 0.0, 0.0, 0.0, 1.0],
                [0.837813, -0.115652, 0.53357, -0.0, -0.007429, 0.974796, 0.222957, 0.4, -0.54591, -0.190759, 0.815841, 0.0, 0.0, 0.0, 0.0, 1.0],
                [0.868458, -0.083145, 0.488744, 0.0, -0.018496, 0.979712, 0.199535, 0.4, -0.49542, -0.182327, 0.849305, 0.0, 0.0, 0.0, 0.0, 1.0],
