{
    "animation": [
        {
            "name": "Root",
            "time": [0.0, 0.0417, 0.0833, 0.125, 0.1667, 0.2083, 0.25, 0.2917, 0.3333, 0.375, 0.4167, 0.4583, 0.5, 0.5417, 0.5833, 0.625, 0.6667, 0.7083, 0.75, 0.7917, 0.8333, 0.875, 0.9167, 0.9583, 1.0, 1.0417, 1.0833, 1.125, 1.1667, 1.2083, 1.25, 1.2917, 1.3333, 1.375, 1.4167, 1.4583, 1.5, 1.5417, 1.5833, 1.625, 1.6667, 1.7083, 1.75, 1.7917, 1.8333, 1.875, 1.9167, 1.9583, 2.0, 2.0417, 2.0833, 2.125, 2.1667, 2.2083, 2.25, 2.2917, 2.3333, 2.375, 2.4167, 2.4583, 2.5, 2.5417, 2.5833, 2.625, 2.6667, 2.7083, 2.75, 2.7917, 3.0833],
            "transform": [
                [0.999998, 0.002047, 3e-06, 0.029557, -4e-06, 0.00333, -0.999994, 0.015268, -0.002047, 0.999992, 0.00333, 0.506075, 0.0, 0.0, 0.0, 1.0],
                [0.999997, 0.002227, 4e-06, 0.029107, -4e-06, 0.003211, -0.999995, 0.022437, -0.002227, 0.999992, 0.003211, 0.486319, 0.0, 0.0, 0.0, 1.0],
                [0.999997, 0.002406, 3e-06, 0.021811, -4e-06, 0.003079, -0.999995, 0.04042, -0.002406, 0.999992, 0.003079, 0.463498, 0.0, 0.0, 0.0, 1.0],
                [0.999996, 0.002546, 3e-06, 0.005839, -4e-06, 0.002967, -0.999996, 0.070147, -0.002546, 0.999992, 0.002967, 0.438694, 0.0, 0.0, 0.0, 1.0],
                [0.999996, 0.002643, 4e-06, -0.007383, -4e-06, 0.002878, -0.999996, 0.094115, -0.002643, 0.999992, 0.002878, 0.421583, 0.0, 0.0, 0.0, 1.0],
                [0.999996, 0.002743, 4e-06, -0.018895, -4e-06, 0.002784, -0.999996, 0.11291, -0.002743, 0.999992, 0.002784, 0.409308, 0.0, 0.0, 0.0, 1.0],
                [0.999996, 0.002831, 4e-06, -0.027633, -4e-06, 0.002694, -0.999996, 0.128175, -0.002831, 0.999992, 0.002694, 0.402493, 0.0, 0.0, 0.0, 1.0],
                [0.999996, 0.002872, 4e-06, -0.026192, -4e-06, 0.002651, -0.999996, 0.133935, -0.002872, 0.999992, 0.002651, 0.395375, 0.0, 0.0, 0.0, 1.0],
                [0.999995, 0.002896, 4e-06, -0.018082, -4e-06, 0.002625, -0.999997, 0.135792, -0.002896, 0.999992, 0.002625, 0.38669, 0.0, 0.0, 0.0, 1.0],
                [0.999995, 0.002927, 4e-06, -0.006895, -4e-06, 0.00259, -0.999997, 0.138404, -0.002927, 0.999992, 0.00259, 0.375109, 0.0, 0.0, 0.0, 1.0],
                [0.999995, 0.002957, 3e-06, 0.004551, -4e-06, 0.002555, -0.999997, 0.142538, -0.002957, 0.999992, 0.002555, 0.364116, 0.0, 0.0, 0.0, 1.0],
                [0.999995, 0.002992, 4e-06, 0.013179, -4e-06, 0.002514, -0.999997, 0.147886, -0.002992, 0.999992, 0.002514, 0.356018, 0.0, 0.0, 0.0, 1.0],
                [0.999995, 0.003038, 3e-06, 0.020853, -4e-06, 0.002458, -0.999997, 0.155881, -0.003038, 0.999992, 0.002458, 0.349177, 0.0, 0.0, 0.0, 1.0],
                [0.999995, 0.002993, 4e-06, 0.014781, -4e-06, 0.002512, -0.999997, 0.173779, -0.002993, 0.999992, 0.002512, 0.35897, 0.0, 0.0, 0.0, 1.0],
                [0.999996, 0.002828, 4e-06, -0.014484, -4e-06, 0.002697, -0.999996, 0.193204, -0.002828, 0.999992, 0.002697, 0.390982, 0.0, 0.0, 0.0, 1.0],
                [0.999997, 0.002381, 3e-06, -0.040843, -4e-06, 0.003088, -0.999995, 0.24244, -0.002381, 0.999992, 0.003088, 0.423147, 0.0, 0.0, 0.0, 1.0],
                [0.999998, 0.00159, 2e-06, -0.056043, -3e-06, 0.00357, -0.999994, 0.311381, -0.00159, 0.999992, 0.00357, 0.447228, 0.0, 0.0, 0.0, 1.0],
                [0.999999, 0.001014, 1e-06, -0.061487, -2e-06, 0.003774, -0.999993, 0.439476, -0.001014, 0.999992, 0.003774, 0.465171, 0.0, 0.0, 0.0, 1.0],
                [1.0, 0.000579, 1e-06, -0.0623, -1e-06, 0.003865, -0.999993, 0.767258, -0.000579, 0.999992, 0.003865, 0.504867, 0.0, 0.0, 0.0, 1.0],
                [1.0, 0.000186, 0.0, -0.055119, -0.0, 0.003903, -0.999992, 1.154625, -0.000186, 0.999992, 0.003903, 0.518517, 0.0, 0.0, 0.0, 1.0],
                [0.999993, -0.000312, 0.003634, -0.040665, 0.003635, 0.003895, -0.999986, 1.435651, 0.000298, 0.999992, 0.003896, 0.436439, 0.0, 0.0, 0.0, 1.0],
                [0.999994, -0.000742, 0.003338, -0.022467, 0.00334, 0.003837, -0.999987, 1.659516, 0.000729, 0.999992, 0.003839, 0.339505, 0.0, 0.0, 0.0, 1.0],
                [0.999994, -0.000879, 0.00326, 0.007081, 0.003263, 0.003808, -0.999987, 1.726725, 0.000867, 0.999992, 0.003811, 0.335117, 0.0, 0.0, 0.0, 1.0],
                [0.999994, -0.000913, 0.003242, 0.032691, 0.003245, 0.003799, -0.999987, 1.732912, 0.000901, 0.999992, 0.003802, 0.354737, 0.0, 0.0, 0.0, 1.0],
                [0.999994, -0.000929, 0.003234, 0.049917, 0.003238, 0.003796, -0.999988, 1.726673, 0.000916, 0.999992, 0.003799, 0.374357, 0.0, 0.0, 0.0, 1.0],
                [0.999994, -0.000944, 0.003226, 0.04953, 0.003229, 0.003791, -0.999988, 1.722285, 0.000932, 0.999992, 0.003794, 0.375214, 0.0, 0.0, 0.0, 1.0],
                [0.999994, -0.000954, 0.003221, 0.045434, 0.003224, 0.00379, -0.999988, 1.716844, 0.000942, 0.999992, 0.003793, 0.370866, 0.0, 0.0, 0.0, 1.0],
                [0.999994, -0.000964, 0.003216, 0.043511, 0.00322, 0.003787, -0.999988, 1.711983, 0.000951, 0.999992, 0.00379, 0.369292, 0.0, 0.0, 0.0, 1.0],
                [0.999994, -0.000974, 0.003211, 0.041666, 0.003214, 0.003785, -0.999988, 1.706833, 0.000961, 0.999992, 0.003788, 0.367708, 0.0, 0.0, 0.0, 1.0],
                [0.999994, -0.000983, 0.003206, 0.039932, 0.00321, 0.003783, -0.999988, 1.701954, 0.000971, 0.999992, 0.003786, 0.366144, 0.0, 0.0, 0.0, 1.0],
                [0.999994, -0.000993, 0.003201, 0.038276, 0.003204, 0.00378, -0.999988, 1.697726, 0.00098, 0.999992, 0.003783, 0.36457, 0.0, 0.0, 0.0, 1.0],
                [0.999994, -0.001002, 0.003196, 0.038093, 0.0032, 0.003777, -0.999988, 1.694648, 0.00099, 0.999992, 0.00378, 0.364955, 0.0, 0.0, 0.0, 1.0],
                [0.999994, -0.001012, 0.003191, 0.039316, 0.003195, 0.003774, -0.999988, 1.692131, 0.001, 0.999992, 0.003777, 0.365341, 0.0, 0.0, 0.0, 1.0],
                [0.999994, -0.001025, 0.003185, 0.041103, 0.003189, 0.003771, -0.999988, 1.689465, 0.001013, 0.999992, 0.003774, 0.365727, 0.0, 0.0, 0.0, 1.0],
                [0.999994, -0.001038, 0.003179, 0.043073, 0.003182, 0.003767, -0.999988, 1.686935, 0.001026, 0.999992, 0.003771, 0.366112, 0.0, 0.0, 0.0, 1.0],
                [0.999994, -0.001052, 0.003172, 0.045139, 0.003176, 0.003764, -0.999988, 1.684826, 0.00104, 0.999992, 0.003767, 0.366498, 0.0, 0.0, 0.0, 1.0],
                [0.999994, -0.001065, 0.003166, 0.04729, 0.00317, 0.00376, -0.999988, 1.683427, 0.001053, 0.999992, 0.003764, 0.367822, 0.0, 0.0, 0.0, 1.0],
                [0.999994, -0.001068, 0.003164, 0.049519, 0.003168, 0.003759, -0.999988, 1.683021, 0.001056, 0.999992, 0.003762, 0.369145, 0.0, 0.0, 0.0, 1.0],
                [0.999994, -0.001072, 0.003162, 0.051809, 0.003166, 0.003757, -0.999988, 1.683893, 0.00106, 0.999992, 0.003761, 0.370468, 0.0, 0.0, 0.0, 1.0],
                [0.999994, -0.001066, 0.003165, 0.052218, 0.003169, 0.003759, -0.999988, 1.686329, 0.001054, 0.999992, 0.003763, 0.371792, 0.0, 0.0, 0.0, 1.0],
                [0.999994, -0.001053, 0.003171, 0.052568, 0.003175, 0.003764, -0.999988, 1.690639, 0.001041, 0.999992, 0.003767, 0.373115, 0.0, 0.0, 0.0, 1.0],
                [0.999994, -0.001039, 0.003178, 0.052858, 0.003182, 0.003767, -0.999988, 1.696651, 0.001027, 0.999992, 0.00377, 0.372687, 0.0, 0.0, 0.0, 1.0],
                [0.999994, -0.001017, 0.003188, 0.053089, 0.003192, 0.003773, -0.999988, 1.703947, 0.001005, 0.999992, 0.003777, 0.372259, 0.0, 0.0, 0.0, 1.0],
                [0.999994, -0.000996, 0.003199, 0.053258, 0.003203, 0.003779, -0.999988, 1.712103, 0.000983, 0.999992, 0.003782, 0.37183, 0.0, 0.0, 0.0, 1.0],
                [0.999994, -0.000961, 0.003217, 0.053134, 0.00322, 0.003788, -0.999988, 1.720696, 0.000949, 0.999992, 0.003791, 0.371402, 0.0, 0.0, 0.0, 1.0],
                [0.999994, -0.000927, 0.003234, 0.052173, 0.003238, 0.003796, -0.999987, 1.729305, 0.000915, 0.999992, 0.003799, 0.373105, 0.0, 0.0, 0.0, 1.0],
                [0.999994, -0.000882, 0.003258, 0.050465, 0.003262, 0.003807, -0.999987, 1.737508, 0.00087, 0.999992, 0.00381, 0.377047, 0.0, 0.0, 0.0, 1.0],
                [0.999994, -0.000828, 0.003288, 0.048491, 0.003291, 0.003819, -0.999987, 1.744883, 0.000815, 0.999992, 0.003822, 0.383935, 0.0, 0.0, 0.0, 1.0],
                [0.999994, -0.000765, 0.003324, 0.046384, 0.003327, 0.003833, -0.999987, 1.751005, 0.000752, 0.999992, 0.003835, 0.394459, 0.0, 0.0, 0.0, 1.0],
                [0.999994, -0.000683, 0.003373, 0.041055, 0.003376, 0.003848, -0.999987, 1.756162, 0.00067, 0.999992, 0.00385, 0.41155, 0.0, 0.0, 0.0, 1.0],
                [0.999994, -0.000576, 0.003442, 0.034985, 0.003444, 0.003865, -0.999987, 1.760832, 0.000563, 0.999992, 0.003867, 0.435903, 0.0, 0.0, 0.0, 1.0],
                [0.999993, -0.000453, 0.003527, 0.028126, 0.003529, 0.003881, -0.999986, 1.764874, 0.000439, 0.999992, 0.003883, 0.464855, 0.0, 0.0, 0.0, 1.0],
                [0.999993, -0.000323, 0.003631, 0.020994, 0.003632, 0.003896, -0.999986, 1.768151, 0.000309, 0.999992, 0.003897, 0.49538, 0.0, 0.0, 0.0, 1.0],
                [0.999993, -0.000192, 0.003735, 0.013679, 0.003735, 0.003903, -0.999985, 1.770524, 0.000177, 0.999992, 0.003904, 0.525906, 0.0, 0.0, 0.0, 1.0],
                [0.999992, -7.2e-05, 0.003845, 0.006269, 0.003845, 0.003907, -0.999985, 1.771856, 5.7e-05, 0.999992, 0.003908, 0.552674, 0.0, 0.0, 0.0, 1.0],
                [1.0, 4.4e-05, -0.0, 0.001186, -0.0, 0.003907, -0.999992, 1.772011, -4.4e-05, 0.999992, 0.003907, 0.573391, 0.0, 0.0, 0.0, 1.0],
                [1.0, 0.000126, 0.0, -0.003876, -0.0, 0.003906, -0.999992, 1.770171, -0.000126, 0.999992, 0.003906, 0.588161, 0.0, 0.0, 0.0, 1.0],
                [1.0, 0.000197, 0.0, -0.008753, -0.0, 0.003903, -0.999992, 1.766266, -0.000197, 0.999992, 0.003903, 0.599147, 0.0, 0.0, 0.0, 1.0],
                [1.0, 0.00026, 0.0, -0.013475, -1e-06, 0.003899, -0.999992, 1.761066, -0.00026, 0.999992, 0.003899, 0.607422, 0.0, 0.0, 0.0, 1.0],
                [1.0, 0.000313, 1e-06, -0.017491, -1e-06, 0.003895, -0.999992, 1.755427, -0.000313, 0.999992, 0.003895, 0.612938, 0.0, 0.0, 0.0, 1.0],
                [1.0, 0.000365, 1e-06, -0.020488, -1e-06, 0.003891, -0.999992, 1.750195, -0.000365, 0.999992, 0.003891, 0.618454, 0.0, 0.0, 0.0, 1.0],
                [1.0, 0.000409, 1e-06, -0.022721, -1e-06, 0.003887, -0.999992, 1.746205, -0.000409, 0.999992, 0.003887, 0.62397, 0.0, 0.0, 0.0, 1.0],
                [0.999999, 0.000453, 1e-06, -0.024441, -1e-06, 0.003881, -0.999992, 1.744293, -0.000453, 0.999992, 0.003881, 0.629486, 0.0, 0.0, 0.0, 1.0],
                [1.0, 0.000488, 1e-06, -0.022495, -1e-06, 0.003877, -0.999992, 1.745181, -0.000488, 0.999992, 0.003877, 0.635001, 0.0, 0.0, 0.0, 1.0],
                [1.0, 0.000522, 1e-06, -0.0189, -1e-06, 0.003873, -0.999992, 1.748371, -0.000522, 0.999992, 0.003873, 0.640517, 0.0, 0.0, 0.0, 1.0],
                [0.999999, 0.000546, 1e-06, -0.014819, -1e-06, 0.00387, -0.999992, 1.75287, -0.000546, 0.999992, 0.00387, 0.644076, 0.0, 0.0, 0.0, 1.0],
                [0.999999, 0.000569, 1e-06, -0.010559, -1e-06, 0.003866, -0.999993, 1.757688, -0.000569, 0.999992, 0.003866, 0.647635, 0.0, 0.0, 0.0, 1.0],
                [1.0, 0.000586, 1e-06, -0.006226, -1e-06, 0.003864, -0.999993, 1.761836, -0.000586, 0.999992, 0.003864, 0.651194, 0.0, 0.0, 0.0, 1.0],
                [1.0, 0.000632, 1e-06, -0.006226, -2e-06, 0.003857, -0.999992, 1.761836, -0.000632, 0.999992, 0.003857, 0.666162, 0.0, 0.0, 0.0, 1.0]
            ]
        },
        {
            "name": "Thigh_R",
            "time": [0.0, 0.0417, 0.0833, 0.125, 0.1667, 0.2083, 0.25, 0.2917, 0.3333, 0.375, 0.4167, 0.4583, 0.5, 0.5417, 0.5833, 0.625, 0.6667, 0.7083, 0.75, 0.7917, 0.8333, 0.875, 0.9167, 0.9583, 1.0, 1.0417, 1.0833, 1.125, 1.1667, 1.2083, 1.25, 1.2917, 1.3333, 1.375, 1.4167, 1.4583, 1.5, 1.5417, 1.5833, 1.625, 1.6667, 1.7083, 1.75, 1.7917, 1.8333, 1.875, 1.9167, 1.9583, 2.0, 2.0417, 2.0833, 2.125, 2.1667, 2.2083, 2.25, 2.2917, 2.3333, 2.375, 2.4167, 2.4583, 2.5, 2.5417, 2.5833, 2.625, 2.6667, 2.7083, 2.75, 2.7917, 3.0833],
            "transform": [
                [0.350104, 0.725808, 0.592139, 0.020596, 0.252235, -0.681844, 0.686634, 0.057797, 0.902115, -0.091034, -0.421791, 0.101906, 0.0, 0.0, 0.0, 1.0],
                [0.317683, 0.765747, 0.559203, -0.014407, 0.255368, -0.637055, 0.727287, 0.057074, 0.913166, -0.088243, -0.397928, 0.125661, 0.0, 0.0, 0.0, 1.0],
                [0.294709, 0.805801, 0.513642, -0.04941, 0.268955, -0.585729, 0.764581, 0.056351, 0.916961, -0.087182, -0.389344, 0.149416, 0.0, 0.0, 0.0, 1.0],
                [0.235943, 0.847652, 0.475199, -0.084413, 0.311727, -0.52918, 0.789173, 0.055628, 0.920415, -0.038067, -0.389093, 0.173171, 0.0, 0.0, 0.0, 1.0],
                [0.184188, 0.87409, 0.449486, -0.094311, 0.346404, -0.485694, 0.802562, 0.055038, 0.919829, 0.007882, -0.392247, 0.169534, 0.0, 0.0, 0.0, 1.0],
                [0.128514, 0.892342, 0.432675, -0.104209, 0.364331, -0.448265, 0.816286, 0.054449, 0.922363, 0.052732, -0.382716, 0.165898, 0.0, 0.0, 0.0, 1.0],
                [0.075077, 0.902115, 0.424911, -0.114108, 0.370442, -0.420849, 0.828045, 0.053859, 0.92582, 0.095238, -0.365778, 0.162261, 0.0, 0.0, 0.0, 1.0],
                [0.052337, 0.908211, 0.415225, -0.124006, 0.373437, -0.403427, 0.83534, 0.05327, 0.926181, 0.111341, -0.360273, 0.158625, 0.0, 0.0, 0.0, 1.0],
                [0.042869, 0.914177, 0.403039, -0.133904, 0.374431, -0.388708, 0.841848, 0.05268, 0.926267, 0.114821, -0.358959, 0.154989, 0.0, 0.0, 0.0, 1.0],
                [0.030219, 0.921735, 0.386637, -0.143803, 0.375955, -0.368889, 0.850047, 0.052091, 0.926149, 0.11967, -0.357678, 0.151352, 0.0, 0.0, 0.0, 1.0],
                [0.012997, 0.92724, 0.374238, -0.153701, 0.377965, -0.351056, 0.856682, 0.051502, 0.925732, 0.130314, -0.355027, 0.147716, 0.0, 0.0, 0.0, 1.0],
                [-0.024379, 0.929908, 0.366979, -0.1636, 0.375341, -0.331718, 0.865496, 0.050912, 0.92657, 0.158841, -0.340945, 0.144079, 0.0, 0.0, 0.0, 1.0],
                [-0.084276, 0.928315, 0.362114, -0.173498, 0.368447, -0.308618, 0.876928, 0.050323, 0.925825, 0.207323, -0.316025, 0.140443, 0.0, 0.0, 0.0, 1.0],
                [-0.082682, 0.917842, 0.388237, -0.183396, 0.382207, -0.330576, 0.862924, 0.049733, 0.920373, 0.219735, -0.323473, 0.136807, 0.0, 0.0, 0.0, 1.0],
                [0.020901, 0.893993, 0.44759, -0.126314, 0.411783, -0.415648, 0.81097, 0.050724, 0.911046, 0.167359, -0.376819, 0.144479, 0.0, 0.0, 0.0, 1.0],
                [0.387337, 0.776278, 0.497354, -0.069231, 0.56897, -0.625752, 0.533581, 0.051714, 0.725431, 0.076304, -0.684055, 0.152151, 0.0, 0.0, 0.0, 1.0],
                [0.8177, 0.518077, 0.250932, -0.014308, 0.53375, -0.845616, 0.006584, 0.05054, 0.215604, 0.128551, -0.967982, 0.146739, 0.0, 0.0, 0.0, 1.0],
                [0.871056, 0.4909, 0.01685, 0.040615, 0.469273, -0.841822, 0.266675, 0.049366, 0.145096, -0.22438, -0.963639, 0.141328, 0.0, 0.0, 0.0, 1.0],
                [0.879091, 0.472362, -0.063856, 0.067331, 0.442039, -0.75776, 0.480001, 0.053362, 0.178347, -0.450188, -0.874941, 0.085278, 0.0, 0.0, 0.0, 1.0],
                [0.891332, 0.447513, -0.072562, 0.094047, 0.398549, -0.697171, 0.595911, 0.057359, 0.216091, -0.56007, -0.799766, 0.029229, 0.0, 0.0, 0.0, 1.0],
                [0.944452, 0.318575, -0.080791, 0.094047, 0.208336, -0.390185, 0.896857, 0.05736, 0.254194, -0.863864, -0.434881, 0.029229, 0.0, 0.0, 0.0, 1.0],
                [0.976055, 0.217446, 0.006465, 0.094047, 0.045049, -0.231102, 0.971886, 0.057359, 0.212828, -0.948316, -0.235365, 0.029229, 0.0, 0.0, 0.0, 1.0],
                [0.97836, 0.205933, 0.020268, 0.094047, 0.043346, -0.299726, 0.95304, 0.057359, 0.202339, -0.931531, -0.302166, 0.029229, 0.0, 0.0, 0.0, 1.0],
                [0.989079, 0.145733, 0.022214, 0.094047, 0.027567, -0.330869, 0.943274, 0.057359, 0.144818, -0.932353, -0.331273, 0.029229, 0.0, 0.0, 0.0, 1.0],
                [0.99483, 0.098582, 0.024548, 0.094047, 0.010824, -0.343094, 0.939239, 0.057359, 0.101015, -0.934111, -0.342387, 0.029229, 0.0, 0.0, 0.0, 1.0],
                [0.995919, 0.088948, 0.015513, 0.094047, 0.015541, -0.338115, 0.940977, 0.057359, 0.088944, -0.936889, -0.338118, 0.029229, 0.0, 0.0, 0.0, 1.0],
                [0.996537, 0.083125, -0.003474, 0.094047, 0.030377, -0.324652, 0.945346, 0.057359, 0.077455, -0.942171, -0.326053, 0.029229, 0.0, 0.0, 0.0, 1.0],
                [0.996824, 0.078429, -0.014146, 0.094047, 0.038335, -0.31624, 0.947905, 0.057359, 0.069871, -0.945428, -0.318242, 0.029229, 0.0, 0.0, 0.0, 1.0],
                [0.996981, 0.073627, -0.024805, 0.094047, 0.046372, -0.307742, 0.950339, 0.057359, 0.062337, -0.948615, -0.310227, 0.029229, 0.0, 0.0, 0.0, 1.0],
                [0.996901, 0.070709, -0.034616, 0.094047, 0.054354, -0.300067, 0.952368, 0.05736, 0.056954, -0.951291, -0.302981, 0.029229, 0.0, 0.0, 0.0, 1.0],
                [0.99694, 0.066283, -0.041541, 0.094047, 0.059368, -0.29531, 0.953555, 0.057359, 0.050937, -0.953097, -0.298342, 0.029229, 0.0, 0.0, 0.0, 1.0],
                [0.996977, 0.061296, -0.047833, 0.094047, 0.063833, -0.294024, 0.953664, 0.057359, 0.044392, -0.953828, -0.297048, 0.029229, 0.0, 0.0, 0.0, 1.0],
                [0.997276, 0.051486, -0.052875, 0.094047, 0.065753, -0.2945, 0.953387, 0.057359, 0.033515, -0.954262, -0.297083, 0.029229, 0.0, 0.0, 0.0, 1.0],
                [0.997448, 0.041721, -0.058006, 0.094047, 0.067767, -0.295027, 0.953083, 0.057359, 0.02265, -0.954575, -0.297101, 0.029229, 0.0, 0.0, 0.0, 1.0],
                [0.99761, 0.030777, -0.06193, 0.094047, 0.068297, -0.297654, 0.952228, 0.057359, 0.010873, -0.954175, -0.299045, 0.029229, 0.0, 0.0, 0.0, 1.0],
                [0.997625, 0.0199, -0.065995, 0.094047, 0.068925, -0.300343, 0.951338, 0.057359, -0.00089, -0.953621, -0.301001, 0.029229, 0.0, 0.0, 0.0, 1.0],
                [0.997544, 0.010192, -0.069355, 0.094047, 0.069156, -0.304939, 0.949858, 0.057359, -0.011469, -0.952314, -0.304895, 0.029229, 0.0, 0.0, 0.0, 1.0],
                [0.997346, 0.000578, -0.07287, 0.094047, 0.069469, -0.309602, 0.948325, 0.057359, -0.022013, -0.950863, -0.30882, 0.029229, 0.0, 0.0, 0.0, 1.0],
                [0.99726, -0.006946, -0.0737, 0.094047, 0.067742, -0.31581, 0.946401, 0.057359, -0.02985, -0.948794, -0.314475, 0.029229, 0.0, 0.0, 0.0, 1.0],
                [0.997229, -0.008866, -0.073904, 0.094047, 0.067156, -0.321058, 0.944676, 0.057359, -0.032104, -0.947016, -0.319573, 0.029229, 0.0, 0.0, 0.0, 1.0],
                [0.997222, -0.01371, -0.073267, 0.094047, 0.064614, -0.331081, 0.941387, 0.057359, -0.037164, -0.9435, -0.329275, 0.029229, 0.0, 0.0, 0.0, 1.0],
                [0.997228, -0.014703, -0.072994, 0.094047, 0.06377, -0.337468, 0.939175, 0.057359, -0.038443, -0.94122, -0.335595, 0.029229, 0.0, 0.0, 0.0, 1.0],
                [0.9973, -0.018923, -0.071014, 0.094047, 0.059965, -0.349137, 0.935151, 0.057359, -0.04249, -0.936878, -0.34706, 0.029229, 0.0, 0.0, 0.0, 1.0],
                [0.997459, -0.016967, -0.069258, 0.094047, 0.058658, -0.357033, 0.932248, 0.057359, -0.040545, -0.933935, -0.35513, 0.029229, 0.0, 0.0, 0.0, 1.0],
                [0.997701, -0.017209, -0.065608, 0.094047, 0.054554, -0.371181, 0.926956, 0.057359, -0.040305, -0.928399, -0.369389, 0.029229, 0.0, 0.0, 0.0, 1.0],
                [0.997988, -0.010749, -0.062533, 0.094047, 0.053654, -0.383155, 0.922125, 0.057359, -0.033872, -0.92362, -0.381807, 0.029229, 0.0, 0.0, 0.0, 1.0],
                [0.998268, -0.004758, -0.058704, 0.094047, 0.051922, -0.399399, 0.915305, 0.057359, -0.027802, -0.916762, -0.39846, 0.029229, 0.0, 0.0, 0.0, 1.0],
                [0.998793, 0.006381, -0.048788, 0.094047, 0.046959, -0.419725, 0.906435, 0.057359, -0.014694, -0.907626, -0.419518, 0.029229, 0.0, 0.0, 0.0, 1.0],
                [0.999134, 0.02093, -0.036063, 0.094047, 0.041609, -0.444282, 0.89492, 0.057359, 0.002709, -0.89564, -0.444768, 0.029229, 0.0, 0.0, 0.0, 1.0],
                [0.99895, 0.042547, -0.017237, 0.094047, 0.035461, -0.476718, 0.87834, 0.057359, 0.029154, -0.878023, -0.477726, 0.029229, 0.0, 0.0, 0.0, 1.0],
                [0.997932, 0.064157, 0.004691, 0.094047, 0.02941, -0.51986, 0.853744, 0.05736, 0.057213, -0.851836, -0.520672, 0.029229, 0.0, 0.0, 0.0, 1.0],
                [0.996461, 0.079857, 0.026365, 0.094047, 0.023615, -0.566593, 0.823658, 0.057359, 0.080713, -0.820117, -0.566473, 0.029229, 0.0, 0.0, 0.0, 1.0],
                [0.994456, 0.091429, 0.052019, 0.094047, 0.015688, -0.61789, 0.786107, 0.05736, 0.104016, -0.780928, -0.615898, 0.029229, 0.0, 0.0, 0.0, 1.0],
                [0.991244, 0.104297, 0.081015, 0.094047, 0.009612, -0.668789, 0.743389, 0.057359, 0.131716, -0.736098, -0.663935, 0.029229, 0.0, 0.0, 0.0, 1.0],
                [0.986788, 0.114338, 0.114825, 0.094047, -0.001863, -0.700553, 0.713597, 0.05736, 0.162033, -0.704377, -0.691083, 0.029229, 0.0, 0.0, 0.0, 1.0],
                [0.980108, 0.140923, 0.139774, 0.094047, 0.004549, -0.719965, 0.693994, 0.05736, 0.198434, -0.679549, -0.706283, 0.029229, 0.0, 0.0, 0.0, 1.0],
                [0.9721, 0.174413, 0.15687, 0.094047, 0.019411, -0.726235, 0.687171, 0.057359, 0.233778, -0.664949, -0.709358, 0.029229, 0.0, 0.0, 0.0, 1.0],
                [0.961899, 0.213139, 0.171256, 0.094047, 0.040997, -0.731704, 0.680387, 0.057359, 0.270327, -0.647439, -0.712562, 0.029229, 0.0, 0.0, 0.0, 1.0],
                [0.949874, 0.251205, 0.186121, 0.094047, 0.067445, -0.745941, 0.662586, 0.057359, 0.305282, -0.616817, -0.725493, 0.029229, 0.0, 0.0, 0.0, 1.0],
                [0.936874, 0.28221, 0.206471, 0.094048, 0.097014, -0.777057, 0.621906, 0.05736, 0.33595, -0.562613, -0.755383, 0.029229, 0.0, 0.0, 0.0, 1.0],
                [0.924443, 0.302003, 0.232822, 0.094047, 0.129082, -0.822337, 0.554163, 0.057359, 0.358819, -0.482235, -0.799186, 0.029229, 0.0, 0.0, 0.0, 1.0],
                [0.9112, 0.314253, 0.266393, 0.094047, 0.161641, -0.867489, 0.470459, 0.057359, 0.378938, -0.385619, -0.841252, 0.029229, 0.0, 0.0, 0.0, 1.0],
                [0.899408, 0.324147, 0.293259, 0.094048, 0.195442, -0.898299, 0.393517, 0.05736, 0.390994, -0.296614, -0.871289, 0.029229, 0.0, 0.0, 0.0, 1.0],
                [0.888795, 0.325403, 0.322742, 0.094047, 0.224034, -0.922796, 0.313451, 0.057359, 0.399825, -0.206287, -0.893077, 0.029229, 0.0, 0.0, 0.0, 1.0],
                [0.882276, 0.311498, 0.352939, 0.094047, 0.2492, -0.945134, 0.211221, 0.057359, 0.399373, -0.098401, -0.911494, 0.029229, 0.0, 0.0, 0.0, 1.0],
                [0.877067, 0.304908, 0.371203, 0.094048, 0.245212, -0.948643, 0.199854, 0.057359, 0.413079, -0.084261, -0.90679, 0.029229, 0.0, 0.0, 0.0, 1.0],
                [0.873647, 0.299374, 0.383565, 0.094047, 0.244018, -0.951583, 0.186925, 0.057359, 0.420957, -0.069709, -0.904399, 0.029229, 0.0, 0.0, 0.0, 1.0],
                [0.870701, 0.290885, 0.396577, 0.094047, 0.23932, -0.955024, 0.175072, 0.057359, 0.42967, -0.057525, -0.901153, 0.029229, 0.0, 0.0, 0.0, 1.0],
                [0.860512, 0.267303, 0.433663, 0.096232, 0.232827, -0.963535, 0.131904, 0.058663, 0.453105, -0.012536, -0.891368, 0.031335, 0.0, 0.0, 0.0, 1.0]
            ]
        },
        {
            "name": "Leg_R",
            "time": [0.0, 0.0417, 0.0833, 0.125, 0.1667, 0.2083, 0.25, 0.2917, 0.3333, 0.375, 0.4167, 0.4583, 0.5, 0.5417, 0.5833, 0.625, 0.6667, 0.7083, 0.75, 0.7917, 0.8333, 0.875, 0.9167, 0.9583, 1.0, 1.0417, 1.0833, 1.125, 1.1667, 1.2083, 1.25, 1.2917, 1.3333, 1.375, 1.4167, 1.4583, 1.5, 1.5417, 1.5833, 1.625, 1.6667, 1.7083, 1.75, 1.7917, 1.8333, 1.875, 1.9167, 1.9583, 2.0, 2.0417, 2.0833, 2.125, 2.1667, 2.2083, 2.25, 2.2917, 2.3333, 2.375, 2.4167, 2.4583, 2.5, 2.5417, 2.5833, 2.625, 2.6667, 2.7083, 2.75, 2.7917, 3.0833],
            "transform": [
                [1.000002, -0.001937, 0.00027, -0.0, 0.000268, 0.272463, 0.962168, 0.37472, -0.001938, -0.962158, 0.272465, -0.0, 0.0, 0.0, 0.0, 1.0],
                [1.000002, -0.001946, 0.000207, 0.0, 0.000205, 0.20941, 0.97783, 0.37472, -0.001946, -0.977819, 0.209412, -0.0, 0.0, 0.0, 0.0, 1.0],
                [1.000003, -0.001951, 0.000147, 0.0, 0.000145, 0.148829, 0.988865, 0.37472, -0.001951, -0.988853, 0.14883, -0.0, 0.0, 0.0, 0.0, 1.0],
                [1.000002, -0.001954, 0.000115, 0.0, 0.000113, 0.116098, 0.99324, 0.37472, -0.001954, -0.99323, 0.116099, 0.0, 0.0, 0.0, 0.0, 1.0],
                [1.000002, -0.001954, 0.00011, -0.0, 0.000108, 0.111043, 0.993818, 0.37472, -0.001954, -0.993808, 0.111044, -0.0, 0.0, 0.0, 0.0, 1.0],
                [1.000002, -0.001954, 0.000113, -0.0, 0.000112, 0.114938, 0.993374, 0.37472, -0.001954, -0.993366, 0.114939, 0.0, 0.0, 0.0, 0.0, 1.0],
                [1.000001, -0.001953, 0.00013, -0.0, 0.000128, 0.131648, 0.991298, 0.37472, -0.001953, -0.99129, 0.131649, 0.0, 0.0, 0.0, 0.0, 1.0],
                [1.000002, -0.001953, 0.000118, -0.0, 0.000116, 0.119316, 0.992858, 0.37472, -0.001953, -0.992849, 0.119317, -0.0, 0.0, 0.0, 0.0, 1.0],
                [1.000001, -0.001956, 8.3e-05, 0.0, 8.2e-05, 0.084118, 0.996458, 0.37472, -0.001956, -0.996448, 0.084119, -0.0, 0.0, 0.0, 0.0, 1.0],
                [1.000002, -0.001957, 3.7e-05, -0.0, 3.6e-05, 0.037026, 0.999316, 0.37472, -0.001957, -0.999306, 0.037026, 0.0, 0.0, 0.0, 0.0, 1.0],
                [1.000001, -0.001957, -4e-06, -0.0, -5e-06, -0.004794, 0.99999, 0.37472, -0.001957, -0.999981, -0.004794, 0.0, 0.0, 0.0, 0.0, 1.0],
                [1.000001, -0.001957, -2.9e-05, 0.0, -3.1e-05, -0.030876, 0.999525, 0.37472, -0.001957, -0.999516, -0.030876, -0.0, 0.0, 0.0, 0.0, 1.0],
                [1.000001, -0.001956, -4.8e-05, -0.0, -4.9e-05, -0.049681, 0.998767, 0.37472, -0.001956, -0.998758, -0.049681, 0.0, 0.0, 0.0, 0.0, 1.0],
                [1.000001, -0.001957, 1e-06, -0.0, -0.0, 0.000481, 1.000001, 0.37472, -0.001957, -0.999993, 0.000481, -0.0, 0.0, 0.0, 0.0, 1.0],
                [1.000002, -0.001953, 0.000132, 0.0, 0.00013, 0.133924, 0.990993, 0.37472, -0.001953, -0.990984, 0.133925, 0.0, 0.0, 0.0, 0.0, 1.0],
                [1.000001, -0.00193, 0.000336, -0.0, 0.000333, 0.336323, 0.941748, 0.37472, -0.001931, -0.94174, 0.336325, -0.0, 0.0, 0.0, 0.0, 1.0],
                [1.0, -0.001869, 0.000577, 0.0, 0.000574, 0.562471, 0.826816, 0.37472, -0.00187, -0.82681, 0.562474, 0.0, 0.0, 0.0, 0.0, 1.0],
                [1.0, -0.001949, 0.000163, -0.0, 0.00016, 0.16456, 0.986369, 0.37472, -0.00195, -0.986359, 0.164562, 0.0, 0.0, 0.0, 0.0, 1.0],
                [1.000001, -0.001954, -0.000106, 0.0, -0.000108, -0.109203, 0.994022, 0.37472, -0.001954, -0.994012, -0.109204, 0.0, 0.0, 0.0, 0.0, 1.0],
                [1.000002, -0.001939, -0.000252, 0.0, -0.000254, -0.256543, 0.966535, 0.37472, -0.001939, -0.966524, -0.256546, 0.0, 0.0, 0.0, 0.0, 1.0],
                [1.000002, -0.00193, -0.000317, 0.0, -0.000317, -0.319996, 0.94742, 0.37472, -0.00193, -0.947411, -0.319998, 0.0, 0.0, 0.0, 0.0, 1.0],
                [1.000001, -0.001951, -0.000116, -0.0, -0.000118, -0.119315, 0.992859, 0.37472, -0.001951, -0.992849, -0.119316, 0.0, 0.0, 0.0, 0.0, 1.0],
                [1.000002, -0.00194, -0.000237, -0.0, -0.00024, -0.242153, 0.97024, 0.37472, -0.00194, -0.97023, -0.242154, -0.0, 0.0, 0.0, 0.0, 1.0],
                [1.000002, -0.001942, -0.000221, 0.0, -0.000223, -0.225906, 0.974151, 0.37472, -0.001942, -0.974141, -0.225908, 0.0, 0.0, 0.0, 0.0, 1.0],
                [1.000001, -0.001946, -0.000189, -0.0, -0.00019, -0.192896, 0.981221, 0.37472, -0.001946, -0.981212, -0.192897, 0.0, 0.0, 0.0, 0.0, 1.0],
                [1.000003, -0.001946, -0.000186, -0.0, -0.000189, -0.191139, 0.981565, 0.37472, -0.001946, -0.981554, -0.19114, 0.0, 0.0, 0.0, 0.0, 1.0],
                [1.000002, -0.001946, -0.000191, -0.0, -0.000193, -0.195527, 0.9807, 0.37472, -0.001946, -0.980691, -0.195528, -0.0, 0.0, 0.0, 0.0, 1.0],
                [1.000002, -0.001945, -0.00019, 0.0, -0.000192, -0.194649, 0.980875, 0.37472, -0.001945, -0.980864, -0.194651, 0.0, 0.0, 0.0, 0.0, 1.0],
                [1.000002, -0.001946, -0.00019, -0.0, -0.000191, -0.193767, 0.981049, 0.37472, -0.001946, -0.98104, -0.193768, 0.0, 0.0, 0.0, 0.0, 1.0],
                [1.000001, -0.001946, -0.000189, -0.0, -0.00019, -0.192895, 0.981221, 0.37472, -0.001946, -0.981212, -0.192897, 0.0, 0.0, 0.0, 0.0, 1.0],
                [1.000002, -0.001946, -0.000186, 0.0, -0.000187, -0.189818, 0.98182, 0.37472, -0.001946, -0.981811, -0.18982, -0.0, 0.0, 0.0, 0.0, 1.0],
                [1.000002, -0.001947, -0.000182, 0.0, -0.000184, -0.18674, 0.982411, 0.37472, -0.001947, -0.982402, -0.186741, -0.0, 0.0, 0.0, 0.0, 1.0],
                [1.000001, -0.001947, -0.000177, 0.0, -0.000178, -0.180729, 0.983534, 0.37472, -0.001947, -0.983527, -0.18073, 0.0, 0.0, 0.0, 0.0, 1.0],
                [1.000001, -0.001948, -0.000171, -0.0, -0.000172, -0.174708, 0.984621, 0.37472, -0.001948, -0.984613, -0.17471, 0.0, 0.0, 0.0, 0.0, 1.0],
                [1.000002, -0.001948, -0.000165, 0.0, -0.000166, -0.168682, 0.985672, 0.37472, -0.001948, -0.985662, -0.168684, 0.0, 0.0, 0.0, 0.0, 1.0],
                [1.000001, -0.001949, -0.000158, -0.0, -0.000161, -0.162651, 0.986685, 0.37472, -0.001948, -0.986677, -0.162652, 0.0, 0.0, 0.0, 0.0, 1.0],
                [1.000002, -0.00195, -0.000152, 0.0, -0.000155, -0.156612, 0.987662, 0.37472, -0.001949, -0.987651, -0.156614, -0.0, 0.0, 0.0, 0.0, 1.0],
                [1.000001, -0.00195, -0.000147, 0.0, -0.000149, -0.150568, 0.988601, 0.37472, -0.00195, -0.988592, -0.150569, 0.0, 0.0, 0.0, 0.0, 1.0],
                [1.000002, -0.00195, -0.00014, 0.0, -0.000143, -0.144518, 0.989503, 0.37472, -0.00195, -0.989495, -0.144519, 0.0, 0.0, 0.0, 0.0, 1.0],
                [1.000002, -0.001951, -0.000134, 0.0, -0.000137, -0.138464, 0.990369, 0.37472, -0.00195, -0.99036, -0.138465, -0.0, 0.0, 0.0, 0.0, 1.0],
                [1.000002, -0.00195, -0.000133, 0.0, -0.000135, -0.13665, 0.990621, 0.37472, -0.00195, -0.990611, -0.136651, -0.0, 0.0, 0.0, 0.0, 1.0],
                [1.000001, -0.00195, -0.000136, 0.0, -0.000138, -0.139592, 0.99021, 0.37472, -0.00195, -0.990202, -0.139593, 0.0, 0.0, 0.0, 0.0, 1.0],
                [1.000002, -0.00195, -0.000139, 0.0, -0.00014, -0.142533, 0.989792, 0.37472, -0.00195, -0.989782, -0.142534, 0.0, 0.0, 0.0, 0.0, 1.0],
                [1.000002, -0.00195, -0.000141, 0.0, -0.000144, -0.145472, 0.989364, 0.37472, -0.00195, -0.989354, -0.145474, 0.0, 0.0, 0.0, 0.0, 1.0],
                [1.000002, -0.00195, -0.000145, 0.0, -0.000146, -0.148411, 0.988927, 0.37472, -0.00195, -0.988918, -0.148412, -0.0, 0.0, 0.0, 0.0, 1.0],
                [1.000002, -0.00195, -0.000141, 0.0, -0.000142, -0.143897, 0.989594, 0.37472, -0.00195, -0.989586, -0.143898, 0.0, 0.0, 0.0, 0.0, 1.0],
                [1.000003, -0.001951, -0.000129, 0.0, -0.00013, -0.132104, 0.991238, 0.37472, -0.001951, -0.991227, -0.132105, 0.0, 0.0, 0.0, 0.0, 1.0],
                [1.000002, -0.001952, -0.000107, -0.0, -0.000109, -0.110122, 0.99392, 0.37472, -0.001952, -0.99391, -0.110123, 0.0, 0.0, 0.0, 0.0, 1.0],
                [1.000002, -0.001953, -7.3e-05, 0.0, -7.6e-05, -0.076633, 0.997061, 0.37472, -0.001953, -0.997051, -0.076634, 0.0, 0.0, 0.0, 0.0, 1.0],
                [1.000002, -0.001955, -1.8e-05, 0.0, -2e-05, -0.019442, 0.999813, 0.37472, -0.001955, -0.999803, -0.019442, -0.0, 0.0, 0.0, 0.0, 1.0],
                [1.000002, -0.001954, 6.7e-05, 0.0, 6.5e-05, 0.06722, 0.99774, 0.37472, -0.001954, -0.99773, 0.067221, 0.0, 0.0, 0.0, 0.0, 1.0],
                [1.000002, -0.001948, 0.000165, 0.0, 0.000164, 0.16724, 0.985918, 0.37472, -0.001948, -0.985909, 0.167241, -0.0, 0.0, 0.0, 0.0, 1.0],
                [1.000002, -0.001935, 0.000278, 0.0, 0.000276, 0.280772, 0.959776, 0.37472, -0.001936, -0.959766, 0.280775, -0.0, 0.0, 0.0, 0.0, 1.0],
                [1.000002, -0.001914, 0.0004, -0.0, 0.000398, 0.399692, 0.916649, 0.37472, -0.001914, -0.916642, 0.399695, 0.0, 0.0, 0.0, 0.0, 1.0],
                [1.000002, -0.001891, 0.000497, -0.0, 0.000496, 0.491285, 0.870998, 0.37472, -0.001891, -0.870989, 0.491289, -0.0, 0.0, 0.0, 0.0, 1.0],
                [1.000001, -0.001883, 0.000525, -0.0, 0.000523, 0.516743, 0.85614, 0.37472, -0.001884, -0.856133, 0.516746, -0.0, 0.0, 0.0, 0.0, 1.0],
                [1.000002, -0.001887, 0.000511, 0.0, 0.000509, 0.503645, 0.86391, 0.37472, -0.001887, -0.863903, 0.503648, 0.0, 0.0, 0.0, 0.0, 1.0],
                [1.000002, -0.001893, 0.000488, 0.0, 0.000486, 0.482186, 0.876069, 0.37472, -0.001894, -0.876061, 0.482189, 0.0, 0.0, 0.0, 0.0, 1.0],
                [1.000002, -0.001897, 0.000475, 0.0, 0.000473, 0.470165, 0.882578, 0.37472, -0.001897, -0.88257, 0.470168, 0.0, 0.0, 0.0, 0.0, 1.0],
                [1.000002, -0.001891, 0.000496, 0.0, 0.000494, 0.48989, 0.871784, 0.37472, -0.001892, -0.871775, 0.489894, -0.0, 0.0, 0.0, 0.0, 1.0],
                [1.000002, -0.001873, 0.00056, 0.0, 0.000558, 0.548138, 0.836387, 0.37472, -0.001874, -0.836379, 0.548142, -0.0, 0.0, 0.0, 0.0, 1.0],
                [1.000002, -0.001844, 0.000651, -0.0, 0.000649, 0.627102, 0.778935, 0.37472, -0.001844, -0.778928, 0.627106, 0.0, 0.0, 0.0, 0.0, 1.0],
                [1.000002, -0.001813, 0.000732, 0.0, 0.000729, 0.693098, 0.72084, 0.37472, -0.001814, -0.720833, 0.693103, -0.0, 0.0, 0.0, 0.0, 1.0],
                [1.000002, -0.001775, 0.00082, -0.0, 0.000818, 0.760865, 0.648906, 0.37472, -0.001776, -0.648901, 0.760869, -0.0, 0.0, 0.0, 0.0, 1.0],
                [1.000002, -0.001716, 0.000938, 0.0, 0.000935, 0.841085, 0.540895, 0.37472, -0.001717, -0.540891, 0.84109, -0.0, 0.0, 0.0, 0.0, 1.0],
                [1.000002, -0.001705, 0.000957, 0.0, 0.000954, 0.85293, 0.522017, 0.37472, -0.001706, -0.522013, 0.852935, -0.0, 0.0, 0.0, 0.0, 1.0],
                [1.000002, -0.001696, 0.000973, -0.0, 0.00097, 0.862386, 0.506245, 0.37472, -0.001698, -0.50624, 0.86239, -0.0, 0.0, 0.0, 0.0, 1.0],
                [1.000002, -0.001688, 0.000989, 0.0, 0.000986, 0.87155, 0.490298, 0.37472, -0.001689, -0.490294, 0.871554, -0.0, 0.0, 0.0, 0.0, 1.0],
                [0.999995, -0.001635, 0.001071, 0.0, 0.001069, 0.91608, 0.400996, 0.37472, -0.001637, -0.400993, 0.916082, 0.0, 0.0, 0.0, 0.0, 1.0]
            ]
        },
        {
            "name": "Knee_R",
            "time": [0.0, 3.0833],
            "transform": [
                [1.0, 0.0, -0.0, -0.0, -0.0, 1e-06, -1.0, 0.37472, -0.0, 1.0, 1e-06, -0.0, 0.0, 0.0, 0.0, 1.0],
                [1.0, 0.0, -0.0, 0.0, -0.0, 1e-06, -1.0, 0.37472, -0.0, 1.0, 1e-06, 0.0, 0.0, 0.0, 0.0, 1.0]
            ]
        },
        {
            "name": "Thigh_L",
            "time": [0.0, 0.0417, 0.0833, 0.125, 0.1667, 0.2083, 0.25, 0.2917, 0.3333, 0.375, 0.4167, 0.4583, 0.5, 0.5417, 0.5833, 0.625, 0.6667, 0.7083, 0.75, 0.7917, 0.8333, 0.875, 0.9167, 0.9583, 1.0, 1.0417, 1.0833, 1.125, 1.1667, 1.2083, 1.25, 1.2917, 1.3333, 1.375, 1.4167, 1.4583, 1.5, 1.5417, 1.5833, 1.625, 1.6667, 1.7083, 1.75, 1.7917, 1.8333, 1.875, 1.9167, 1.9583, 2.0, 2.0417, 2.0833, 2.125, 2.1667, 2.2083, 2.25, 2.2917, 2.3333, 2.375, 2.4167, 2.4583, 2.5, 2.5417, 2.5833, 2.625, 2.6667, 2.7083, 2.75, 2.7917, 3.0833],
            "transform": [
                [0.691917, 0.033007, 0.72122, -0.07689, -0.241665, -0.930744, 0.274444, 0.046175, 0.680325, -0.364188, -0.636022, -0.111194, 0.0, 0.0, 0.0, 1.0],
                [0.620485, 0.066104, 0.781427, -0.066467, -0.27382, -0.915467, 0.294868, 0.046465, 0.734858, -0.396933, -0.549933, -0.115815, 0.0, 0.0, 0.0, 1.0],
                [0.546478, 0.080134, 0.83363, -0.055278, -0.427332, -0.829391, 0.359862, 0.046677, 0.72024, -0.552895, -0.419001, -0.119427, 0.0, 0.0, 0.0, 1.0],
                [0.525551, 0.03392, 0.850085, -0.045946, -0.487411, -0.806962, 0.333535, 0.04692, 0.697297, -0.589632, -0.407567, -0.121388, 0.0, 0.0, 0.0, 1.0],
                [0.511746, 0.012963, 0.859038, -0.039017, -0.516713, -0.794189, 0.319802, 0.047076, 0.686381, -0.607536, -0.399726, -0.122297, 0.0, 0.0, 0.0, 1.0],
                [0.469819, 0.046569, 0.881533, -0.031595, -0.494143, -0.813623, 0.306339, 0.04719, 0.731497, -0.57953, -0.359244, -0.122696, 0.0, 0.0, 0.0, 1.0],
                [0.425978, 0.066845, 0.902261, -0.024774, -0.471601, -0.834661, 0.284492, 0.047226, 0.772095, -0.546697, -0.324024, -0.122634, 0.0, 0.0, 0.0, 1.0],
                [0.398943, 0.0641, 0.914732, -0.021557, -0.46743, -0.844003, 0.263006, 0.047145, 0.78889, -0.5325, -0.306747, -0.122454, 0.0, 0.0, 0.0, 1.0],
                [0.376005, 0.050081, 0.925263, -0.019677, -0.473007, -0.848269, 0.238134, 0.047109, 0.796793, -0.527199, -0.295265, -0.122295, 0.0, 0.0, 0.0, 1.0],
                [0.344589, 0.026915, 0.938368, -0.017176, -0.4793, -0.854439, 0.200518, 0.047038, 0.807171, -0.518858, -0.28153, -0.122033, 0.0, 0.0, 0.0, 1.0],
                [0.314613, 0.001679, 0.949219, -0.014784, -0.479771, -0.862582, 0.160544, 0.046819, 0.819044, -0.505919, -0.270574, -0.121732, 0.0, 0.0, 0.0, 1.0],
                [0.284588, -0.018659, 0.958469, -0.011954, -0.4721, -0.872898, 0.123183, 0.046692, 0.834343, -0.487551, -0.257225, -0.121297, 0.0, 0.0, 0.0, 1.0],
                [0.247643, -0.042845, 0.967904, -0.008394, -0.450134, -0.889741, 0.075785, 0.046539, 0.857933, -0.454456, -0.239625, -0.120629, 0.0, 0.0, 0.0, 1.0],
                [0.274587, -0.030748, 0.96107, -0.012061, -0.430436, -0.897688, 0.094261, 0.046514, 0.859838, -0.439564, -0.259728, -0.121287, 0.0, 0.0, 0.0, 1.0],
                [0.390815, 0.023868, 0.92016, -0.025074, -0.427084, -0.880844, 0.204244, 0.046683, 0.815388, -0.472809, -0.334054, -0.122684, 0.0, 0.0, 0.0, 1.0],
                [0.619766, 0.059823, 0.782502, -0.055907, -0.372438, -0.855236, 0.360367, 0.044691, 0.690779, -0.514778, -0.507767, -0.1184, 0.0, 0.0, 0.0, 1.0],
                [0.872557, 0.020824, 0.488066, -0.098335, -0.25768, -0.829176, 0.496057, 0.036902, 0.415021, -0.558605, -0.718136, -0.096355, 0.0, 0.0, 0.0, 1.0],
                [0.967383, -0.050084, 0.248313, -0.118863, -0.164397, -0.869913, 0.465005, 0.028554, 0.192721, -0.490661, -0.849771, -0.069528, 0.0, 0.0, 0.0, 1.0],
                [0.992499, -0.121643, 0.011977, -0.128929, -0.121736, -0.992537, 0.007503, 0.020821, 0.010975, -0.008904, -0.9999, -0.037805, 0.0, 0.0, 0.0, 1.0],
                [0.977199, -0.108976, -0.182214, -0.129716, -0.192647, -0.815856, -0.545225, 0.020039, -0.089243, 0.567899, -0.818247, -0.007597, 0.0, 0.0, 0.0, 1.0],
                [0.95831, -0.133617, -0.252554, -0.127883, -0.263667, -0.754089, -0.601525, 0.029641, -0.110074, 0.643041, -0.757881, 0.009228, 0.0, 0.0, 0.0, 1.0],
                [0.938339, -0.15408, -0.309478, -0.125825, -0.320892, -0.721248, -0.613866, 0.04192, -0.128625, 0.675327, -0.726218, 0.017478, 0.0, 0.0, 0.0, 1.0],
                [0.889754, -0.235209, -0.391166, -0.122389, -0.425027, -0.739369, -0.522196, 0.053215, -0.16639, 0.630885, -0.757826, 0.023882, 0.0, 0.0, 0.0, 1.0],
                [0.860313, -0.268152, -0.433535, -0.120395, -0.472985, -0.737078, -0.482704, 0.061476, -0.19011, 0.620335, -0.76095, 0.025086, 0.0, 0.0, 0.0, 1.0],
                [0.841073, -0.288668, -0.457454, -0.118811, -0.500069, -0.737351, -0.454144, 0.067459, -0.206206, 0.610731, -0.764519, 0.025217, 0.0, 0.0, 0.0, 1.0],
                [0.839067, -0.312757, -0.445138, -0.118077, -0.503976, -0.754994, -0.419518, 0.069204, -0.204868, 0.576345, -0.791112, 0.025633, 0.0, 0.0, 0.0, 1.0],
                [0.841957, -0.328674, -0.427878, -0.117882, -0.501049, -0.770475, -0.394107, 0.069046, -0.200136, 0.546211, -0.813388, 0.026109, 0.0, 0.0, 0.0, 1.0],
                [0.840524, -0.331412, -0.428584, -0.117606, -0.502076, -0.773721, -0.386365, 0.069143, -0.203557, 0.539933, -0.816724, 0.026582, 0.0, 0.0, 0.0, 1.0],
                [0.838486, -0.330742, -0.433069, -0.117326, -0.503441, -0.774315, -0.383387, 0.069239, -0.208528, 0.539492, -0.815761, 0.027057, 0.0, 0.0, 0.0, 1.0],
