{
    "animation": [
        {
            "name": "Root",
            "time": [0.0, 0.2667, 0.3, 0.4333, 0.4667, 0.5, 0.6333, 0.7667, 0.9, 0.9667, 1.1333, 1.3, 1.4667, 1.5667, 1.9667, 2.1],
            "transform": [
                [1.0, 0.0, 0.0, -5e-06, 0.0, 0.0, -1.0, 0.000946, 0.0, 1.0, 0.0, 0.661343, 0.0, 0.0, 0.0, 1.0],
                [1.0, 0.0, 0.0, -5e-06, 0.0, 0.0, -1.0, 0.215105, 0.0, 1.0, 0.0, 0.661343, 0.0, 0.0, 0.0, 1.0],
                [1.0, 0.0, 0.0, -5e-06, 0.0, 0.0, -1.0, 0.307335, 0.0, 1.0, 0.0, 0.547298, 0.0, 0.0, 0.0, 1.0],
                [1.0, 0.0, 0.0, -5e-06, 0.0, 0.0, -1.0, 0.794005, 0.0, 1.0, 0.0, 0.377837, 0.0, 0.0, 0.0, 1.0],
                [1.0, 0.0, 0.0, -5e-06, 0.0, 0.0, -1.0, 0.994018, 0.0, 1.0, 0.0, 0.377837, 0.0, 0.0, 0.0, 1.0],
                [1.0, 0.0, 0.0, -5e-06, 0.0, 0.0, -1.0, 1.207989, 0.0, 1.0, 0.0, 0.377837, 0.0, 0.0, 0.0, 1.0],
                [1.0, 0.0, 0.0, -5e-06, 0.0, 0.0, -1.0, 1.316152, 0.0, 1.0, 0.0, 0.352063, 0.0, 0.0, 0.0, 1.0],
                [1.0, 0.0, 0.0, -5e-06, 0.0, 0.0, -1.0, 1.310205, 0.0, 1.0, 0.0, 0.35853, 0.0, 0.0, 0.0, 1.0],
                [1.0, 0.0, 0.0, -5e-06, 0.0, 0.0, -1.0, 1.304258, 0.0, 1.0, 0.0, 0.404001, 0.0, 0.0, 0.0, 1.0],
                [1.0, 0.0, 0.0, -5e-06, 0.0, 0.0, -1.0, 1.327351, 0.0, 1.0, 0.0, 0.440577, 0.0, 0.0, 0.0, 1.0],
                [1.0, 0.0, 0.0, -5e-06, 0.0, 0.0, -1.0, 1.399731, 0.0, 1.0, 0.0, 0.514274, 0.0, 0.0, 0.0, 1.0],
                [1.0, 0.0, 0.0, -5e-06, 0.0, 0.0, -1.0, 1.43381, 0.0, 1.0, 0.0, 0.579819, 0.0, 0.0, 0.0, 1.0],
                [1.0, 0.0, 0.0, -5e-06, 0.0, 0.0, -1.0, 1.479271, 0.0, 1.0, 0.0, 0.606881, 0.0, 0.0, 0.0, 1.0],
                [1.0, 0.0, 0.0, -0.000215, 0.0, 0.0, -1.0, 1.506248, 0.0, 1.0, 0.0, 0.60967, 0.0, 0.0, 0.0, 1.0],
                [1.0, 0.0, 0.0, -0.000215, 0.0, 0.0, -1.0, 1.548001, 0.0, 1.0, 0.0, 0.60967, 0.0, 0.0, 0.0, 1.0],
                [1.0, 0.0, 0.0, -0.000215, 0.0, 0.0, -1.0, 1.548001, 0.0, 1.0, 0.0, 0.60967, 0.0, 0.0, 0.0, 1.0]
            ]
        },
        {
            "name": "Thigh_R",
            "time": [0.0, 0.0333, 0.0667, 0.1, 0.1333, 0.1667, 0.2, 0.2333, 0.2667, 0.3, 0.3333, 0.3667, 0.4, 0.4333, 0.4667, 0.5, 0.5333, 0.5667, 0.6, 0.6333, 0.6667, 0.7, 0.7333, 0.7667, 0.8, 0.8333, 0.8667, 0.9, 0.9333, 0.9667, 1.0, 1.0333, 1.0667, 1.1, 1.1333, 1.1667, 1.2, 1.2333, 1.2667, 1.3, 1.3333, 1.3667, 1.4, 1.4333, 1.4667, 1.5, 1.5333, 1.5667, 1.6, 1.6333, 1.6667, 1.7, 1.7333, 1.7667, 1.8, 1.8333, 1.8667, 1.9, 1.9333, 1.9667, 2.0, 2.0333, 2.0667, 2.1],
            "transform": [
                [0.860661, 0.266694, 0.433746, 0.124994, 0.23403, -0.963742, 0.128193, -0.002831, 0.452206, -0.008821, -0.89187, -1.2e-05, 0.0, 0.0, 0.0, 1.0],
                [0.768635, 0.374034, 0.518939, 0.124994, 0.242579, -0.92108, 0.304581, -0.002831, 0.591905, -0.108228, -0.798707, -1.2e-05, 0.0, 0.0, 0.0, 1.0],
                [0.668454, 0.489438, 0.560017, 0.124994, 0.247927, -0.85653, 0.452647, -0.002831, 0.701213, -0.16373, -0.693896, -1.2e-05, 0.0, 0.0, 0.0, 1.0],
                [0.618433, 0.554029, 0.557308, 0.124994, 0.245479, -0.809899, 0.532732, -0.002831, 0.746513, -0.192651, -0.636871, -1.2e-05, 0.0, 0.0, 0.0, 1.0],
                [0.609693, 0.580221, 0.540016, 0.124994, 0.252762, -0.788043, 0.561338, -0.002831, 0.751255, -0.205748, -0.627123, -1.2e-05, 0.0, 0.0, 0.0, 1.0],
                [0.629595, 0.572962, 0.524714, 0.124994, 0.267352, -0.793903, 0.546113, -0.002831, 0.729475, -0.203546, -0.653021, -1.2e-05, 0.0, 0.0, 0.0, 1.0],
                [0.663383, 0.546513, 0.511122, 0.124994, 0.281788, -0.815237, 0.50595, -0.002831, 0.693192, -0.191611, -0.694815, -1.2e-05, 0.0, 0.0, 0.0, 1.0],
                [0.688422, 0.501313, 0.524177, 0.124994, 0.302856, -0.855354, 0.420295, -0.002831, 0.659056, -0.13059, -0.74067, -1.2e-05, 0.0, 0.0, 0.0, 1.0],
                [0.711926, 0.475419, 0.516852, 0.124994, 0.326292, -0.875662, 0.35602, -0.002831, 0.621845, -0.084815, -0.778533, -1.2e-05, 0.0, 0.0, 0.0, 1.0],
                [0.807081, 0.500235, 0.313663, 0.124994, 0.298771, -0.804207, 0.513798, -0.002831, 0.509269, -0.320963, -0.798516, -1.2e-05, 0.0, 0.0, 0.0, 1.0],
                [0.831299, 0.504335, 0.233638, 0.124994, 0.351032, -0.802282, 0.482825, -0.002831, 0.430949, -0.319358, -0.843975, -1.2e-05, 0.0, 0.0, 0.0, 1.0],
                [0.871075, 0.469615, 0.143844, 0.124994, 0.361585, -0.81137, 0.459277, -0.002831, 0.332393, -0.348052, -0.876569, -1.2e-05, 0.0, 0.0, 0.0, 1.0],
                [0.972112, 0.208109, -0.108118, 0.124994, 0.220673, -0.65564, 0.722108, -0.002831, 0.079391, -0.725828, -0.683279, -1.2e-05, 0.0, 0.0, 0.0, 1.0],
                [0.979112, 0.050109, -0.19705, 0.124994, 0.201179, -0.379092, 0.903225, -0.002831, -0.02944, -0.924002, -0.381255, -1.2e-05, 0.0, 0.0, 0.0, 1.0],
                [0.989572, -0.0022, -0.144029, 0.124994, 0.134312, -0.347236, 0.928109, -0.002831, -0.052054, -0.937774, -0.34332, -1.2e-05, 0.0, 0.0, 0.0, 1.0],
                [0.961254, -0.11479, -0.250624, 0.124994, 0.206398, -0.30295, 0.930387, -0.002831, -0.182726, -0.946069, -0.26752, -1.2e-05, 0.0, 0.0, 0.0, 1.0],
                [0.940649, -0.120401, -0.317308, 0.124994, 0.262888, -0.332815, 0.905607, -0.002831, -0.214641, -0.935274, -0.281411, -1.2e-05, 0.0, 0.0, 0.0, 1.0],
                [0.930216, -0.121161, -0.346439, 0.124994, 0.288548, -0.341894, 0.894342, -0.002831, -0.226806, -0.931894, -0.283075, -1.2e-05, 0.0, 0.0, 0.0, 1.0],
                [0.917475, -0.144271, -0.370708, 0.124994, 0.303284, -0.349335, 0.886557, -0.002831, -0.257406, -0.925825, -0.276751, -1.2e-05, 0.0, 0.0, 0.0, 1.0],
                [0.902353, -0.177891, -0.392574, 0.124994, 0.312041, -0.358661, 0.879768, -0.002831, -0.297303, -0.916361, -0.26813, -1.2e-05, 0.0, 0.0, 0.0, 1.0],
                [0.888065, -0.214487, -0.406614, 0.124994, 0.314756, -0.360973, 0.877854, -0.002831, -0.335064, -0.907577, -0.253057, -1.2e-05, 0.0, 0.0, 0.0, 1.0],
                [0.874998, -0.249174, -0.415077, 0.124994, 0.313722, -0.361162, 0.878146, -0.002831, -0.36872, -0.898597, -0.237845, -1.2e-05, 0.0, 0.0, 0.0, 1.0],
                [0.86455, -0.276941, -0.419354, 0.124994, 0.311175, -0.360243, 0.879429, -0.002831, -0.394619, -0.890803, -0.225272, -1.2e-05, 0.0, 0.0, 0.0, 1.0],
                [0.855696, -0.295656, -0.424701, 0.124994, 0.311561, -0.360941, 0.879006, -0.002831, -0.413175, -0.884483, -0.216741, -1.2e-05, 0.0, 0.0, 0.0, 1.0],
                [0.851911, -0.301629, -0.428097, 0.124994, 0.312518, -0.363131, 0.877763, -0.002831, -0.420214, -0.881565, -0.215091, -1.2e-05, 0.0, 0.0, 0.0, 1.0],
                [0.85981, -0.294955, -0.416806, 0.124994, 0.299538, -0.36972, 0.879536, -0.002831, -0.413524, -0.881086, -0.22954, -1.2e-05, 0.0, 0.0, 0.0, 1.0],
                [0.867941, -0.293254, -0.400847, 0.124994, 0.277038, -0.384002, 0.880791, -0.002831, -0.412221, -0.875526, -0.252049, -1.2e-05, 0.0, 0.0, 0.0, 1.0],
                [0.868857, -0.299981, -0.393824, 0.124994, 0.25688, -0.40685, 0.876633, -0.002831, -0.4232, -0.862837, -0.276436, -1.2e-05, 0.0, 0.0, 0.0, 1.0],
                [0.878558, -0.289829, -0.379648, 0.124994, 0.231958, -0.435926, 0.869576, -0.002831, -0.417526, -0.852039, -0.315758, -1.2e-05, 0.0, 0.0, 0.0, 1.0],
                [0.898292, -0.258196, -0.355535, 0.124994, 0.203507, -0.472654, 0.857428, -0.002831, -0.389429, -0.842576, -0.372037, -1.2e-05, 0.0, 0.0, 0.0, 1.0],
                [0.918777, -0.22139, -0.326854, 0.124994, 0.176574, -0.510055, 0.841823, -0.002831, -0.353084, -0.831163, -0.429536, -1.2e-05, 0.0, 0.0, 0.0, 1.0],
                [0.939652, -0.178869, -0.291651, 0.124994, 0.150315, -0.549939, 0.821566, -0.002831, -0.307344, -0.815826, -0.489865, -1.2e-05, 0.0, 0.0, 0.0, 1.0],
                [0.95821, -0.132728, -0.253408, 0.124994, 0.128871, -0.590577, 0.796625, -0.002831, -0.255392, -0.795992, -0.548792, -1.2e-05, 0.0, 0.0, 0.0, 1.0],
                [0.974043, -0.087874, -0.20861, 0.124994, 0.108029, -0.629404, 0.769532, -0.002831, -0.198922, -0.772093, -0.603574, -1.2e-05, 0.0, 0.0, 0.0, 1.0],
                [0.985597, -0.043912, -0.163301, 0.124994, 0.092633, -0.667712, 0.738635, -0.002831, -0.141473, -0.743126, -0.654027, -1.2e-05, 0.0, 0.0, 0.0, 1.0],
                [0.992921, -0.004625, -0.118695, 0.124994, 0.081125, -0.703501, 0.706048, -0.002831, -0.086768, -0.710678, -0.698145, -1.2e-05, 0.0, 0.0, 0.0, 1.0],
                [0.996881, 0.030707, -0.0727, 0.124994, 0.071602, -0.739295, 0.669564, -0.002831, -0.033186, -0.672681, -0.739188, -1.2e-05, 0.0, 0.0, 0.0, 1.0],
                [0.99768, 0.06389, -0.023521, 0.124994, 0.064415, -0.773968, 0.62994, -0.002831, 0.022042, -0.629993, -0.776288, -1.2e-05, 0.0, 0.0, 0.0, 1.0],
                [0.995437, 0.091693, 0.026406, 0.124994, 0.058806, -0.807457, 0.586989, -0.002831, 0.075145, -0.582758, -0.809164, -1.2e-05, 0.0, 0.0, 0.0, 1.0],
                [0.9909, 0.113437, 0.072438, 0.124994, 0.056238, -0.837919, 0.54289, -0.002831, 0.122281, -0.533877, -0.836674, -1.2e-05, 0.0, 0.0, 0.0, 1.0],
                [0.985079, 0.129951, 0.112833, 0.124994, 0.056123, -0.862347, 0.503199, -0.002831, 0.162692, -0.489359, -0.856773, -1.2e-05, 0.0, 0.0, 0.0, 1.0],
                [0.980574, 0.139231, 0.138151, 0.124994, 0.057863, -0.878348, 0.47451, -0.002831, 0.187411, -0.4573, -0.869341, -1.2e-05, 0.0, 0.0, 0.0, 1.0],
                [0.978078, 0.146177, 0.148306, 0.124994, 0.062542, -0.88553, 0.460353, -0.002831, 0.198623, -0.440985, -0.87526, -1.2e-05, 0.0, 0.0, 0.0, 1.0],
                [0.975692, 0.154679, 0.155232, 0.124994, 0.069458, -0.890128, 0.450388, -0.002831, 0.207841, -0.428659, -0.879235, -1.2e-05, 0.0, 0.0, 0.0, 1.0],
                [0.971138, 0.169163, 0.168148, 0.124994, 0.08192, -0.89865, 0.430949, -0.002831, 0.224007, -0.404736, -0.886572, -1.2e-05, 0.0, 0.0, 0.0, 1.0],
                [0.963215, 0.188331, 0.191695, 0.124994, 0.099513, -0.9126, 0.396559, -0.002831, 0.249625, -0.362896, -0.897771, -1.2e-05, 0.0, 0.0, 0.0, 1.0],
                [0.952583, 0.211224, 0.219017, 0.124994, 0.123539, -0.926282, 0.356007, -0.002831, 0.278069, -0.312069, -0.908455, -1.1e-05, 0.0, 0.0, 0.0, 1.0],
                [0.93954, 0.234465, 0.24958, 0.124994, 0.151523, -0.938247, 0.31102, -0.002831, 0.307091, -0.254399, -0.917048, -1.2e-05, 0.0, 0.0, 0.0, 1.0],
                [0.925705, 0.254429, 0.279884, 0.124994, 0.180836, -0.947609, 0.263317, -0.002831, 0.332216, -0.19314, -0.923217, -1.2e-05, 0.0, 0.0, 0.0, 1.0],
                [0.911626, 0.267543, 0.312023, 0.124994, 0.207451, -0.954857, 0.212636, -0.002831, 0.354825, -0.129115, -0.925974, -1.2e-05, 0.0, 0.0, 0.0, 1.0],
                [0.898367, 0.273875, 0.343404, 0.124994, 0.229719, -0.95932, 0.164125, -0.002831, 0.374384, -0.068558, -0.924735, -1.2e-05, 0.0, 0.0, 0.0, 1.0],
                [0.887468, 0.274198, 0.370423, 0.124994, 0.243178, -0.961365, 0.129015, -0.002831, 0.391486, -0.024418, -0.91986, -1.2e-05, 0.0, 0.0, 0.0, 1.0],
                [0.87763, 0.273227, 0.393842, 0.124994, 0.248823, -0.96195, 0.112876, -0.002831, 0.409696, -0.001066, -0.912221, -1.2e-05, 0.0, 0.0, 0.0, 1.0],
                [0.872485, 0.271627, 0.406185, 0.124994, 0.249241, -0.962379, 0.108198, -0.002831, 0.420292, 0.006838, -0.907363, -1.2e-05, 0.0, 0.0, 0.0, 1.0],
                [0.870209, 0.269188, 0.412644, 0.124994, 0.248276, -0.963019, 0.104648, -0.002831, 0.425555, 0.011384, -0.904861, -1.2e-05, 0.0, 0.0, 0.0, 1.0],
                [0.868441, 0.267069, 0.417709, 0.124994, 0.246173, -0.963601, 0.104281, -0.002831, 0.430354, 0.012267, -0.902576, -1.2e-05, 0.0, 0.0, 0.0, 1.0],
                [0.866666, 0.264899, 0.422748, 0.124994, 0.244018, -0.964189, 0.103913, -0.002831, 0.435134, 0.013101, -0.90027, -1.2e-05, 0.0, 0.0, 0.0, 1.0],
                [0.865959, 0.263082, 0.425323, 0.124994, 0.241375, -0.964706, 0.105273, -0.002831, 0.438006, 0.011501, -0.898898, -1.2e-05, 0.0, 0.0, 0.0, 1.0],
                [0.865251, 0.261263, 0.427876, 0.124994, 0.238713, -0.96522, 0.106638, -0.002831, 0.440853, 0.009871, -0.897525, -1.2e-05, 0.0, 0.0, 0.0, 1.0],
                [0.864595, 0.260987, 0.42937, 0.124994, 0.236448, -0.965326, 0.110638, -0.002831, 0.443355, 0.005867, -0.896326, -1.2e-05, 0.0, 0.0, 0.0, 1.0],
                [0.863935, 0.260741, 0.430845, 0.124994, 0.234189, -0.965409, 0.114649, -0.002831, 0.445833, 0.00185, -0.895114, -1.2e-05, 0.0, 0.0, 0.0, 1.0],
                [0.863881, 0.26086, 0.430882, 0.124994, 0.232339, -0.965376, 0.118623, -0.002831, 0.446905, -0.002365, -0.894578, -1.2e-05, 0.0, 0.0, 0.0, 1.0],
                [0.863819, 0.261027, 0.430904, 0.124994, 0.230529, -0.965312, 0.122615, -0.002831, 0.44796, -0.006581, -0.894029, -1.2e-05, 0.0, 0.0, 0.0, 1.0],
                [0.86066, 0.266694, 0.433745, 0.124994, 0.23403, -0.963743, 0.128192, -0.002831, 0.452205, -0.008821, -0.89187, -1.2e-05, 0.0, 0.0, 0.0, 1.0]
            ]
        },
        {
            "name": "Leg_R",
            "time": [0.0, 0.0333, 0.0667, 0.1, 0.1333, 0.1667, 0.2, 0.2333, 0.2667, 0.3, 0.3333, 0.3667, 0.4, 0.4333, 0.4667, 0.5, 0.5333, 0.5667, 0.6, 0.6333, 0.6667, 0.7, 0.7333, 0.7667, 0.8, 0.8333, 0.8667, 0.9, 0.9333, 0.9667, 1.0, 1.0333, 1.0667, 1.1, 1.1333, 1.1667, 1.2, 1.2333, 1.2667, 1.3, 1.3333, 1.3667, 1.4, 1.4333, 1.4667, 1.5, 1.5333, 1.5667, 1.6, 1.6333, 1.6667, 1.7, 1.7333, 1.7667, 1.8, 1.8333, 1.8667, 1.9, 1.9333, 1.9667, 2.0, 2.0333, 2.0667, 2.1],
            "transform": [
                [0.999996, -0.001636, 0.001071, -0.0, 0.001069, 0.91608, 0.400998, 0.37472, -0.001637, -0.400996, 0.916079, 0.0, 0.0, 0.0, 0.0, 1.0],
                [0.999995, -0.001772, 0.000825, -0.0, 0.000823, 0.764681, 0.644412, 0.37472, -0.001773, -0.644412, 0.764679, 0.0, 0.0, 0.0, 0.0, 1.0],
                [0.999995, -0.001854, 0.000622, 0.0, 0.00062, 0.602244, 0.798313, 0.37472, -0.001854, -0.798313, 0.602243, -0.0, 0.0, 0.0, 0.0, 1.0],
                [0.999996, -0.001889, 0.000504, 0.0, 0.000501, 0.496849, 0.867838, 0.37472, -0.00189, -0.867837, 0.496848, -0.0, 0.0, 0.0, 0.0, 1.0],
                [0.999996, -0.001903, 0.000447, -0.0, 0.000445, 0.444257, 0.8959, 0.37472, -0.001903, -0.8959, 0.444257, 0.0, 0.0, 0.0, 0.0, 1.0],
                [0.999997, -0.001905, 0.000441, 0.0, 0.000438, 0.438414, 0.898773, 0.37472, -0.001906, -0.898772, 0.438413, 0.0, 0.0, 0.0, 0.0, 1.0],
                [0.999995, -0.001898, 0.000469, 0.0, 0.000466, 0.464464, 0.885592, 0.37472, -0.001898, -0.885594, 0.464463, -0.0, 0.0, 0.0, 0.0, 1.0],
                [0.999997, -0.001878, 0.000542, 0.0, 0.000541, 0.532242, 0.846593, 0.37472, -0.001878, -0.846591, 0.532243, -0.0, 0.0, 0.0, 0.0, 1.0],
                [0.999996, -0.001874, 0.000554, -0.0, 0.000552, 0.542875, 0.839815, 0.37472, -0.001875, -0.839814, 0.542874, -0.0, 0.0, 0.0, 0.0, 1.0],
                [0.999995, -0.001947, 0.000177, 0.0, 0.000177, 0.180563, 0.983564, 0.37472, -0.001947, -0.983564, 0.180563, 0.0, 0.0, 0.0, 0.0, 1.0],
                [0.999997, -0.001953, 7.6e-05, 0.0, 7.4e-05, 0.076635, 0.997059, 0.37472, -0.001953, -0.997059, 0.076635, 0.0, 0.0, 0.0, 0.0, 1.0],
                [0.999998, -0.001955, -3e-06, -0.0, -4e-06, -0.0039, 0.999993, 0.37472, -0.001955, -0.999991, -0.0039, -0.0, 0.0, 0.0, 0.0, 1.0],
                [0.999996, -0.00195, -0.00015, -0.0, -0.000151, -0.153813, 0.9881, 0.37472, -0.00195, -0.988099, -0.153813, 0.0, 0.0, 0.0, 0.0, 1.0],
                [0.999998, -0.001868, 0.000576, -0.0, 0.000574, 0.562472, 0.826816, 0.37472, -0.001869, -0.826816, 0.562471, 0.0, 0.0, 0.0, 0.0, 1.0],
                [0.999996, -0.001937, 0.000271, 0.0, 0.00027, 0.274122, 0.961695, 0.37472, -0.001937, -0.961694, 0.274122, -0.0, 0.0, 0.0, 0.0, 1.0],
                [0.999995, -0.001943, -0.000224, -0.0, -0.000226, -0.228485, 0.973548, 0.37472, -0.001943, -0.973549, -0.228484, 0.0, 0.0, 0.0, 0.0, 1.0],
                [0.999995, -0.001922, -0.000366, 0.0, -0.000367, -0.368257, 0.929725, 0.37472, -0.001922, -0.929724, -0.368257, -0.0, 0.0, 0.0, 0.0, 1.0],
                [0.999996, -0.00192, -0.000372, 0.0, -0.000372, -0.373681, 0.927558, 0.37472, -0.00192, -0.927557, -0.373681, 0.0, 0.0, 0.0, 0.0, 1.0],
                [0.999995, -0.001922, -0.000367, -0.0, -0.000367, -0.368257, 0.929725, 0.37472, -0.001922, -0.929725, -0.368256, 0.0, 0.0, 0.0, 0.0, 1.0],
                [0.999994, -0.00192, -0.000375, 0.0, -0.000375, -0.376, 0.926621, 0.37472, -0.00192, -0.926622, -0.375999, -0.0, 0.0, 0.0, 0.0, 1.0],
                [0.999994, -0.00192, -0.000374, -0.0, -0.000374, -0.375228, 0.926934, 0.37472, -0.00192, -0.926935, -0.375226, 0.0, 0.0, 0.0, 0.0, 1.0],
                [0.999995, -0.001922, -0.000363, -0.0, -0.000364, -0.365148, 0.93095, 0.37472, -0.001922, -0.930951, -0.365147, -0.0, 0.0, 0.0, 0.0, 1.0],
                [0.999994, -0.001925, -0.000347, 0.0, -0.000348, -0.349482, 0.936944, 0.37472, -0.001925, -0.936944, -0.349481, -0.0, 0.0, 0.0, 0.0, 1.0],
                [0.999995, -0.001929, -0.000323, 0.0, -0.000323, -0.325627, 0.945499, 0.37472, -0.001929, -0.945499, -0.325626, 0.0, 0.0, 0.0, 0.0, 1.0],
                [0.999994, -0.001934, -0.000287, -0.0, -0.000288, -0.290684, 0.956819, 0.37472, -0.001934, -0.956821, -0.290683, -0.0, 0.0, 0.0, 0.0, 1.0],
                [0.999995, -0.001941, -0.000241, 0.0, -0.000242, -0.245554, 0.969383, 0.37472, -0.00194, -0.969385, -0.245553, -0.0, 0.0, 0.0, 0.0, 1.0],
                [0.999995, -0.001947, -0.000192, 0.0, -0.000194, -0.195884, 0.980628, 0.37472, -0.001947, -0.980628, -0.195883, -0.0, 0.0, 0.0, 0.0, 1.0],
                [0.999994, -0.00195, -0.000142, -0.0, -0.000144, -0.145706, 0.989328, 0.37472, -0.00195, -0.98933, -0.145706, -0.0, 0.0, 0.0, 0.0, 1.0],
                [0.999994, -0.001954, -9.3e-05, -0.0, -9.5e-05, -0.096046, 0.995377, 0.37472, -0.001954, -0.99538, -0.096046, -0.0, 0.0, 0.0, 0.0, 1.0],
                [0.999994, -0.001957, -4.4e-05, -0.0, -4.6e-05, -0.046115, 0.998936, 0.37472, -0.001956, -0.998939, -0.046115, 0.0, 0.0, 0.0, 0.0, 1.0],
                [0.999995, -0.001955, 5e-06, -0.0, 3e-06, 0.0039, 0.999992, 0.37472, -0.001955, -0.999995, 0.0039, -0.0, 0.0, 0.0, 0.0, 1.0],
                [0.999996, -0.001955, 5.7e-05, -0.0, 5.5e-05, 0.057092, 0.998369, 0.37472, -0.001955, -0.998369, 0.057092, -0.0, 0.0, 0.0, 0.0, 1.0],
                [0.999996, -0.001952, 0.000109, -0.0, 0.000107, 0.110122, 0.993918, 0.37472, -0.001952, -0.993919, 0.110121, -0.0, 0.0, 0.0, 0.0, 1.0],
                [0.999995, -0.001948, 0.000166, 0.0, 0.000165, 0.169023, 0.985612, 0.37472, -0.001948, -0.985613, 0.169023, -0.0, 0.0, 0.0, 0.0, 1.0],
                [0.999994, -0.001942, 0.000228, -0.0, 0.000227, 0.231057, 0.97294, 0.37472, -0.001943, -0.972942, 0.231056, 0.0, 0.0, 0.0, 0.0, 1.0],
                [0.999996, -0.001933, 0.000295, -0.0, 0.000293, 0.297251, 0.9548, 0.37472, -0.001934, -0.954799, 0.297251, 0.0, 0.0, 0.0, 0.0, 1.0],
                [0.999994, -0.00192, 0.000371, -0.0, 0.000369, 0.371359, 0.92849, 0.37472, -0.001921, -0.928491, 0.371358, -0.0, 0.0, 0.0, 0.0, 1.0],
                [0.999996, -0.001902, 0.000456, 0.0, 0.000455, 0.452963, 0.89153, 0.37472, -0.001902, -0.89153, 0.452962, -0.0, 0.0, 0.0, 0.0, 1.0],
                [0.999994, -0.001877, 0.000547, -0.0, 0.000545, 0.536243, 0.844065, 0.37472, -0.001878, -0.844065, 0.536242, 0.0, 0.0, 0.0, 0.0, 1.0],
                [0.999995, -0.00185, 0.000635, -0.0, 0.000632, 0.613258, 0.789884, 0.37472, -0.00185, -0.789884, 0.613257, -0.0, 0.0, 0.0, 0.0, 1.0],
                [0.999995, -0.001822, 0.00071, -0.0, 0.000707, 0.675539, 0.737325, 0.37472, -0.001823, -0.737325, 0.675538, 0.0, 0.0, 0.0, 0.0, 1.0],
                [0.999995, -0.001803, 0.000758, 0.0, 0.000757, 0.714374, 0.699766, 0.37472, -0.001803, -0.699766, 0.714372, -0.0, 0.0, 0.0, 0.0, 1.0],
                [0.999996, -0.001793, 0.000781, -0.0, 0.000778, 0.731345, 0.682009, 0.37472, -0.001794, -0.682008, 0.731344, 0.0, 0.0, 0.0, 0.0, 1.0],
                [0.999995, -0.001789, 0.000788, 0.0, 0.000786, 0.736917, 0.675985, 0.37472, -0.001791, -0.675985, 0.736916, 0.0, 0.0, 0.0, 0.0, 1.0],
                [0.999995, -0.001786, 0.000795, 0.0, 0.000793, 0.74237, 0.669992, 0.37472, -0.001787, -0.66999, 0.742369, 0.0, 0.0, 0.0, 0.0, 1.0],
                [0.999996, -0.001778, 0.000813, 0.0, 0.000811, 0.755586, 0.655051, 0.37472, -0.001779, -0.65505, 0.755585, -0.0, 0.0, 0.0, 0.0, 1.0],
                [0.999996, -0.001768, 0.000836, -0.0, 0.000834, 0.7722, 0.63538, 0.37472, -0.001768, -0.635379, 0.772199, -0.0, 0.0, 0.0, 0.0, 1.0],
                [0.999996, -0.001753, 0.000866, 0.0, 0.000863, 0.793147, 0.609032, 0.37472, -0.001754, -0.609031, 0.793146, 0.0, 0.0, 0.0, 0.0, 1.0],
                [0.999997, -0.001734, 0.000904, 0.0, 0.000901, 0.818949, 0.573867, 0.37472, -0.001735, -0.573865, 0.818949, -0.0, 0.0, 0.0, 0.0, 1.0],
                [0.999996, -0.001708, 0.000951, -0.0, 0.000949, 0.849547, 0.527514, 0.37472, -0.001709, -0.527513, 0.849546, -0.0, 0.0, 0.0, 0.0, 1.0],
                [0.999995, -0.001677, 0.001005, 0.0, 0.001003, 0.881387, 0.472398, 0.37472, -0.001678, -0.472397, 0.881386, -0.0, 0.0, 0.0, 0.0, 1.0],
                [0.999996, -0.001649, 0.00105, 0.0, 0.001048, 0.905582, 0.424174, 0.37472, -0.001651, -0.424173, 0.90558, 0.0, 0.0, 0.0, 0.0, 1.0],
                [0.999997, -0.001633, 0.001074, -0.0, 0.001072, 0.91777, 0.397114, 0.37472, -0.001634, -0.397112, 0.917769, -0.0, 0.0, 0.0, 0.0, 1.0],
                [0.999995, -0.001626, 0.001086, 0.0, 0.001083, 0.923008, 0.384785, 0.37472, -0.001628, -0.384784, 0.923006, 0.0, 0.0, 0.0, 0.0, 1.0],
                [0.999998, -0.001622, 0.001091, -0.0, 0.001088, 0.925426, 0.378928, 0.37472, -0.001624, -0.378925, 0.925426, 0.0, 0.0, 0.0, 0.0, 1.0],
                [0.999995, -0.001622, 0.00109, -0.0, 0.001089, 0.925696, 0.378274, 0.37472, -0.001623, -0.378273, 0.925693, 0.0, 0.0, 0.0, 0.0, 1.0],
                [0.999996, -0.001621, 0.001092, 0.0, 0.001089, 0.925961, 0.377622, 0.37472, -0.001623, -0.377621, 0.92596, -0.0, 0.0, 0.0, 0.0, 1.0],
                [0.999995, -0.001623, 0.00109, 0.0, 0.001087, 0.924894, 0.380229, 0.37472, -0.001625, -0.380228, 0.924892, -0.0, 0.0, 0.0, 0.0, 1.0],
                [0.999995, -0.001625, 0.001087, 0.0, 0.001085, 0.92382, 0.382833, 0.37472, -0.001626, -0.382832, 0.923818, 0.0, 0.0, 0.0, 0.0, 1.0],
                [0.999995, -0.001626, 0.001085, -0.0, 0.001083, 0.922738, 0.385434, 0.37472, -0.001628, -0.385433, 0.922735, 0.0, 0.0, 0.0, 0.0, 1.0],
                [0.999994, -0.001628, 0.001081, -0.0, 0.001079, 0.921099, 0.389335, 0.37472, -0.00163, -0.389334, 0.921096, -0.0, 0.0, 0.0, 0.0, 1.0],
                [0.999995, -0.001631, 0.001078, 0.0, 0.001076, 0.919443, 0.393229, 0.37472, -0.001632, -0.393228, 0.91944, 0.0, 0.0, 0.0, 0.0, 1.0],
                [0.999994, -0.001633, 0.001074, -0.0, 0.001072, 0.917771, 0.397116, 0.37472, -0.001634, -0.397115, 0.917768, 0.0, 0.0, 0.0, 0.0, 1.0],
                [0.999995, -0.001635, 0.001071, 0.0, 0.001069, 0.916082, 0.400996, 0.37472, -0.001637, -0.400996, 0.916079, 0.0, 0.0, 0.0, 0.0, 1.0]
            ]
        },
        {
            "name": "Knee_R",
            "time": [0.0, 2.1],
            "transform": [
                [1.0, 0.0, -0.0, -0.0, -0.0, 1e-06, -1.0, 0.37472, -0.0, 1.0, 1e-06, 0.0, 0.0, 0.0, 0.0, 1.0],
                [1.0, 0.0, -0.0, 0.0, -0.0, 1e-06, -1.0, 0.37472, -0.0, 1.0, 1e-06, 0.0, 0.0, 0.0, 0.0, 1.0]
            ]
        },
        {
            "name": "Thigh_L",
            "time": [0.0, 0.0333, 0.0667, 0.1, 0.1333, 0.1667, 0.2, 0.2333, 0.2667, 0.3, 0.3333, 0.3667, 0.4, 0.4333, 0.4667, 0.5, 0.5333, 0.5667, 0.6, 0.6333, 0.6667, 0.7, 0.7333, 0.7667, 0.8, 0.8333, 0.8667, 0.9, 0.9333, 0.9667, 1.0, 1.0333, 1.0667, 1.1, 1.1333, 1.1667, 1.2, 1.2333, 1.2667, 1.3, 1.3333, 1.3667, 1.4, 1.4333, 1.4667, 1.5, 1.5333, 1.5667, 1.6, 1.6333, 1.6667, 1.7, 1.7333, 1.7667, 1.8, 1.8333, 1.8667, 1.9, 1.9333, 1.9667, 2.0, 2.0333, 2.0667, 2.1],
            "transform": [
                [0.984674, -0.168265, 0.045873, -0.125006, -0.174362, -0.943936, 0.280327, -0.002831, -0.003868, -0.284029, -0.958808, -1.2e-05, 0.0, 0.0, 0.0, 1.0],
                [0.978074, -0.140904, 0.153356, -0.125006, -0.183051, -0.932818, 0.310391, -0.002831, 0.099318, -0.331657, -0.938158, -1.2e-05, 0.0, 0.0, 0.0, 1.0],
                [0.961131, -0.101106, 0.256911, -0.125006, -0.183201, -0.92971, 0.319494, -0.002831, 0.20655, -0.354143, -0.912096, -1.2e-05, 0.0, 0.0, 0.0, 1.0],
                [0.934615, -0.075388, 0.347584, -0.125006, -0.189781, -0.932229, 0.308107, -0.002831, 0.300801, -0.353925, -0.885582, -1.2e-05, 0.0, 0.0, 0.0, 1.0],
                [0.910344, -0.069519, 0.407972, -0.125006, -0.194423, -0.942074, 0.273303, -0.002831, 0.36534, -0.328118, -0.871128, -1.2e-05, 0.0, 0.0, 0.0, 1.0],
                [0.896825, -0.078445, 0.435376, -0.125006, -0.1939, -0.954284, 0.227471, -0.002831, 0.397629, -0.288421, -0.871037, -1.2e-05, 0.0, 0.0, 0.0, 1.0],
                [0.896291, -0.093439, 0.433511, -0.125006, -0.183287, -0.968203, 0.170263, -0.002831, 0.403817, -0.232062, -0.884917, -1.2e-05, 0.0, 0.0, 0.0, 1.0],
                [0.9068, -0.11499, 0.405574, -0.125006, -0.163181, -0.982824, 0.086194, -0.002831, 0.388697, -0.144342, -0.909989, -1.2e-05, 0.0, 0.0, 0.0, 1.0],
                [0.924098, -0.141762, 0.354885, -0.125006, -0.134979, -0.989875, -0.043935, -0.002831, 0.357519, -0.007301, -0.933877, -1.2e-05, 0.0, 0.0, 0.0, 1.0],
                [0.964163, -0.170498, 0.203268, -0.125006, -0.131667, -0.972659, -0.19131, -0.002831, 0.230328, 0.157691, -0.960251, -1.2e-05, 0.0, 0.0, 0.0, 1.0],
                [0.961327, -0.135258, 0.239906, -0.125006, -0.059102, -0.952117, -0.299968, -0.002831, 0.268991, 0.274189, -0.92329, -1.2e-05, 0.0, 0.0, 0.0, 1.0],
                [0.961217, -0.097457, 0.258, -0.125006, 0.011922, -0.919927, -0.391909, -0.00283, 0.275536, 0.379786, -0.883087, -1.2e-05, 0.0, 0.0, 0.0, 1.0],
                [0.983133, -0.083937, 0.162494, -0.125006, 0.013493, -0.85276, -0.522129, -0.002831, 0.182394, 0.515516, -0.837243, -1.2e-05, 0.0, 0.0, 0.0, 1.0],
                [0.99465, -0.103003, 0.007855, -0.125006, -0.074573, -0.768572, -0.635401, -0.002831, 0.071485, 0.631416, -0.772142, -1.2e-05, 0.0, 0.0, 0.0, 1.0],
                [0.942754, -0.251158, -0.219401, -0.125006, -0.329534, -0.802636, -0.497174, -0.002831, -0.05123, 0.541011, -0.839453, -1.2e-05, 0.0, 0.0, 0.0, 1.0],
                [0.798053, -0.448723, -0.402192, -0.125006, -0.568533, -0.781892, -0.255764, -0.002831, -0.199703, 0.432773, -0.879105, -1.2e-05, 0.0, 0.0, 0.0, 1.0],
                [0.661706, -0.473863, -0.581033, -0.125006, -0.672876, -0.717166, -0.181413, -0.002831, -0.330732, 0.511005, -0.793404, -1.2e-05, 0.0, 0.0, 0.0, 1.0],
                [0.539494, -0.420901, -0.729239, -0.125006, -0.722859, -0.675654, -0.144799, -0.002831, -0.431768, 0.605254, -0.668763, -1.2e-05, 0.0, 0.0, 0.0, 1.0],
                [0.509359, -0.44532, -0.736371, -0.125006, -0.73409, -0.671384, -0.101762, -0.002831, -0.449071, 0.592396, -0.668881, -1.2e-05, 0.0, 0.0, 0.0, 1.0],
                [0.479508, -0.454386, -0.750737, -0.125006, -0.745845, -0.661789, -0.075833, -0.002831, -0.462372, 0.596295, -0.656235, -1.2e-05, 0.0, 0.0, 0.0, 1.0],
                [0.458429, -0.461843, -0.759305, -0.125006, -0.751069, -0.658078, -0.053185, -0.002831, -0.475118, 0.594673, -0.648558, -1.2e-05, 0.0, 0.0, 0.0, 1.0],
                [0.441887, -0.466571, -0.76619, -0.125006, -0.752691, -0.65751, -0.03371, -0.002831, -0.48805, 0.5916, -0.641729, -1.2e-05, 0.0, 0.0, 0.0, 1.0],
                [0.425236, -0.472128, -0.772185, -0.125006, -0.753231, -0.657634, -0.012708, -0.002831, -0.501815, 0.587037, -0.635271, -1.2e-05, 0.0, 0.0, 0.0, 1.0],
                [0.394449, -0.486569, -0.779526, -0.125006, -0.755511, -0.654608, 0.026301, -0.002831, -0.523082, 0.578565, -0.625818, -1.2e-05, 0.0, 0.0, 0.0, 1.0],
                [0.365372, -0.50166, -0.784118, -0.125006, -0.753693, -0.653793, 0.067085, -0.002831, -0.546303, 0.566474, -0.616976, -1.2e-05, 0.0, 0.0, 0.0, 1.0],
                [0.3857, -0.495693, -0.778155, -0.125006, -0.743779, -0.666105, 0.055656, -0.002831, -0.545922, 0.557307, -0.625602, -1.2e-05, 0.0, 0.0, 0.0, 1.0],
                [0.474782, -0.447279, -0.757973, -0.125006, -0.725214, -0.686777, -0.048997, -0.002831, -0.498643, 0.572957, -0.650443, -1.2e-05, 0.0, 0.0, 0.0, 1.0],
                [0.578365, -0.396404, -0.712993, -0.125006, -0.693616, -0.69901, -0.174015, -0.002831, -0.429409, 0.595187, -0.679235, -1.2e-05, 0.0, 0.0, 0.0, 1.0],
                [0.640895, -0.370226, -0.672448, -0.125006, -0.658548, -0.715288, -0.233834, -0.002831, -0.394423, 0.592702, -0.702236, -1.2e-05, 0.0, 0.0, 0.0, 1.0],
                [0.670391, -0.382362, -0.635904, -0.125006, -0.626934, -0.750293, -0.209794, -0.002831, -0.396897, 0.539315, -0.742706, -1.2e-05, 0.0, 0.0, 0.0, 1.0],
                [0.697564, -0.421364, -0.579531, -0.125006, -0.588367, -0.798452, -0.127664, -0.002831, -0.408934, 0.430032, -0.804889, -1.1e-05, 0.0, 0.0, 0.0, 1.0],
                [0.728842, -0.477575, -0.490623, -0.125006, -0.537671, -0.842875, 0.021724, -0.002831, -0.423908, 0.247961, -0.871101, -1.2e-05, 0.0, 0.0, 0.0, 1.0],
                [0.765904, -0.519173, -0.379276, -0.125006, -0.46942, -0.854631, 0.221924, -0.002831, -0.439358, 0.008068, -0.898276, -1.2e-05, 0.0, 0.0, 0.0, 1.0],
                [0.806465, -0.520602, -0.280336, -0.125006, -0.388813, -0.824114, 0.411899, -0.002831, -0.445463, -0.223183, -0.867036, -1.2e-05, 0.0, 0.0, 0.0, 1.0],
                [0.843487, -0.48898, -0.222324, -0.125006, -0.318489, -0.78857, 0.526045, -0.002831, -0.432542, -0.372905, -0.820883, -1.2e-05, 0.0, 0.0, 0.0, 1.0],
                [0.873342, -0.450614, -0.184991, -0.125006, -0.261385, -0.753993, 0.602637, -0.002831, -0.411039, -0.477953, -0.776278, -1.2e-05, 0.0, 0.0, 0.0, 1.0],
                [0.890715, -0.419729, -0.174517, -0.125006, -0.22012, -0.734174, 0.642289, -0.002831, -0.397713, -0.533681, -0.74633, -1.2e-05, 0.0, 0.0, 0.0, 1.0],
                [0.895473, -0.397352, -0.200599, -0.125006, -0.195786, -0.75634, 0.624193, -0.002831, -0.399746, -0.519673, -0.755078, -1.2e-05, 0.0, 0.0, 0.0, 1.0],
                [0.896399, -0.3661, -0.249877, -0.125006, -0.175875, -0.81124, 0.557636, -0.002831, -0.40686, -0.455918, -0.791583, -1.1e-05, 0.0, 0.0, 0.0, 1.0],
                [0.902031, -0.331047, -0.277032, -0.125006, -0.145623, -0.837517, 0.526651, -0.002831, -0.406364, -0.434713, -0.803674, -1.2e-05, 0.0, 0.0, 0.0, 1.0],
                [0.913554, -0.291034, -0.284108, -0.125006, -0.129812, -0.870653, 0.474461, -0.002831, -0.385443, -0.396565, -0.833168, -1.2e-05, 0.0, 0.0, 0.0, 1.0],
                [0.933275, -0.258512, -0.249335, -0.125006, -0.140655, -0.901835, 0.408546, -0.002831, -0.330473, -0.346216, -0.878021, -1.2e-05, 0.0, 0.0, 0.0, 1.0],
                [0.957388, -0.232371, -0.171496, -0.125006, -0.15187, -0.910162, 0.385409, -0.002831, -0.245647, -0.34294, -0.906669, -1.2e-05, 0.0, 0.0, 0.0, 1.0],
                [0.974376, -0.208085, -0.085392, -0.125006, -0.160523, -0.909263, 0.384024, -0.002831, -0.157553, -0.360476, -0.919366, -1.2e-05, 0.0, 0.0, 0.0, 1.0],
                [0.981255, -0.19044, -0.029486, -0.125006, -0.165329, -0.910544, 0.378915, -0.002831, -0.099009, -0.366938, -0.924961, -1.2e-05, 0.0, 0.0, 0.0, 1.0],
                [0.983622, -0.180161, -0.005513, -0.125006, -0.16573, -0.916014, 0.36531, -0.002831, -0.070864, -0.358413, -0.93087, -1.2e-05, 0.0, 0.0, 0.0, 1.0],
                [0.98493, -0.172817, 0.0069, -0.125006, -0.163942, -0.920153, 0.355586, -0.002831, -0.055102, -0.351358, -0.934618, -1.2e-05, 0.0, 0.0, 0.0, 1.0],
                [0.985975, -0.166405, 0.012723, -0.125006, -0.160389, -0.923741, 0.347821, -0.002831, -0.046126, -0.344984, -0.937475, -1.2e-05, 0.0, 0.0, 0.0, 1.0],
                [0.986442, -0.163609, 0.012851, -0.125006, -0.158132, -0.926622, 0.341121, -0.002831, -0.043902, -0.338528, -0.939931, -1.2e-05, 0.0, 0.0, 0.0, 1.0],
                [0.98684, -0.161237, 0.01216, -0.125006, -0.155979, -0.929448, 0.33436, -0.002831, -0.042609, -0.331857, -0.942367, -1.2e-05, 0.0, 0.0, 0.0, 1.0],
                [0.987021, -0.160031, 0.013404, -0.125006, -0.155516, -0.931676, 0.328322, -0.002831, -0.040054, -0.326145, -0.944471, -1.2e-05, 0.0, 0.0, 0.0, 1.0],
                [0.98692, -0.160368, 0.016491, -0.125006, -0.157094, -0.933676, 0.321823, -0.002831, -0.036213, -0.320204, -0.946656, -1.2e-05, 0.0, 0.0, 0.0, 1.0],
                [0.98679, -0.160813, 0.019615, -0.125006, -0.15874, -0.935612, 0.315325, -0.002831, -0.032357, -0.314273, -0.948781, -1.2e-05, 0.0, 0.0, 0.0, 1.0],
                [0.986515, -0.162525, 0.01933, -0.125006, -0.160457, -0.937086, 0.310037, -0.002831, -0.032275, -0.308957, -0.950528, -1.2e-05, 0.0, 0.0, 0.0, 1.0],
                [0.986183, -0.164168, 0.02224, -0.125006, -0.163051, -0.938051, 0.305733, -0.002831, -0.02933, -0.305133, -0.951858, -1.2e-05, 0.0, 0.0, 0.0, 1.0],
                [0.985824, -0.165879, 0.025147, -0.125006, -0.165685, -0.938982, 0.301437, -0.002831, -0.026389, -0.301331, -0.953154, -1.2e-05, 0.0, 0.0, 0.0, 1.0],
                [0.985446, -0.167653, 0.028054, -0.125006, -0.168358, -0.93987, 0.297152, -0.002831, -0.023451, -0.29755, -0.954418, -1.2e-05, 0.0, 0.0, 0.0, 1.0],
                [0.985045, -0.169493, 0.030955, -0.125006, -0.17107, -0.940722, 0.292878, -0.002831, -0.02052, -0.293793, -0.955649, -1.2e-05, 0.0, 0.0, 0.0, 1.0],
                [0.9847, -0.170996, 0.033519, -0.125006, -0.173316, -0.941257, 0.289823, -0.002831, -0.018009, -0.291198, -0.956493, -1.2e-05, 0.0, 0.0, 0.0, 1.0],
                [0.98439, -0.172008, 0.037239, -0.125006, -0.175403, -0.941591, 0.287474, -0.002831, -0.014383, -0.289519, -0.957064, -1.2e-05, 0.0, 0.0, 0.0, 1.0],
                [0.984243, -0.172569, 0.038527, -0.125006, -0.176329, -0.94177, 0.28632, -0.002831, -0.013126, -0.288602, -0.957359, -1.2e-05, 0.0, 0.0, 0.0, 1.0],
                [0.984082, -0.172499, 0.042713, -0.125006, -0.177491, -0.94218, 0.284244, -0.002831, -0.008788, -0.287301, -0.9578, -1.2e-05, 0.0, 0.0, 0.0, 1.0],
                [0.983871, -0.173583, 0.043175, -0.125006, -0.178675, -0.942447, 0.282616, -0.002831, -0.008367, -0.285772, -0.958261, -1.2e-05, 0.0, 0.0, 0.0, 1.0],
                [0.984673, -0.168265, 0.045873, -0.125006, -0.174362, -0.943936, 0.280328, -0.002831, -0.003868, -0.284031, -0.958807, -1.1e-05, 0.0, 0.0, 0.0, 1.0]
            ]
        },
        {
            "name": "Leg_L",
            "time": [0.0, 0.0333, 0.0667, 0.1, 0.1333, 0.1667, 0.2, 0.2333, 0.2667, 0.3, 0.3333, 0.3667, 0.4, 0.4333, 0.4667, 0.5, 0.5333, 0.5667, 0.6, 0.6333, 0.6667, 0.7, 0.7333, 0.7667, 0.8, 0.8333, 0.8667, 0.9, 0.9333, 0.9667, 1.0, 1.0333, 1.0667, 1.1, 1.1333, 1.1667, 1.2, 1.2333, 1.2667, 1.3, 1.3333, 1.3667, 1.4, 1.4333, 1.4667, 1.5, 1.5333, 1.5667, 1.6, 1.6333, 1.6667, 1.7, 1.7333, 1.7667, 1.8, 1.8333, 1.8667, 1.9, 1.9333, 1.9667, 2.0, 2.0333, 2.0667, 2.1],
            "transform": [
                [0.999998, -0.001678, 0.001003, -0.0, 0.001001, 0.880033, 0.474911, 0.37472, -0.00168, -0.474909, 0.880033, -0.0, 0.0, 0.0, 0.0, 1.0],
                [0.999998, -0.001765, 0.000841, 0.0, 0.000838, 0.77545, 0.631409, 0.37472, -0.001767, -0.631407, 0.77545, 0.0, 0.0, 0.0, 0.0, 1.0],
                [0.999996, -0.001823, 0.000705, 0.0, 0.000703, 0.672191, 0.740379, 0.37472, -0.001824, -0.740378, 0.67219, -0.0, 0.0, 0.0, 0.0, 1.0],
                [0.999998, -0.001859, 0.000606, 0.0, 0.000603, 0.587943, 0.808903, 0.37472, -0.00186, -0.8089, 0.587943, 0.0, 0.0, 0.0, 0.0, 1.0],
                [0.999998, -0.001875, 0.000554, 0.0, 0.000552, 0.542869, 0.839817, 0.37472, -0.001876, -0.839814, 0.54287, -0.0, 0.0, 0.0, 0.0, 1.0],
                [0.999997, -0.001874, 0.000558, 0.0, 0.000556, 0.546169, 0.837676, 0.37472, -0.001874, -0.837673, 0.546169, -0.0, 0.0, 0.0, 0.0, 1.0],
                [0.999996, -0.001859, 0.000606, 0.0, 0.000603, 0.587943, 0.808903, 0.37472, -0.00186, -0.808902, 0.587943, 0.0, 0.0, 0.0, 0.0, 1.0],
                [0.999998, -0.00183, 0.000688, 0.0, 0.000686, 0.658054, 0.75297, 0.37472, -0.001831, -0.752968, 0.658054, 0.0, 0.0, 0.0, 0.0, 1.0],
                [0.999998, -0.001783, 0.000804, -0.0, 0.000801, 0.748285, 0.663378, 0.37472, -0.001784, -0.663376, 0.748284, -0.0, 0.0, 0.0, 0.0, 1.0],
                [0.999998, -0.001738, 0.000896, 0.0, 0.000893, 0.813503, 0.581561, 0.37472, -0.001739, -0.581559, 0.813503, 0.0, 0.0, 0.0, 0.0, 1.0],
                [0.999997, -0.001742, 0.000888, -0.0, 0.000886, 0.808406, 0.588626, 0.37472, -0.001743, -0.588625, 0.808405, 0.0, 0.0, 0.0, 0.0, 1.0],
                [0.999998, -0.001715, 0.000938, 0.0, 0.000935, 0.841091, 0.540893, 0.37472, -0.001717, -0.540891, 0.841091, 0.0, 0.0, 0.0, 0.0, 1.0],
                [0.999998, -0.001681, 0.000998, -0.0, 0.000996, 0.877311, 0.479922, 0.37472, -0.001682, -0.47992, 0.87731, -0.0, 0.0, 0.0, 0.0, 1.0],
                [0.999999, -0.001632, 0.001076, 0.0, 0.001074, 0.918605, 0.395175, 0.37472, -0.001634, -0.395173, 0.918605, 0.0, 0.0, 0.0, 0.0, 1.0],
                [0.999999, -0.001779, 0.00081, 0.0, 0.000807, 0.753163, 0.657833, 0.37472, -0.001781, -0.65783, 0.753164, 0.0, 0.0, 0.0, 0.0, 1.0],
                [0.999997, -0.001857, 0.000613, 0.0, 0.000611, 0.594813, 0.803864, 0.37472, -0.001858, -0.803862, 0.594813, 0.0, 0.0, 0.0, 0.0, 1.0],
                [0.999998, -0.001817, 0.000724, -0.0, 0.000722, 0.68712, 0.726544, 0.37472, -0.001817, -0.726542, 0.68712, -0.0, 0.0, 0.0, 0.0, 1.0],
                [1.0, -0.001738, 0.000895, -0.0, 0.000893, 0.813502, 0.581561, 0.37472, -0.001739, -0.581558, 0.813503, 0.0, 0.0, 0.0, 0.0, 1.0],
                [0.999997, -0.001754, 0.000863, 0.0, 0.00086, 0.791364, 0.611345, 0.37472, -0.001756, -0.611344, 0.791364, 0.0, 0.0, 0.0, 0.0, 1.0],
                [0.999999, -0.001753, 0.000866, 0.0, 0.000864, 0.793588, 0.608454, 0.37472, -0.001754, -0.608452, 0.793589, -0.0, 0.0, 0.0, 0.0, 1.0],
                [0.999997, -0.001755, 0.000863, -0.0, 0.000861, 0.791364, 0.611346, 0.37472, -0.001756, -0.611344, 0.791364, -0.0, 0.0, 0.0, 0.0, 1.0],
                [0.999998, -0.001759, 0.000853, 0.0, 0.000851, 0.784609, 0.619991, 0.37472, -0.00176, -0.619988, 0.784609, 0.0, 0.0, 0.0, 0.0, 1.0],
                [0.999998, -0.001764, 0.000844, -0.0, 0.000842, 0.77776, 0.628561, 0.37472, -0.001765, -0.628559, 0.77776, -0.0, 0.0, 0.0, 0.0, 1.0],
                [0.999999, -0.001776, 0.000818, 0.0, 0.000816, 0.759143, 0.650923, 0.37472, -0.001777, -0.65092, 0.759144, -0.0, 0.0, 0.0, 0.0, 1.0],
                [0.999997, -0.001788, 0.000792, -0.0, 0.00079, 0.739884, 0.672735, 0.37472, -0.001789, -0.672734, 0.739883, 0.0, 0.0, 0.0, 0.0, 1.0],
                [0.999998, -0.001786, 0.000797, 0.0, 0.000796, 0.743854, 0.668341, 0.37472, -0.001786, -0.668339, 0.743855, -0.0, 0.0, 0.0, 0.0, 1.0],
                [0.999997, -0.001742, 0.000888, -0.0, 0.000886, 0.808406, 0.588626, 0.37472, -0.001743, -0.588625, 0.808405, -0.0, 0.0, 0.0, 0.0, 1.0],
                [0.999998, -0.00168, 0.001, 0.0, 0.000997, 0.878335, 0.478044, 0.37472, -0.001681, -0.478042, 0.878335, 0.0, 0.0, 0.0, 0.0, 1.0],
                [0.999998, -0.001669, 0.001018, -0.0, 0.001016, 0.88867, 0.458546, 0.37472, -0.00167, -0.458544, 0.888671, -0.0, 0.0, 0.0, 0.0, 1.0],
                [0.999996, -0.001726, 0.000918, -0.0, 0.000917, 0.828789, 0.559563, 0.37472, -0.001727, -0.559562, 0.828788, -0.0, 0.0, 0.0, 0.0, 1.0],
                [0.999997, -0.001805, 0.000752, -0.0, 0.000751, 0.709653, 0.704552, 0.37472, -0.001805, -0.704551, 0.709652, -0.0, 0.0, 0.0, 0.0, 1.0],
                [0.999998, -0.001887, 0.000512, -0.0, 0.00051, 0.504442, 0.863446, 0.37472, -0.001888, -0.863444, 0.504442, -0.0, 0.0, 0.0, 0.0, 1.0],
