{
    "animation": [
        {
            "name": "Root",
            "time": [0.0, 0.1, 0.1333, 0.1667, 0.2, 0.2333, 0.2667, 0.3, 0.3333, 0.3667, 0.4, 0.4333, 0.4667, 0.5, 0.5333, 0.5667, 0.6, 0.6333, 0.6667, 0.7, 0.7333, 0.7667, 0.8, 0.8333, 0.8667, 0.9, 0.9333, 0.9667, 1.0, 1.0333, 1.0667, 1.1, 1.1333, 1.1667, 1.2, 1.2333, 1.2667, 1.3, 1.3333, 1.3667, 1.4, 1.4333, 1.4667, 1.5, 1.5333, 1.5667, 1.6, 1.6333, 1.6667, 1.7, 1.7333, 1.7667, 1.8, 1.8333, 1.8667, 1.9, 1.9333],
            "transform": [
                [0.971959, 0.194526, 0.132111, -0.076653, 0.11801, 0.082426, -0.989586, -0.132243, -0.203389, 0.977429, 0.057159, 0.502339, 0.0, 0.0, 0.0, 1.0],
                [0.99999, -0.003326, 0.002836, -0.077231, 0.002843, 0.002053, -0.999994, 0.044377, 0.00332, 0.999992, 0.002062, 0.439262, 0.0, 0.0, 0.0, 1.0],
                [0.999991, -0.003115, 0.002785, -0.08379, 0.002793, 0.002361, -0.999993, 0.502158, 0.003108, 0.999992, 0.002369, 0.565851, 0.0, 0.0, 0.0, 1.0],
                [0.999994, -0.000663, 0.003385, -0.038623, 0.003388, 0.003852, -0.999987, 0.788619, 0.00065, 0.999992, 0.003854, 0.460895, 0.0, 0.0, 0.0, 1.0],
                [1.0, 0.00046, 1e-06, -0.020463, -1e-06, 0.003881, -0.999992, 0.891262, -0.00046, 0.999992, 0.003881, 0.430465, 0.0, 0.0, 0.0, 1.0],
                [0.999999, 0.001501, 3e-06, -0.002303, -3e-06, 0.003609, -0.999993, 0.993904, -0.001501, 0.999992, 0.003609, 0.400034, 0.0, 0.0, 0.0, 1.0],
                [0.999998, 0.001729, 3e-06, -0.019962, -3e-06, 0.003505, -0.999994, 1.181571, -0.001729, 0.999992, 0.003505, 0.34505, 0.0, 0.0, 0.0, 1.0],
                [0.999998, 0.001722, 4e-06, -0.02057, 0.000248, -0.142209, -0.989836, 1.271729, -0.001704, 0.989835, -0.142209, 0.323827, 0.0, 0.0, 0.0, 1.0],
                [0.999998, 0.001722, 4e-06, -0.02057, 0.000248, -0.142209, -0.989836, 1.271729, -0.001704, 0.989835, -0.142209, 0.323827, 0.0, 0.0, 0.0, 1.0],
                [0.999998, 0.001722, 4e-06, -0.02057, 0.000248, -0.142209, -0.989836, 1.271729, -0.001704, 0.989835, -0.142209, 0.323827, 0.0, 0.0, 0.0, 1.0],
                [0.999998, 0.001722, 4e-06, -0.02057, 0.000248, -0.142209, -0.989836, 1.271729, -0.001704, 0.989835, -0.142209, 0.323827, 0.0, 0.0, 0.0, 1.0],
                [0.999998, 0.001722, 4e-06, -0.02057, 0.000248, -0.142209, -0.989836, 1.271729, -0.001704, 0.989835, -0.142209, 0.323827, 0.0, 0.0, 0.0, 1.0],
                [0.999998, 0.001722, 4e-06, -0.02057, 0.000248, -0.142209, -0.989836, 1.271729, -0.001704, 0.989835, -0.142209, 0.323827, 0.0, 0.0, 0.0, 1.0],
                [0.999998, 0.001722, 4e-06, -0.02057, 0.000248, -0.142209, -0.989836, 1.271729, -0.001704, 0.989835, -0.142209, 0.323827, 0.0, 0.0, 0.0, 1.0],
                [0.999998, 0.001722, 4e-06, -0.02057, 0.000248, -0.142209, -0.989836, 1.271729, -0.001704, 0.989835, -0.142209, 0.323827, 0.0, 0.0, 0.0, 1.0],
                [0.999998, 0.001722, 4e-06, -0.02057, 0.000248, -0.142209, -0.989836, 1.271729, -0.001704, 0.989835, -0.142209, 0.323827, 0.0, 0.0, 0.0, 1.0],
                [0.999998, 0.001722, 4e-06, -0.02057, 0.000248, -0.142209, -0.989836, 1.271729, -0.001704, 0.989835, -0.142209, 0.323827, 0.0, 0.0, 0.0, 1.0],
                [0.999998, 0.001722, 4e-06, -0.02057, 0.000248, -0.142209, -0.989836, 1.271729, -0.001704, 0.989835, -0.142209, 0.323827, 0.0, 0.0, 0.0, 1.0],
                [0.999998, 0.001722, 4e-06, -0.02057, 0.000248, -0.142209, -0.989836, 1.271729, -0.001704, 0.989835, -0.142209, 0.323827, 0.0, 0.0, 0.0, 1.0],
                [0.999998, 0.001722, 4e-06, -0.02057, 0.000248, -0.142209, -0.989836, 1.271729, -0.001704, 0.989835, -0.142209, 0.323827, 0.0, 0.0, 0.0, 1.0],
                [0.999998, 0.001722, 4e-06, -0.02057, 0.000248, -0.142209, -0.989836, 1.271729, -0.001704, 0.989835, -0.142209, 0.323827, 0.0, 0.0, 0.0, 1.0],
                [0.999998, 0.001722, 4e-06, -0.02057, 0.000248, -0.142209, -0.989836, 1.287075, -0.001704, 0.989835, -0.142209, 0.323827, 0.0, 0.0, 0.0, 1.0],
                [0.999998, 0.001722, 4e-06, -0.02057, 0.000248, -0.142209, -0.989836, 1.30242, -0.001704, 0.989835, -0.142209, 0.323827, 0.0, 0.0, 0.0, 1.0],
                [0.999998, 0.001722, 4e-06, -0.02057, 0.000248, -0.142209, -0.989836, 1.317766, -0.001704, 0.989835, -0.142209, 0.323827, 0.0, 0.0, 0.0, 1.0],
                [0.999998, 0.001722, 4e-06, -0.02057, 0.000248, -0.142209, -0.989836, 1.333112, -0.001704, 0.989835, -0.142209, 0.323827, 0.0, 0.0, 0.0, 1.0],
                [0.999998, 0.001722, 4e-06, -0.02057, 0.000248, -0.142209, -0.989836, 1.336795, -0.001704, 0.989835, -0.142209, 0.326282, 0.0, 0.0, 0.0, 1.0],
                [0.999998, 0.001722, 4e-06, -0.02057, 0.000248, -0.142209, -0.989836, 1.340478, -0.001704, 0.989835, -0.142209, 0.328738, 0.0, 0.0, 0.0, 1.0],
                [0.999998, 0.001722, 4e-06, -0.02057, 0.000248, -0.142209, -0.989836, 1.344161, -0.001704, 0.989835, -0.142209, 0.331193, 0.0, 0.0, 0.0, 1.0],
                [0.999998, 0.001722, 4e-06, -0.02057, 0.000248, -0.142209, -0.989836, 1.347844, -0.001704, 0.989835, -0.142209, 0.333648, 0.0, 0.0, 0.0, 1.0],
                [0.999998, 0.001722, 4e-06, -0.02057, 0.000248, -0.142209, -0.989836, 1.351526, -0.001704, 0.989835, -0.142209, 0.336104, 0.0, 0.0, 0.0, 1.0],
                [0.999999, 0.001246, 8e-06, -0.025399, 0.000157, -0.120007, -0.992773, 1.340907, -0.001236, 0.992772, -0.120007, 0.365425, 0.0, 0.0, 0.0, 1.0],
                [0.999999, 0.000769, 2e-06, -0.030227, 7.7e-05, -0.097744, -0.995211, 1.330287, -0.000766, 0.995211, -0.097744, 0.394747, 0.0, 0.0, 0.0, 1.0],
                [1.0, 0.000707, 3e-06, -0.035056, 6.3e-05, -0.084148, -0.996453, 1.319667, -0.000704, 0.996453, -0.084148, 0.424069, 0.0, 0.0, 0.0, 1.0],
                [1.0, 0.000644, 4e-06, -0.039885, 4.9e-05, -0.070534, -0.997509, 1.309047, -0.000642, 0.997509, -0.070534, 0.453391, 0.0, 0.0, 0.0, 1.0],
                [1.0, 0.000581, 3e-06, -0.044713, 3.7e-05, -0.056907, -0.998379, 1.298427, -0.00058, 0.998379, -0.056907, 0.482713, 0.0, 0.0, 0.0, 1.0],
                [1.0, 0.000519, 1e-06, -0.049542, 1.3e-05, -0.022572, -0.999745, 1.287807, -0.000519, 0.999745, -0.022572, 0.512035, 0.0, 0.0, 0.0, 1.0],
                [1.0, 0.000465, 0.0, -0.05437, -1e-06, 0.003881, -0.999992, 1.277187, -0.000465, 0.999992, 0.003881, 0.541356, 0.0, 0.0, 0.0, 1.0],
                [1.0, 0.000412, 1e-06, -0.059199, -0.0, 0.003887, -0.999992, 1.266567, -0.000412, 0.999992, 0.003887, 0.570678, 0.0, 0.0, 0.0, 1.0],
                [1.0, 0.000367, 1e-06, -0.064027, -1e-06, 0.003892, -0.999992, 1.255947, -0.000367, 0.999992, 0.003892, 0.6, 0.0, 0.0, 0.0, 1.0],
                [1.0, 0.000323, 1e-06, -0.068856, -1e-06, 0.003895, -0.999992, 1.245328, -0.000323, 0.999992, 0.003895, 0.629322, 0.0, 0.0, 0.0, 1.0],
                [1.0, 0.000289, 1e-06, -0.06014, -0.0, 0.003898, -0.999992, 1.241351, -0.000289, 0.999992, 0.003898, 0.631313, 0.0, 0.0, 0.0, 1.0],
                [1.0, 0.000255, 1e-06, -0.051425, -0.0, 0.0039, -0.999992, 1.236137, -0.000255, 0.999992, 0.0039, 0.63149, 0.0, 0.0, 0.0, 1.0],
                [1.0, 0.000234, 0.0, -0.04459, -1e-06, 0.003901, -0.999992, 1.231115, -0.000234, 0.999992, 0.003901, 0.631666, 0.0, 0.0, 0.0, 1.0],
                [1.0, 0.000214, 0.0, -0.037754, -1e-06, 0.003902, -0.999992, 1.227712, -0.000214, 0.999992, 0.003902, 0.634359, 0.0, 0.0, 0.0, 1.0],
                [1.0, 0.000223, 0.0, -0.033623, -0.0, 0.003902, -0.999992, 1.225734, -0.000223, 0.999992, 0.003902, 0.639963, 0.0, 0.0, 0.0, 1.0],
                [1.0, 0.000269, 1e-06, -0.029476, -1e-06, 0.003899, -0.999992, 1.223999, -0.000269, 0.999992, 0.003899, 0.645567, 0.0, 0.0, 0.0, 1.0],
                [1.0, 0.000337, 1e-06, -0.027206, -1e-06, 0.003894, -0.999992, 1.222454, -0.000337, 0.999992, 0.003894, 0.651171, 0.0, 0.0, 0.0, 1.0],
                [1.0, 0.000409, 1e-06, -0.024934, -1e-06, 0.003888, -0.999992, 1.221048, -0.000409, 0.999992, 0.003888, 0.656776, 0.0, 0.0, 0.0, 1.0],
                [1.0, 0.00048, 1e-06, -0.023961, -1e-06, 0.003879, -0.999992, 1.219727, -0.00048, 0.999992, 0.003879, 0.66238, 0.0, 0.0, 0.0, 1.0],
                [1.0, 0.000528, 1e-06, -0.022999, -1e-06, 0.003873, -0.999992, 1.218441, -0.000528, 0.999992, 0.003873, 0.665519, 0.0, 0.0, 0.0, 1.0],
                [1.0, 0.000556, 1e-06, -0.023449, -1e-06, 0.003868, -0.999992, 1.217137, -0.000556, 0.999992, 0.003868, 0.668667, 0.0, 0.0, 0.0, 1.0],
                [1.0, 0.000575, 1e-06, -0.023898, -1e-06, 0.003866, -0.999992, 1.215855, -0.000575, 0.999992, 0.003866, 0.670026, 0.0, 0.0, 0.0, 1.0],
                [1.0, 0.000594, 1e-06, -0.025362, -1e-06, 0.003863, -0.999992, 1.214617, -0.000594, 0.999992, 0.003863, 0.671392, 0.0, 0.0, 0.0, 1.0],
                [1.0, 0.000606, 1e-06, -0.026831, -1e-06, 0.003861, -0.999992, 1.213468, -0.000606, 0.999992, 0.003861, 0.671775, 0.0, 0.0, 0.0, 1.0],
                [1.0, 0.000617, 2e-06, -0.028299, -1e-06, 0.003859, -0.999992, 1.212456, -0.000617, 0.999992, 0.003859, 0.672158, 0.0, 0.0, 0.0, 1.0],
                [1.0, 0.000625, 1e-06, -0.029769, -1e-06, 0.003858, -0.999992, 1.211618, -0.000625, 0.999992, 0.003858, 0.672541, 0.0, 0.0, 0.0, 1.0],
                [1.0, 0.000632, 1e-06, -0.03124, -1e-06, 0.003857, -0.999992, 1.210999, -0.000632, 0.999992, 0.003857, 0.672924, 0.0, 0.0, 0.0, 1.0]
            ]
        },
        {
            "name": "Thigh_R",
            "time": [0.0, 0.1, 0.1333, 0.1667, 0.2, 0.2333, 0.2667, 0.3, 0.3333, 0.3667, 0.4, 0.4333, 0.4667, 0.5, 0.5333, 0.5667, 0.6, 0.6333, 0.6667, 0.7, 0.7333, 0.7667, 0.8, 0.8333, 0.8667, 0.9, 0.9333, 0.9667, 1.0, 1.0333, 1.0667, 1.1, 1.1333, 1.1667, 1.2, 1.2333, 1.2667, 1.3, 1.3333, 1.3667, 1.4, 1.4333, 1.4667, 1.5, 1.5333, 1.5667, 1.6, 1.6333, 1.6667, 1.7, 1.7333, 1.7667, 1.8, 1.8333, 1.8667, 1.9, 1.9333],
            "transform": [
                [0.425702, 0.094849, -0.899878, -0.063004, 0.787413, -0.528809, 0.316764, 0.030952, -0.445817, -0.843427, -0.299801, -0.15068, 0.0, 0.0, 0.0, 1.0],
                [0.691154, 0.141914, -0.708639, -0.146526, 0.578331, -0.696629, 0.42455, 0.095087, -0.433409, -0.703255, -0.563551, -0.107909, 0.0, 0.0, 0.0, 1.0],
                [0.906799, 0.416437, 0.065564, -0.052879, 0.41677, -0.908966, 0.009176, 0.112128, 0.063417, 0.019005, -0.997807, -0.07818, 0.0, 0.0, 0.0, 1.0],
                [0.79117, 0.339523, 0.508701, 0.046778, 0.40114, -0.915931, -0.01256, 0.116467, 0.461671, 0.213997, -0.860852, -0.05489, 0.0, 0.0, 0.0, 1.0],
                [0.534327, 0.434048, 0.725326, 0.096606, 0.551234, -0.829452, 0.090284, 0.118637, 0.640813, 0.351582, -0.68246, -0.043245, 0.0, 0.0, 0.0, 1.0],
                [0.085074, 0.55178, 0.82964, 0.093373, 0.661489, -0.653961, 0.367109, 0.123988, 0.745116, 0.517565, -0.420631, -0.031556, 0.0, 0.0, 0.0, 1.0],
                [0.044292, 0.646881, 0.761305, 0.09014, 0.734841, -0.537353, 0.413838, 0.129338, 0.676794, 0.541107, -0.499155, -0.019866, 0.0, 0.0, 0.0, 1.0],
                [0.144664, 0.74555, 0.65056, 0.086907, 0.798955, -0.475883, 0.367707, 0.134689, 0.583735, 0.466574, -0.664503, -0.008176, 0.0, 0.0, 0.0, 1.0],
                [0.158038, 0.69442, 0.702002, 0.083674, 0.793255, -0.512653, 0.328536, 0.14004, 0.588025, 0.504944, -0.63187, 0.003514, 0.0, 0.0, 0.0, 1.0],
                [0.159457, 0.677396, 0.718129, 0.080442, 0.787679, -0.525805, 0.321081, 0.14539, 0.595095, 0.514456, -0.617413, 0.015204, 0.0, 0.0, 0.0, 1.0],
                [0.160666, 0.659996, 0.733889, 0.077209, 0.782042, -0.538753, 0.313302, 0.150741, 0.602162, 0.523594, -0.602703, 0.026894, 0.0, 0.0, 0.0, 1.0],
                [0.161662, 0.642236, 0.749266, 0.073976, 0.776349, -0.551485, 0.305204, 0.156092, 0.609222, 0.532351, -0.587753, 0.038584, 0.0, 0.0, 0.0, 1.0],
                [0.162444, 0.62413, 0.764248, 0.070743, 0.770604, -0.56399, 0.296794, 0.161443, 0.616266, 0.540719, -0.572574, 0.050274, 0.0, 0.0, 0.0, 1.0],
                [0.163013, 0.605695, 0.778821, 0.06751, 0.764813, -0.576257, 0.28808, 0.166793, 0.62329, 0.548691, -0.55718, 0.061963, 0.0, 0.0, 0.0, 1.0],
                [0.163367, 0.586946, 0.792974, 0.064277, 0.758981, -0.588276, 0.27907, 0.172144, 0.630286, 0.556261, -0.541586, 0.073653, 0.0, 0.0, 0.0, 1.0],
                [0.169965, 0.594819, 0.785687, 0.066691, 0.759948, -0.586693, 0.279771, 0.172837, 0.62737, 0.549529, -0.551748, 0.0812, 0.0, 0.0, 0.0, 1.0],
                [0.176525, 0.602604, 0.778273, 0.069106, 0.760922, -0.585104, 0.280449, 0.173531, 0.624371, 0.542698, -0.56182, 0.088747, 0.0, 0.0, 0.0, 1.0],
                [0.186968, 0.618317, 0.763367, 0.07152, 0.758805, -0.58442, 0.287524, 0.174224, 0.623909, 0.525487, -0.578449, 0.096293, 0.0, 0.0, 0.0, 1.0],
                [0.189993, 0.631603, 0.751653, 0.073934, 0.754552, -0.583758, 0.299799, 0.174917, 0.628137, 0.510201, -0.587487, 0.10384, 0.0, 0.0, 0.0, 1.0],
                [0.185508, 0.640016, 0.745632, 0.076348, 0.750601, -0.582012, 0.312829, 0.175611, 0.634183, 0.501639, -0.588364, 0.111387, 0.0, 0.0, 0.0, 1.0],
                [0.179158, 0.64379, 0.743934, 0.075246, 0.746611, -0.581402, 0.323336, 0.170305, 0.640686, 0.497499, -0.584823, 0.099933, 0.0, 0.0, 0.0, 1.0],
                [0.173219, 0.647543, 0.742081, 0.074143, 0.741594, -0.581575, 0.334381, 0.164999, 0.648102, 0.492401, -0.580953, 0.08848, 0.0, 0.0, 0.0, 1.0],
                [0.173329, 0.654935, 0.735539, 0.073041, 0.734749, -0.583315, 0.346251, 0.159693, 0.655823, 0.48042, -0.582318, 0.077027, 0.0, 0.0, 0.0, 1.0],
                [0.173659, 0.66187, 0.729227, 0.071939, 0.727487, -0.585316, 0.358008, 0.154387, 0.663783, 0.468331, -0.583146, 0.065574, 0.0, 0.0, 0.0, 1.0],
                [0.181323, 0.667584, 0.722117, 0.070837, 0.720611, -0.589871, 0.364382, 0.149081, 0.669212, 0.454294, -0.588026, 0.05412, 0.0, 0.0, 0.0, 1.0],
                [0.198903, 0.673127, 0.712277, 0.07647, 0.71381, -0.597503, 0.365332, 0.144757, 0.671503, 0.435764, -0.599329, 0.054718, 0.0, 0.0, 0.0, 1.0],
                [0.229719, 0.680179, 0.696123, 0.082103, 0.700733, -0.611964, 0.366708, 0.140432, 0.675429, 0.403556, -0.617204, 0.055316, 0.0, 0.0, 0.0, 1.0],
                [0.273958, 0.689025, 0.670964, 0.087735, 0.682878, -0.630622, 0.368776, 0.136108, 0.67722, 0.357157, -0.643284, 0.055914, 0.0, 0.0, 0.0, 1.0],
                [0.327147, 0.694343, 0.640987, 0.093368, 0.661192, -0.652807, 0.369688, 0.131783, 0.675131, 0.302873, -0.672658, 0.056512, 0.0, 0.0, 0.0, 1.0],
                [0.388809, 0.688926, 0.611727, 0.099001, 0.632571, -0.68235, 0.366407, 0.127459, 0.66984, 0.244498, -0.701098, 0.057109, 0.0, 0.0, 0.0, 1.0],
                [0.453976, 0.667735, 0.589946, 0.104121, 0.595372, -0.719927, 0.356706, 0.12156, 0.662904, 0.189301, -0.72438, 0.051906, 0.0, 0.0, 0.0, 1.0],
                [0.516828, 0.64184, 0.566508, 0.109241, 0.5554, -0.754961, 0.348663, 0.115661, 0.651478, 0.13444, -0.746663, 0.046702, 0.0, 0.0, 0.0, 1.0],
                [0.582017, 0.591714, 0.557793, 0.11436, 0.50781, -0.800221, 0.319025, 0.109762, 0.63513, 0.097575, -0.766219, 0.041498, 0.0, 0.0, 0.0, 1.0],
                [0.65136, 0.53359, 0.539457, 0.11948, 0.456596, -0.843468, 0.282987, 0.103862, 0.606015, 0.061988, -0.793036, 0.036295, 0.0, 0.0, 0.0, 1.0],
                [0.718609, 0.47429, 0.508579, 0.1246, 0.409915, -0.879665, 0.241161, 0.097963, 0.56176, 0.035174, -0.826554, 0.031091, 0.0, 0.0, 0.0, 1.0],
                [0.780957, 0.423408, 0.459168, 0.11895, 0.36851, -0.905916, 0.208603, 0.090018, 0.504293, 0.006299, -0.863511, 0.031478, 0.0, 0.0, 0.0, 1.0],
                [0.832349, 0.381252, 0.402301, 0.1133, 0.336298, -0.924354, 0.180203, 0.082073, 0.440571, -0.014698, -0.897598, 0.031865, 0.0, 0.0, 0.0, 1.0],
                [0.873189, 0.350334, 0.338837, 0.107651, 0.312131, -0.9359, 0.163295, 0.074128, 0.374326, -0.036825, -0.926567, 0.032252, 0.0, 0.0, 0.0, 1.0],
                [0.902043, 0.32552, 0.283474, 0.102001, 0.29548, -0.944399, 0.144232, 0.066183, 0.314663, -0.046342, -0.948072, 0.03264, 0.0, 0.0, 0.0, 1.0],
                [0.913256, 0.304209, 0.270968, 0.096351, 0.281164, -0.951981, 0.12115, 0.058238, 0.294812, -0.034454, -0.954935, 0.033027, 0.0, 0.0, 0.0, 1.0],
                [0.919499, 0.29154, 0.263684, 0.096351, 0.268481, -0.955723, 0.120466, 0.058238, 0.28713, -0.039974, -0.957058, 0.033027, 0.0, 0.0, 0.0, 1.0],
                [0.924191, 0.284093, 0.25528, 0.096351, 0.258885, -0.957364, 0.128185, 0.058238, 0.280813, -0.052379, -0.958333, 0.033027, 0.0, 0.0, 0.0, 1.0],
                [0.927669, 0.275763, 0.251772, 0.096351, 0.24757, -0.958968, 0.138166, 0.058238, 0.279543, -0.06584, -0.957874, 0.033027, 0.0, 0.0, 0.0, 1.0],
                [0.929352, 0.267691, 0.254262, 0.096351, 0.239346, -0.9612, 0.13714, 0.058238, 0.281109, -0.066594, -0.957363, 0.033027, 0.0, 0.0, 0.0, 1.0],
                [0.92616, 0.262099, 0.271174, 0.096351, 0.234281, -0.963313, 0.130925, 0.058238, 0.29554, -0.057726, -0.953586, 0.033027, 0.0, 0.0, 0.0, 1.0],
                [0.916425, 0.261256, 0.303177, 0.096351, 0.232546, -0.964138, 0.127902, 0.058238, 0.32572, -0.04671, -0.944313, 0.033027, 0.0, 0.0, 0.0, 1.0],
                [0.901915, 0.26237, 0.343095, 0.096351, 0.232607, -0.964374, 0.126007, 0.058238, 0.363932, -0.033841, -0.930812, 0.033027, 0.0, 0.0, 0.0, 1.0],
                [0.884253, 0.26368, 0.385452, 0.096351, 0.232894, -0.964378, 0.125441, 0.058238, 0.404798, -0.021152, -0.914162, 0.033027, 0.0, 0.0, 0.0, 1.0],
                [0.866772, 0.263813, 0.423216, 0.096351, 0.232498, -0.964522, 0.125071, 0.058238, 0.441197, -0.01001, -0.897355, 0.033027, 0.0, 0.0, 0.0, 1.0],
                [0.855266, 0.262273, 0.446921, 0.096351, 0.231232, -0.964989, 0.123797, 0.058238, 0.463744, -0.002537, -0.885967, 0.033027, 0.0, 0.0, 0.0, 1.0],
                [0.850231, 0.260987, 0.457162, 0.096351, 0.230405, -0.965342, 0.122595, 0.058238, 0.473313, 0.001099, -0.880895, 0.033027, 0.0, 0.0, 0.0, 1.0],
                [0.848173, 0.261384, 0.460743, 0.096351, 0.230485, -0.965234, 0.123293, 0.058238, 0.476952, 0.001621, -0.878929, 0.033027, 0.0, 0.0, 0.0, 1.0],
                [0.849663, 0.26213, 0.457565, 0.096351, 0.230509, -0.965032, 0.124814, 0.058238, 0.474283, -0.000576, -0.880374, 0.033027, 0.0, 0.0, 0.0, 1.0],
                [0.852264, 0.263308, 0.452016, 0.096351, 0.23029, -0.9647, 0.127753, 0.058238, 0.469699, -0.004784, -0.882815, 0.033027, 0.0, 0.0, 0.0, 1.0],
                [0.856154, 0.265985, 0.443008, 0.096351, 0.232771, -0.963949, 0.128915, 0.058238, 0.461327, -0.007252, -0.887202, 0.033027, 0.0, 0.0, 0.0, 1.0],
                [0.859317, 0.267161, 0.436122, 0.096351, 0.233343, -0.963595, 0.130517, 0.058238, 0.455116, -0.010389, -0.890373, 0.033027, 0.0, 0.0, 0.0, 1.0],
                [0.860214, 0.267277, 0.434279, 0.096351, 0.232751, -0.963539, 0.131983, 0.058238, 0.453721, -0.012455, -0.891058, 0.033027, 0.0, 0.0, 0.0, 1.0]
            ]
        },
        {
            "name": "Leg_R",
            "time": [0.0, 0.1, 0.1333, 0.1667, 0.2, 0.2333, 0.2667, 0.3, 0.3333, 0.3667, 0.4, 0.4333, 0.4667, 0.5, 0.5333, 0.5667, 0.6, 0.6333, 0.6667, 0.7, 0.7333, 0.7667, 0.8, 0.8333, 0.8667, 0.9, 0.9333, 0.9667, 1.0, 1.0333, 1.0667, 1.1, 1.1333, 1.1667, 1.2, 1.2333, 1.2667, 1.3, 1.3333, 1.3667, 1.4, 1.4333, 1.4667, 1.5, 1.5333, 1.5667, 1.6, 1.6333, 1.6667, 1.7, 1.7333, 1.7667, 1.8, 1.8333, 1.8667, 1.9, 1.9333],
            "transform": [
                [0.999997, -0.00201, 0.000501, 0.0, 0.000583, 0.505025, 0.863107, 0.37472, -0.001988, -0.8631, 0.505028, 0.0, 0.0, 0.0, 0.0, 1.0],
                [0.999998, -0.00193, 0.000321, 0.0, 0.00032, 0.323215, 0.946325, 0.37472, -0.00193, -0.946324, 0.323215, 0.0, 0.0, 0.0, 0.0, 1.0],
                [0.999998, -0.001752, 0.000868, -0.0, 0.000866, 0.794918, 0.606716, 0.37472, -0.001753, -0.606714, 0.794918, 0.0, 0.0, 0.0, 0.0, 1.0],
                [0.999997, -0.001823, 0.000708, -0.0, 0.000706, 0.674424, 0.738344, 0.37472, -0.001823, -0.738342, 0.674424, -0.0, 0.0, 0.0, 0.0, 1.0],
                [0.999998, -0.001837, 0.000671, 0.0, 0.000669, 0.643472, 0.765469, 0.37472, -0.001838, -0.765468, 0.643471, -0.0, 0.0, 0.0, 0.0, 1.0],
                [0.999998, -0.00185, 0.000633, -0.0, 0.00063, 0.611431, 0.791297, 0.37472, -0.001851, -0.791296, 0.611431, 0.0, 0.0, 0.0, 0.0, 1.0],
                [0.999998, -0.001834, 0.000678, -0.0, 0.000676, 0.649432, 0.760419, 0.37472, -0.001835, -0.760418, 0.649431, -0.0, 0.0, 0.0, 0.0, 1.0],
                [0.999997, -0.001867, 0.000581, 0.0, 0.000579, 0.566449, 0.824097, 0.37472, -0.001868, -0.824095, 0.566448, 0.0, 0.0, 0.0, 0.0, 1.0],
                [0.999998, -0.001821, 0.000713, 0.0, 0.000711, 0.678315, 0.73477, 0.37472, -0.001822, -0.734768, 0.678315, -0.0, 0.0, 0.0, 0.0, 1.0],
                [0.999998, -0.001812, 0.000739, -0.0, 0.000737, 0.698382, 0.715725, 0.37472, -0.001813, -0.715723, 0.698382, 0.0, 0.0, 0.0, 0.0, 1.0],
                [0.999997, -0.001802, 0.000764, 0.0, 0.000762, 0.717929, 0.696116, 0.37472, -0.001803, -0.696114, 0.717929, -0.0, 0.0, 0.0, 0.0, 1.0],
                [0.999997, -0.001791, 0.000789, 0.0, 0.000787, 0.736933, 0.675965, 0.37472, -0.001792, -0.675964, 0.736932, -0.0, 0.0, 0.0, 0.0, 1.0],
                [0.999997, -0.00178, 0.000813, 0.0, 0.000811, 0.755371, 0.655296, 0.37472, -0.001781, -0.655294, 0.755371, -0.0, 0.0, 0.0, 0.0, 1.0],
                [0.999997, -0.001768, 0.000838, 0.0, 0.000836, 0.773224, 0.634133, 0.37472, -0.001769, -0.634131, 0.773223, 0.0, 0.0, 0.0, 0.0, 1.0],
                [0.999997, -0.001755, 0.000862, 0.0, 0.00086, 0.79047, 0.6125, 0.37472, -0.001756, -0.612499, 0.790469, 0.0, 0.0, 0.0, 0.0, 1.0],
                [0.999997, -0.001768, 0.000836, 0.0, 0.000834, 0.772046, 0.635566, 0.37472, -0.001769, -0.635565, 0.772045, 0.0, 0.0, 0.0, 0.0, 1.0],
                [0.999997, -0.001781, 0.00081, 0.0, 0.000808, 0.752949, 0.658078, 0.37472, -0.001782, -0.658077, 0.752948, 0.0, 0.0, 0.0, 0.0, 1.0],
                [0.999998, -0.001803, 0.000757, 0.0, 0.000755, 0.712802, 0.701363, 0.37472, -0.001804, -0.701362, 0.712802, -0.0, 0.0, 0.0, 0.0, 1.0],
                [0.999998, -0.00182, 0.000714, -0.0, 0.000712, 0.679422, 0.733747, 0.37472, -0.001821, -0.733746, 0.679422, 0.0, 0.0, 0.0, 0.0, 1.0],
                [0.999998, -0.001832, 0.000683, -0.0, 0.000681, 0.654045, 0.756455, 0.37472, -0.001833, -0.756453, 0.654045, 0.0, 0.0, 0.0, 0.0, 1.0],
                [0.999998, -0.001842, 0.000658, 0.0, 0.000656, 0.63268, 0.774413, 0.37472, -0.001842, -0.774411, 0.63268, 0.0, 0.0, 0.0, 0.0, 1.0],
                [0.999998, -0.001851, 0.000632, 0.0, 0.00063, 0.610822, 0.791767, 0.37472, -0.001851, -0.791766, 0.610822, -0.0, 0.0, 0.0, 0.0, 1.0],
                [0.999997, -0.00186, 0.000603, 0.0, 0.000601, 0.585643, 0.810568, 0.37472, -0.00186, -0.810566, 0.585643, 0.0, 0.0, 0.0, 0.0, 1.0],
                [0.999997, -0.001869, 0.000574, -0.0, 0.000571, 0.559885, 0.82857, 0.37472, -0.00187, -0.828568, 0.559885, -0.0, 0.0, 0.0, 0.0, 1.0],
                [0.999997, -0.001876, 0.000552, 0.0, 0.000549, 0.540225, 0.84152, 0.37472, -0.001877, -0.841519, 0.540224, 0.0, 0.0, 0.0, 0.0, 1.0],
                [0.999998, -0.00188, 0.000537, 0.0, 0.000536, 0.527551, 0.849522, 0.37472, -0.00188, -0.84952, 0.527551, -0.0, 0.0, 0.0, 0.0, 1.0],
                [0.999998, -0.001893, 0.000492, 0.0, 0.000489, 0.485698, 0.874126, 0.37472, -0.001893, -0.874124, 0.485699, -0.0, 0.0, 0.0, 0.0, 1.0],
                [0.999997, -0.001908, 0.000433, 0.0, 0.00043, 0.430142, 0.902761, 0.37472, -0.001909, -0.90276, 0.430142, 0.0, 0.0, 0.0, 0.0, 1.0],
                [0.999997, -0.00192, 0.000372, -0.0, 0.000371, 0.372906, 0.927869, 0.37472, -0.00192, -0.927868, 0.372906, 0.0, 0.0, 0.0, 0.0, 1.0],
                [0.999997, -0.001929, 0.000323, 0.0, 0.000321, 0.324822, 0.945774, 0.37472, -0.001929, -0.945773, 0.324823, 0.0, 0.0, 0.0, 0.0, 1.0],
                [0.999998, -0.001932, 0.000304, -0.0, 0.000302, 0.306164, 0.951979, 0.37472, -0.001932, -0.951977, 0.306164, 0.0, 0.0, 0.0, 0.0, 1.0],
                [0.999998, -0.001935, 0.000285, 0.0, 0.000283, 0.287387, 0.957814, 0.37472, -0.001935, -0.957812, 0.287387, -0.0, 0.0, 0.0, 0.0, 1.0],
                [0.999998, -0.001928, 0.000328, 0.0, 0.000326, 0.32963, 0.94411, 0.37472, -0.001928, -0.944108, 0.32963, -0.0, 0.0, 0.0, 0.0, 1.0],
                [0.999998, -0.001912, 0.000407, -0.0, 0.000405, 0.406487, 0.913656, 0.37472, -0.001913, -0.913654, 0.406487, -0.0, 0.0, 0.0, 0.0, 1.0],
                [0.999998, -0.001887, 0.000513, 0.0, 0.00051, 0.505129, 0.863043, 0.37472, -0.001888, -0.863042, 0.505129, -0.0, 0.0, 0.0, 0.0, 1.0],
                [0.999998, -0.001853, 0.000623, 0.0, 0.000621, 0.603446, 0.797403, 0.37472, -0.001854, -0.797401, 0.603446, -0.0, 0.0, 0.0, 0.0, 1.0],
                [0.999998, -0.001813, 0.000733, 0.0, 0.000731, 0.694184, 0.719797, 0.37472, -0.001813, -0.719795, 0.694184, 0.0, 0.0, 0.0, 0.0, 1.0],
                [0.999998, -0.001771, 0.000828, 0.0, 0.000826, 0.766567, 0.642163, 0.37472, -0.001772, -0.642161, 0.766567, -0.0, 0.0, 0.0, 0.0, 1.0],
                [0.999997, -0.001723, 0.000924, -0.0, 0.000922, 0.832406, 0.554165, 0.37472, -0.001724, -0.554164, 0.832405, -0.0, 0.0, 0.0, 0.0, 1.0],
                [0.999998, -0.001708, 0.00095, 0.0, 0.000948, 0.848785, 0.528737, 0.37472, -0.00171, -0.528735, 0.848785, -0.0, 0.0, 0.0, 0.0, 1.0],
                [0.999998, -0.001712, 0.000945, 0.0, 0.000942, 0.845346, 0.534218, 0.37472, -0.001713, -0.534217, 0.845345, 0.0, 0.0, 0.0, 0.0, 1.0],
                [0.999998, -0.001722, 0.000927, -0.0, 0.000924, 0.833985, 0.551787, 0.37472, -0.001723, -0.551786, 0.833983, -0.0, 0.0, 0.0, 0.0, 1.0],
                [0.999998, -0.001731, 0.000908, 0.0, 0.000906, 0.822258, 0.569114, 0.37472, -0.001732, -0.569112, 0.822258, 0.0, 0.0, 0.0, 0.0, 1.0],
                [0.999999, -0.001729, 0.000912, 0.0, 0.000909, 0.824312, 0.566135, 0.37472, -0.00173, -0.566133, 0.824311, 0.0, 0.0, 0.0, 0.0, 1.0],
                [0.999998, -0.001719, 0.000932, -0.0, 0.00093, 0.837566, 0.546335, 0.37472, -0.00172, -0.546334, 0.837565, 0.0, 0.0, 0.0, 0.0, 1.0],
                [0.999998, -0.001705, 0.000957, -0.0, 0.000955, 0.853309, 0.521403, 0.37472, -0.001706, -0.521402, 0.853308, 0.0, 0.0, 0.0, 0.0, 1.0],
                [0.999997, -0.00169, 0.000985, 0.0, 0.000983, 0.869482, 0.493964, 0.37472, -0.001691, -0.493962, 0.869481, -0.0, 0.0, 0.0, 0.0, 1.0],
                [0.999998, -0.001673, 0.001011, 0.0, 0.001009, 0.884776, 0.466015, 0.37472, -0.001675, -0.466013, 0.884775, -0.0, 0.0, 0.0, 0.0, 1.0],
                [0.999998, -0.001657, 0.001038, -0.0, 0.001036, 0.899169, 0.437601, 0.37472, -0.001658, -0.4376, 0.899168, 0.0, 0.0, 0.0, 0.0, 1.0],
                [0.999999, -0.001644, 0.001057, 0.0, 0.001054, 0.908851, 0.417118, 0.37472, -0.001646, -0.417117, 0.90885, 0.0, 0.0, 0.0, 0.0, 1.0],
                [0.999998, -0.001637, 0.001068, 0.0, 0.001066, 0.914682, 0.404172, 0.37472, -0.001639, -0.404171, 0.914682, -0.0, 0.0, 0.0, 0.0, 1.0],
                [0.999998, -0.001634, 0.001074, 0.0, 0.001072, 0.917487, 0.397766, 0.37472, -0.001635, -0.397764, 0.917486, 0.0, 0.0, 0.0, 0.0, 1.0],
                [0.999998, -0.001632, 0.001076, -0.0, 0.001074, 0.918605, 0.395175, 0.37472, -0.001633, -0.395174, 0.918604, -0.0, 0.0, 0.0, 0.0, 1.0],
                [0.999998, -0.001633, 0.001075, 0.0, 0.001072, 0.917976, 0.396634, 0.37472, -0.001634, -0.396632, 0.917975, -0.0, 0.0, 0.0, 0.0, 1.0],
                [0.999998, -0.001633, 0.001073, 0.0, 0.001071, 0.917346, 0.398091, 0.37472, -0.001635, -0.398089, 0.917344, -0.0, 0.0, 0.0, 0.0, 1.0],
                [0.999998, -0.001635, 0.001072, 0.0, 0.00107, 0.916712, 0.399546, 0.37472, -0.001636, -0.399545, 0.916711, 0.0, 0.0, 0.0, 0.0, 1.0],
                [0.999998, -0.001636, 0.001071, 0.0, 0.001069, 0.916077, 0.401001, 0.37472, -0.001637, -0.401, 0.916076, -0.0, 0.0, 0.0, 0.0, 1.0]
            ]
        },
        {
            "name": "Knee_R",
            "time": [0.0, 0.1, 0.1333, 0.1667, 0.2, 0.2333, 0.2667, 0.3, 0.3333, 0.3667, 0.4, 0.4333, 0.4667, 0.5, 0.5333, 0.5667, 0.6, 0.6333, 0.6667, 0.7, 0.7333, 0.7667, 0.8, 0.8333, 0.8667, 0.9, 0.9333, 0.9667, 1.0, 1.0333, 1.0667, 1.1, 1.1333, 1.1667, 1.2, 1.2333, 1.2667, 1.3, 1.3333, 1.3667, 1.4, 1.4333, 1.4667, 1.5, 1.5333, 1.5667, 1.6, 1.6333, 1.6667, 1.7, 1.7333, 1.7667, 1.8, 1.8333, 1.8667, 1.9, 1.9333],
            "transform": [
                [1.0, 0.0, -0.0, 0.0, -0.0, 1e-06, -1.0, 0.37472, -0.0, 1.0, 1e-06, 0.0, 0.0, 0.0, 0.0, 1.0],
                [1.0, 0.0, -0.0, 0.0, -0.0, 1e-06, -1.0, 0.37472, -0.0, 1.0, 1e-06, 0.0, 0.0, 0.0, 0.0, 1.0],
                [1.0, 0.0, -0.0, -0.0, -0.0, 1e-06, -1.0, 0.37472, -0.0, 1.0, 1e-06, 0.0, 0.0, 0.0, 0.0, 1.0],
                [1.0, 0.0, -0.0, -0.0, -0.0, 1e-06, -1.0, 0.37472, -0.0, 1.0, 1e-06, -0.0, 0.0, 0.0, 0.0, 1.0],
                [1.0, 0.0, -0.0, 0.0, -0.0, 1e-06, -1.0, 0.37472, -0.0, 1.0, 1e-06, -0.0, 0.0, 0.0, 0.0, 1.0],
                [1.0, 0.0, -0.0, -0.0, -0.0, 1e-06, -1.0, 0.37472, -0.0, 1.0, 1e-06, 0.0, 0.0, 0.0, 0.0, 1.0],
                [1.0, 0.0, -0.0, -0.0, -0.0, 1e-06, -1.0, 0.37472, -0.0, 1.0, 1e-06, -0.0, 0.0, 0.0, 0.0, 1.0],
                [1.0, 0.0, -0.0, 0.0, -0.0, 1e-06, -1.0, 0.37472, -0.0, 1.0, 1e-06, 0.0, 0.0, 0.0, 0.0, 1.0],
                [1.0, 0.0, -0.0, 0.0, -0.0, 1e-06, -1.0, 0.37472, 0.0, 1.0, 1e-06, -0.0, 0.0, 0.0, 0.0, 1.0],
                [1.0, 0.0, -0.0, -0.0, -0.0, 1e-06, -1.0, 0.37472, -0.0, 1.0, 1e-06, 0.0, 0.0, 0.0, 0.0, 1.0],
                [1.0, 0.0, -0.0, 0.0, -0.0, 1e-06, -1.0, 0.37472, -0.0, 1.0, 1e-06, -0.0, 0.0, 0.0, 0.0, 1.0],
                [1.0, 0.0, -0.0, 0.0, -0.0, 1e-06, -1.0, 0.37472, -0.0, 1.0, 1e-06, -0.0, 0.0, 0.0, 0.0, 1.0],
                [1.0, 0.0, -0.0, 0.0, -0.0, 1e-06, -1.0, 0.37472, -0.0, 1.0, 1e-06, -0.0, 0.0, 0.0, 0.0, 1.0],
                [1.0, 0.0, -0.0, 0.0, -0.0, 1e-06, -1.0, 0.37472, -0.0, 1.0, 1e-06, 0.0, 0.0, 0.0, 0.0, 1.0],
                [1.0, 0.0, -0.0, 0.0, -0.0, 1e-06, -1.0, 0.37472, -0.0, 1.0, 1e-06, 0.0, 0.0, 0.0, 0.0, 1.0],
                [1.0, 0.0, -0.0, 0.0, -0.0, 1e-06, -1.0, 0.37472, -0.0, 1.0, 1e-06, 0.0, 0.0, 0.0, 0.0, 1.0],
                [1.0, 0.0, -0.0, 0.0, -0.0, 1e-06, -1.0, 0.37472, -0.0, 1.0, 1e-06, 0.0, 0.0, 0.0, 0.0, 1.0],
                [1.0, 0.0, -0.0, 0.0, -0.0, 1e-06, -1.0, 0.37472, -0.0, 1.0, 1e-06, -0.0, 0.0, 0.0, 0.0, 1.0],
                [1.0, 0.0, -0.0, -0.0, -0.0, 1e-06, -1.0, 0.37472, -0.0, 1.0, 1e-06, 0.0, 0.0, 0.0, 0.0, 1.0],
                [1.0, 0.0, -0.0, -0.0, -0.0, 1e-06, -1.0, 0.37472, -0.0, 1.0, 1e-06, 0.0, 0.0, 0.0, 0.0, 1.0],
                [1.0, 0.0, -0.0, 0.0, -0.0, 1e-06, -1.0, 0.37472, -0.0, 1.0, 1e-06, 0.0, 0.0, 0.0, 0.0, 1.0],
                [1.0, 0.0, -0.0, 0.0, -0.0, 1e-06, -1.0, 0.37472, -0.0, 1.0, 1e-06, -0.0, 0.0, 0.0, 0.0, 1.0],
                [1.0, 0.0, -0.0, 0.0, -0.0, 1e-06, -1.0, 0.37472, -0.0, 1.0, 1e-06, 0.0, 0.0, 0.0, 0.0, 1.0],
                [1.0, 0.0, -0.0, -0.0, -0.0, 1e-06, -1.0, 0.37472, -0.0, 1.0, 1e-06, -0.0, 0.0, 0.0, 0.0, 1.0],
                [1.0, 0.0, -0.0, 0.0, -0.0, 1e-06, -1.0, 0.37472, -0.0, 1.0, 1e-06, 0.0, 0.0, 0.0, 0.0, 1.0],
                [1.0, 0.0, -0.0, 0.0, -0.0, 1e-06, -1.0, 0.37472, -0.0, 1.0, 1e-06, -0.0, 0.0, 0.0, 0.0, 1.0],
                [1.0, 0.0, -0.0, 0.0, -0.0, 1e-06, -1.0, 0.37472, -0.0, 1.0, 1e-06, -0.0, 0.0, 0.0, 0.0, 1.0],
                [1.0, 0.0, -0.0, 0.0, -0.0, 1e-06, -1.0, 0.37472, -0.0, 1.0, 1e-06, 0.0, 0.0, 0.0, 0.0, 1.0],
                [1.0, 0.0, -0.0, -0.0, -0.0, 1e-06, -1.0, 0.37472, -0.0, 1.0, 1e-06, 0.0, 0.0, 0.0, 0.0, 1.0],
                [1.0, 0.0, -0.0, 0.0, -0.0, 1e-06, -1.0, 0.37472, -0.0, 1.0, 1e-06, 0.0, 0.0, 0.0, 0.0, 1.0],
                [1.0, 0.0, -0.0, -0.0, -0.0, 1e-06, -1.0, 0.37472, -0.0, 1.0, 1e-06, 0.0, 0.0, 0.0, 0.0, 1.0],
                [1.0, 0.0, -0.0, 0.0, -0.0, 1e-06, -1.0, 0.37472, -0.0, 1.0, 1e-06, -0.0, 0.0, 0.0, 0.0, 1.0],
                [1.0, 0.0, -0.0, 0.0, -0.0, 1e-06, -1.0, 0.37472, -0.0, 1.0, 1e-06, -0.0, 0.0, 0.0, 0.0, 1.0],
                [1.0, 0.0, -0.0, -0.0, -0.0, 1e-06, -1.0, 0.37472, -0.0, 1.0, 1e-06, -0.0, 0.0, 0.0, 0.0, 1.0],
                [1.0, 0.0, -0.0, 0.0, -0.0, 1e-06, -1.0, 0.37472, -0.0, 1.0, 1e-06, -0.0, 0.0, 0.0, 0.0, 1.0],
                [1.0, 0.0, -0.0, 0.0, -0.0, 1e-06, -1.0, 0.37472, -0.0, 1.0, 1e-06, -0.0, 0.0, 0.0, 0.0, 1.0],
                [1.0, 0.0, -0.0, 0.0, -0.0, 1e-06, -1.0, 0.37472, -0.0, 1.0, 1e-06, 0.0, 0.0, 0.0, 0.0, 1.0],
                [1.0, 0.0, -0.0, 0.0, -0.0, 1e-06, -1.0, 0.37472, -0.0, 1.0, 1e-06, -0.0, 0.0, 0.0, 0.0, 1.0],
                [1.0, 0.0, -0.0, -0.0, -0.0, 1e-06, -1.0, 0.37472, -0.0, 1.0, 1e-06, -0.0, 0.0, 0.0, 0.0, 1.0],
                [1.0, 0.0, -0.0, 0.0, -0.0, 1e-06, -1.0, 0.37472, -0.0, 1.0, 1e-06, -0.0, 0.0, 0.0, 0.0, 1.0],
                [1.0, 0.0, -0.0, 0.0, -0.0, 1e-06, -1.0, 0.37472, -0.0, 1.0, 1e-06, 0.0, 0.0, 0.0, 0.0, 1.0],
                [1.0, 0.0, -0.0, -0.0, -0.0, 1e-06, -1.0, 0.37472, -0.0, 1.0, 1e-06, -0.0, 0.0, 0.0, 0.0, 1.0],
                [1.0, 0.0, -0.0, 0.0, -0.0, 1e-06, -1.0, 0.37472, -0.0, 1.0, 1e-06, 0.0, 0.0, 0.0, 0.0, 1.0],
                [1.0, 0.0, -0.0, 0.0, -0.0, 1e-06, -1.0, 0.37472, -0.0, 1.0, 1e-06, 0.0, 0.0, 0.0, 0.0, 1.0],
                [1.0, 0.0, -0.0, -0.0, -0.0, 1e-06, -1.0, 0.37472, -0.0, 1.0, 1e-06, 0.0, 0.0, 0.0, 0.0, 1.0],
                [1.0, 0.0, -0.0, -0.0, -0.0, 1e-06, -1.0, 0.37472, -0.0, 1.0, 1e-06, 0.0, 0.0, 0.0, 0.0, 1.0],
                [1.0, 0.0, -0.0, 0.0, -0.0, 1e-06, -1.0, 0.37472, -0.0, 1.0, 1e-06, -0.0, 0.0, 0.0, 0.0, 1.0],
                [1.0, 0.0, -0.0, 0.0, -0.0, 1e-06, -1.0, 0.37472, -0.0, 1.0, 1e-06, -0.0, 0.0, 0.0, 0.0, 1.0],
                [1.0, 0.0, -0.0, -0.0, -0.0, 1e-06, -1.0, 0.37472, -0.0, 1.0, 1e-06, 0.0, 0.0, 0.0, 0.0, 1.0],
                [1.0, 0.0, -0.0, 0.0, -0.0, 1e-06, -1.0, 0.37472, -0.0, 1.0, 1e-06, 0.0, 0.0, 0.0, 0.0, 1.0],
                [1.0, 0.0, -0.0, 0.0, -0.0, 1e-06, -1.0, 0.37472, -0.0, 1.0, 1e-06, -0.0, 0.0, 0.0, 0.0, 1.0],
                [1.0, 0.0, -0.0, 0.0, -0.0, 1e-06, -1.0, 0.37472, -0.0, 1.0, 1e-06, 0.0, 0.0, 0.0, 0.0, 1.0],
                [1.0, 0.0, -0.0, -0.0, -0.0, 1e-06, -1.0, 0.37472, -0.0, 1.0, 1e-06, -0.0, 0.0, 0.0, 0.0, 1.0],
                [1.0, 0.0, -0.0, 0.0, -0.0, 1e-06, -1.0, 0.37472, -0.0, 1.0, 1e-06, -0.0, 0.0, 0.0, 0.0, 1.0],
                [1.0, 0.0, -0.0, 0.0, -0.0, 1e-06, -1.0, 0.37472, -0.0, 1.0, 1e-06, -0.0, 0.0, 0.0, 0.0, 1.0],
                [1.0, 0.0, -0.0, 0.0, -0.0, 1e-06, -1.0, 0.37472, -0.0, 1.0, 1e-06, 0.0, 0.0, 0.0, 0.0, 1.0],
                [1.0, 0.0, -0.0, 0.0, -0.0, 1e-06, -1.0, 0.37472, -0.0, 1.0, 1e-06, -0.0, 0.0, 0.0, 0.0, 1.0]
            ]
        },
        {
            "name": "Thigh_L",
            "time": [0.0, 0.1, 0.1333, 0.1667, 0.2, 0.2333, 0.2667, 0.3, 0.3333, 0.3667, 0.4, 0.4333, 0.4667, 0.5, 0.5333, 0.5667, 0.6, 0.6333, 0.6667, 0.7, 0.7333, 0.7667, 0.8, 0.8333, 0.8667, 0.9, 0.9333, 0.9667, 1.0, 1.0333, 1.0667, 1.1, 1.1333, 1.1667, 1.2, 1.2333, 1.2667, 1.3, 1.3333, 1.3667, 1.4, 1.4333, 1.4667, 1.5, 1.5333, 1.5667, 1.6, 1.6333, 1.6667, 1.7, 1.7333, 1.7667, 1.8, 1.8333, 1.8667, 1.9, 1.9333],
            "transform": [
                [0.039834, -0.670332, -0.740992, 0.075684, -0.310454, -0.71318, 0.628485, 0.15763, -0.949754, 0.205009, -0.236516, 0.095919, 0.0, 0.0, 0.0, 1.0],
                [-0.216482, -0.775148, -0.593534, 0.141248, -0.509366, -0.42897, 0.746011, 0.055058, -0.832877, 0.463823, -0.301969, 0.043101, 0.0, 0.0, 0.0, 1.0],
                [0.252927, -0.723987, -0.641773, 0.021726, -0.415582, -0.680328, 0.603695, 0.064779, -0.873683, 0.114018, -0.472948, 0.067928, 0.0, 0.0, 0.0, 1.0],
                [0.954486, -0.298235, -0.003722, -0.094151, -0.137785, -0.451975, 0.881325, 0.075564, -0.264524, -0.8407, -0.472496, 0.103028, 0.0, 0.0, 0.0, 1.0],
                [0.958808, -0.225034, 0.173344, -0.15209, -0.234996, -0.28557, 0.9291, 0.080957, -0.159578, -0.931564, -0.326689, 0.120578, 0.0, 0.0, 0.0, 1.0],
                [0.952511, -0.239563, 0.187972, -0.129045, -0.250146, -0.263584, 0.931639, 0.071171, -0.173639, -0.934417, -0.310993, 0.069828, 0.0, 0.0, 0.0, 1.0],
                [0.945762, -0.253744, 0.202854, -0.106, -0.264958, -0.241195, 0.933608, 0.061384, -0.18797, -0.936718, -0.295344, 0.019078, 0.0, 0.0, 0.0, 1.0],
                [0.938564, -0.267557, 0.217973, -0.082955, -0.27941, -0.218424, 0.934998, 0.051598, -0.202555, -0.938459, -0.279763, -0.031673, 0.0, 0.0, 0.0, 1.0],
                [0.930923, -0.280981, 0.233312, -0.05991, -0.293481, -0.195297, 0.935803, 0.041812, -0.217377, -0.939633, -0.264269, -0.082423, 0.0, 0.0, 0.0, 1.0],
                [0.93094, -0.280903, 0.233336, -0.06211, -0.303616, -0.240361, 0.921979, 0.039023, -0.202902, -0.929151, -0.309048, -0.10733, 0.0, 0.0, 0.0, 1.0],
                [0.930956, -0.280827, 0.233363, -0.064309, -0.313047, -0.284892, 0.906001, 0.036234, -0.187946, -0.916501, -0.353134, -0.132237, 0.0, 0.0, 0.0, 1.0],
                [0.930971, -0.280751, 0.233395, -0.066509, -0.32174, -0.328736, 0.887928, 0.033445, -0.172561, -0.901728, -0.396373, -0.157145, 0.0, 0.0, 0.0, 1.0],
                [0.930974, -0.280737, 0.233401, -0.066444, -0.323266, -0.336766, 0.884358, 0.037358, -0.169671, -0.898764, -0.404273, -0.143594, 0.0, 0.0, 0.0, 1.0],
                [0.930976, -0.280724, 0.233407, -0.066379, -0.324767, -0.344769, 0.880716, 0.04127, -0.166766, -0.895729, -0.412141, -0.130043, 0.0, 0.0, 0.0, 1.0],
                [0.930979, -0.28071, 0.233414, -0.066314, -0.326241, -0.352745, 0.877005, 0.045183, -0.163848, -0.892622, -0.419977, -0.116492, 0.0, 0.0, 0.0, 1.0],
                [0.930981, -0.280696, 0.23342, -0.066249, -0.32769, -0.360693, 0.873224, 0.049096, -0.160918, -0.889445, -0.427779, -0.102941, 0.0, 0.0, 0.0, 1.0],
                [0.930984, -0.280683, 0.233427, -0.066184, -0.329112, -0.368612, 0.869374, 0.053009, -0.157974, -0.886196, -0.435547, -0.08939, 0.0, 0.0, 0.0, 1.0],
                [0.93099, -0.280648, 0.233444, -0.064093, -0.332619, -0.388669, 0.859245, 0.058416, -0.150413, -0.877596, -0.455195, -0.08985, 0.0, 0.0, 0.0, 1.0],
                [0.930996, -0.280614, 0.233462, -0.062002, -0.335955, -0.40854, 0.848663, 0.063824, -0.142768, -0.868535, -0.474623, -0.09031, 0.0, 0.0, 0.0, 1.0],
                [0.931001, -0.28058, 0.233482, -0.059911, -0.339119, -0.428211, 0.837636, 0.069232, -0.135045, -0.859018, -0.493814, -0.09077, 0.0, 0.0, 0.0, 1.0],
                [0.931006, -0.280547, 0.233501, -0.057819, -0.342106, -0.447664, 0.826172, 0.074639, -0.12725, -0.849053, -0.512754, -0.09123, 0.0, 0.0, 0.0, 1.0],
                [0.931011, -0.280514, 0.233522, -0.055728, -0.344915, -0.466886, 0.81428, 0.080047, -0.119388, -0.838649, -0.531429, -0.09169, 0.0, 0.0, 0.0, 1.0],
                [0.931015, -0.280481, 0.233543, -0.053637, -0.347544, -0.48586, 0.801969, 0.085455, -0.111467, -0.827811, -0.549822, -0.09215, 0.0, 0.0, 0.0, 1.0],
                [0.93102, -0.280449, 0.233565, -0.051546, -0.34999, -0.504574, 0.789248, 0.090862, -0.103493, -0.816551, -0.567922, -0.09261, 0.0, 0.0, 0.0, 1.0],
                [0.931023, -0.280417, 0.233588, -0.049454, -0.352253, -0.523012, 0.77613, 0.09627, -0.095471, -0.804877, -0.585713, -0.09307, 0.0, 0.0, 0.0, 1.0],
                [0.94958, -0.222827, 0.220563, -0.070837, -0.307598, -0.525941, 0.79295, 0.092626, -0.060688, -0.820814, -0.567963, -0.08233, 0.0, 0.0, 0.0, 1.0],
                [0.964608, -0.164545, 0.206052, -0.092219, -0.262528, -0.526011, 0.808945, 0.088981, -0.024723, -0.834409, -0.550592, -0.071591, 0.0, 0.0, 0.0, 1.0],
                [0.976027, -0.105917, 0.190144, -0.113601, -0.217311, -0.523227, 0.824021, 0.085337, 0.012211, -0.845586, -0.5337, -0.060851, 0.0, 0.0, 0.0, 1.0],
