{
    "animation": [
        {
            "name": "Root",
            "time": [0.0, 0.0333, 0.0667, 0.1, 0.1333, 0.1667, 0.2, 0.2333],
            "transform": [
                [0.658309, -0.098349, -0.746295, -0.035286, -0.746005, -0.217633, -0.629374, -0.014989, -0.100519, 0.971064, -0.216639, 0.422755, 0.0, 0.0, 0.0, 1.0],
                [0.318388, -0.14909, -0.936163, -0.032791, -0.947756, -0.0705, -0.311104, 0.020549, -0.019617, 0.986308, -0.163747, 0.38235, 0.0, 0.0, 0.0, 1.0],
                [0.14346, -0.137358, -0.980078, -0.030296, -0.988924, 0.018167, -0.147301, 0.056086, 0.038038, 0.990356, -0.13323, 0.341945, 0.0, 0.0, 0.0, 1.0],
                [0.101363, -0.136597, -0.985427, -0.030111, -0.993617, 0.035377, -0.10711, 0.055493, 0.049492, 0.989996, -0.132139, 0.350445, 0.0, 0.0, 0.0, 1.0],
                [0.108799, -0.138757, -0.984332, -0.029927, -0.99284, 0.033934, -0.114523, 0.0549, 0.049293, 0.989746, -0.134072, 0.358945, 0.0, 0.0, 0.0, 1.0],
                [0.135391, -0.140196, -0.980823, -0.029742, -0.989825, 0.024583, -0.140147, 0.054307, 0.04376, 0.989819, -0.135441, 0.367445, 0.0, 0.0, 0.0, 1.0],
                [0.159097, -0.140725, -0.977182, -0.031209, -0.986573, 0.014329, -0.16269, 0.052763, 0.036897, 0.989945, -0.136556, 0.372837, 0.0, 0.0, 0.0, 1.0],
                [0.162857, -0.136065, -0.977222, -0.032675, -0.986067, 0.011582, -0.165944, 0.051219, 0.033897, 0.990633, -0.132283, 0.378229, 0.0, 0.0, 0.0, 1.0]
            ]
        },
        {
            "name": "Thigh_R",
            "time": [0.0, 0.0667, 0.2333],
            "transform": [
                [0.901741, -0.179987, -0.393026, 0.092285, 0.18349, -0.663855, 0.725002, 0.078102, -0.391404, -0.72588, -0.565599, 0.01703, 0.0, 0.0, 0.0, 1.0],
                [0.79156, -0.378991, -0.479375, 0.092285, 0.259723, -0.501434, 0.825293, 0.078102, -0.553154, -0.777773, -0.298482, 0.01703, 0.0, 0.0, 0.0, 1.0],
                [0.79156, -0.378991, -0.479375, 0.092285, 0.259723, -0.501434, 0.825293, 0.078102, -0.553154, -0.777773, -0.298482, 0.01703, 0.0, 0.0, 0.0, 1.0]
            ]
        },
        {
            "name": "Leg_R",
            "time": [0.0, 0.0333, 0.0667, 0.2333],
            "transform": [
                [0.999995, -0.001954, 0.000101, 0.0, 0.000779, 0.444847, 0.895609, 0.37472, -0.001794, -0.895605, 0.444849, 0.0, 0.0, 0.0, 0.0, 1.0],
                [0.999995, -0.001908, -0.000431, 0.0, 0.000602, 0.09058, 0.995891, 0.37472, -0.001861, -0.995888, 0.090581, -0.0, 0.0, 0.0, 0.0, 1.0],
                [0.999996, -0.001918, -0.000379, -0.0, 0.000533, 0.080828, 0.99673, 0.37472, -0.001881, -0.996727, 0.080829, -0.0, 0.0, 0.0, 0.0, 1.0],
                [0.999996, -0.001925, -0.000344, -0.0, 0.00055, 0.107957, 0.994157, 0.37472, -0.001877, -0.994155, 0.107958, 0.0, 0.0, 0.0, 0.0, 1.0]
            ]
        },
        {
            "name": "Knee_R",
            "time": [0.0, 0.2333],
            "transform": [
                [1.0, 0.0, -0.0, 0.0, -0.0, 1e-06, -1.0, 0.37472, -0.0, 1.0, 1e-06, 0.0, 0.0, 0.0, 0.0, 1.0],
                [1.0, 0.0, -0.0, -0.0, -0.0, 1e-06, -1.0, 0.37472, -0.0, 1.0, 1e-06, 0.0, 0.0, 0.0, 0.0, 1.0]
            ]
        },
        {
            "name": "Thigh_L",
            "time": [0.0, 0.0667, 0.1, 0.2333],
            "transform": [
                [0.732011, -0.313955, -0.604641, -0.162914, -0.27866, -0.947836, 0.15479, 0.057139, -0.621695, 0.055182, -0.781312, 0.004762, 0.0, 0.0, 0.0, 1.0],
                [0.176581, -0.272611, -0.945782, -0.109992, -0.597878, -0.793011, 0.116949, 0.075553, -0.781896, 0.544812, -0.303019, 0.039585, 0.0, 0.0, 0.0, 1.0],
                [0.130455, -0.40108, -0.906707, -0.102417, -0.531116, -0.800505, 0.277685, 0.089889, -0.837197, 0.445341, -0.31745, 0.070116, 0.0, 0.0, 0.0, 1.0],
                [0.307531, -0.426733, -0.850486, -0.101349, -0.535799, -0.816293, 0.215836, 0.062121, -0.78635, 0.389312, -0.479679, 0.044552, 0.0, 0.0, 0.0, 1.0]
            ]
        },
        {
            "name": "Leg_L",
            "time": [0.0, 0.2, 0.2333],
            "transform": [
                [0.999998, 0.001852, 0.000617, 0.0, -0.000718, 0.055192, 0.998476, 0.37472, 0.001816, -0.998474, 0.055193, -0.0, 0.0, 0.0, 0.0, 1.0],
                [0.999998, 0.001916, 0.00038, 0.0, -0.000631, 0.132536, 0.991178, 0.37472, 0.001848, -0.991176, 0.132537, -0.0, 0.0, 0.0, 0.0, 1.0],
                [0.999998, 0.001907, 0.000418, -0.0, -0.000646, 0.121222, 0.992626, 0.37472, 0.001842, -0.992624, 0.121223, -0.0, 0.0, 0.0, 0.0, 1.0]
            ]
        },
        {
            "name": "Knee_L",
            "time": [0.0, 0.2333],
            "transform": [
                [1.0, 0.0, -0.0, 0.0, -0.0, 1e-06, -1.0, 0.37472, -0.0, 1.0, 1e-06, -0.0, 0.0, 0.0, 0.0, 1.0],
                [1.0, 0.0, -0.0, -0.0, -0.0, 1e-06, -1.0, 0.37472, -0.0, 1.0, 1e-06, -0.0, 0.0, 0.0, 0.0, 1.0]
            ]
        },
        {
            "name": "Torso",
            "time": [0.0, 0.1, 0.1333, 0.1667, 0.2, 0.2333],
            "transform": [
                [0.950503, -0.310217, 0.017578, 0.0, 0.267032, 0.844491, 0.464251, 0.05, -0.158863, -0.436578, 0.885529, -0.0, 0.0, 0.0, 0.0, 1.0],
                [0.783021, -0.532094, 0.322109, 0.0, 0.406631, 0.829785, 0.38224, 0.05, -0.470669, -0.168322, 0.866105, 0.0, 0.0, 0.0, 0.0, 1.0],
                [0.797254, -0.532109, 0.285036, 0.0, 0.412993, 0.825198, 0.385338, 0.05, -0.440252, -0.189494, 0.87765, 0.0, 0.0, 0.0, 0.0, 1.0],
                [0.804012, -0.52807, 0.273326, -0.0, 0.406359, 0.823552, 0.39577, 0.05, -0.434093, -0.207135, 0.876731, 0.0, 0.0, 0.0, 0.0, 1.0],
                [0.80321, -0.519419, 0.291646, -0.0, 0.38779, 0.827567, 0.405897, 0.05, -0.452188, -0.212923, 0.866135, 0.0, 0.0, 0.0, 0.0, 1.0],
                [0.796805, -0.507697, 0.327635, -0.0, 0.365792, 0.836883, 0.407214, 0.05, -0.480933, -0.204624, 0.852545, -0.0, 0.0, 0.0, 0.0, 1.0]
            ]
        },
        {
            "name": "Chest",
            "time": [0.0, 0.1, 0.1667, 0.2, 0.2333],
            "transform": [
                [0.85083, 0.309501, 0.424615, 0.0, -0.110957, 0.895718, -0.430555, 0.3, -0.513592, 0.319215, 0.796445, 0.0, 0.0, 0.0, 0.0, 1.0],
                [0.707283, 0.376209, 0.598513, -0.0, -0.066685, 0.878366, -0.473314, 0.3, -0.703778, 0.294855, 0.646341, 0.0, 0.0, 0.0, 0.0, 1.0],
                [0.589218, 0.416228, 0.692514, -0.0, -0.030928, 0.86809, -0.495442, 0.3, -0.807382, 0.270506, 0.524368, -0.0, 0.0, 0.0, 0.0, 1.0],
                [0.598486, 0.409704, 0.688445, 0.0, -0.038326, 0.872997, -0.486216, 0.3, -0.800216, 0.264608, 0.538179, 0.0, 0.0, 0.0, 0.0, 1.0],
                [0.627092, 0.387114, 0.675943, -0.0, -0.033652, 0.880421, -0.472998, 0.3, -0.778218, 0.273866, 0.565131, -0.0, 0.0, 0.0, 0.0, 1.0]
            ]
        },
        {
            "name": "Head",
            "time": [0.0, 0.1333, 0.1667, 0.2, 0.2333],
            "transform": [
                [0.953675, -0.143479, 0.264417, -0.0, 0.016257, 0.902233, 0.430941, 0.4, -0.300397, -0.406679, 0.862771, 0.0, 0.0, 0.0, 0.0, 1.0],
                [0.969785, 0.020274, 0.243113, -0.0, -0.087809, 0.958759, 0.270317, 0.4, -0.227606, -0.283497, 0.931571, -0.0, 0.0, 0.0, 0.0, 1.0],
                [0.985535, 0.007157, 0.169314, -0.0, -0.055422, 0.957779, 0.28211, 0.4, -0.160146, -0.287413, 0.944324, 0.0, 0.0, 0.0, 0.0, 1.0],
                [0.989436, 0.002079, 0.144948, 0.0, -0.044376, 0.956239, 0.289198, 0.4, -0.138004, -0.292575, 0.946233, 0.0, 0.0, 0.0, 0.0, 1.0],
                [0.99049, 0.000376, 0.137582, 0.0, -0.040541, 0.956395, 0.289248, 0.4, -0.131474, -0.292075, 0.947316, 0.0, 0.0, 0.0, 0.0, 1.0]
            ]
        },
        {
            "name": "Shoulder_R",
            "time": [0.0, 0.0333, 0.0667, 0.1, 0.1333, 0.1667, 0.2333],
            "transform": [
                [-0.624334, 0.742986, -0.2412, -0.0, 0.410787, 0.574916, 0.707622, 0.4, 0.664411, 0.342714, -0.664154, 0.0, 0.0, 0.0, 0.0, 1.0],
                [-0.500538, 0.820356, -0.276552, -0.0, 0.466138, 0.524584, 0.712411, 0.4, 0.729492, 0.22768, -0.644978, 0.0, 0.0, 0.0, 0.0, 1.0],
                [-0.402728, 0.884731, -0.234665, -0.0, 0.4783, 0.422004, 0.770158, 0.4, 0.780397, 0.197926, -0.593125, -0.0, 0.0, 0.0, 0.0, 1.0],
                [-0.464159, 0.872987, -0.149846, 0.0, 0.480366, 0.390239, 0.78547, 0.4, 0.744167, 0.292606, -0.600491, -0.0, 0.0, 0.0, 0.0, 1.0],
                [-0.480102, 0.874835, -0.06457, -0.0, 0.500469, 0.333626, 0.79889, 0.4, 0.720425, 0.351238, -0.598008, -0.0, 0.0, 0.0, 0.0, 1.0],
                [-0.532441, 0.846459, 0.003883, -0.0, 0.48774, 0.303053, 0.8187, 0.4, 0.691805, 0.437809, -0.574215, 0.0, 0.0, 0.0, 0.0, 1.0],
                [-0.594436, 0.801448, 0.065776, 0.0, 0.427128, 0.245387, 0.870258, 0.4, 0.681314, 0.545414, -0.488192, 0.0, 0.0, 0.0, 0.0, 1.0]
            ]
        },
        {
            "name": "Arm_R",
            "time": [0.0, 0.0333, 0.0667, 0.1, 0.2333],
            "transform": [
                [-0.081734, -0.339514, -0.935319, 0.0, 0.421047, 0.84245, -0.339861, 0.393861, 0.90335, -0.423381, 0.073781, 0.0, 0.0, 0.0, 0.0, 1.0],
                [0.526426, -0.163728, -0.832609, -0.0, 0.398015, 0.916484, 0.071881, 0.39386, 0.751311, -0.370797, 0.54531, -0.0, 0.0, 0.0, 0.0, 1.0],
                [0.677001, -0.065086, -0.731561, 0.0, 0.29028, 0.940902, 0.184484, 0.393861, 0.67633, -0.338683, 0.653106, -0.0, 0.0, 0.0, 0.0, 1.0],
                [0.643939, -0.076174, -0.759681, 0.0, 0.321549, 0.931762, 0.178761, 0.393861, 0.694234, -0.36091, 0.621847, -0.0, 0.0, 0.0, 0.0, 1.0],
                [0.586107, 0.005734, -0.8085, 0.0, 0.198405, 0.97057, 0.150047, 0.393861, 0.785566, -0.249408, 0.565321, 0.0, 0.0, 0.0, 0.0, 1.0]
            ]
        },
        {
            "name": "Hand_R",
            "time": [0.0, 0.0333, 0.0667, 0.1, 0.1333, 0.1667, 0.2, 0.2333],
            "transform": [
                [1.000889, -0.001972, 0.000113, 0.0, -0.000115, -0.116561, -0.988316, 0.3, 0.001965, 0.997318, -0.115508, 0.0, 0.0, 0.0, 0.0, 1.0],
                [1.00089, -0.00175, -0.000917, -0.0, 0.000917, 0.824341, -0.566622, 0.3, 0.00175, 0.568952, 0.820963, -0.0, 0.0, 0.0, 0.0, 1.0],
                [1.000891, -0.00137, -0.001392, -0.0, 0.001395, 0.999989, 0.01691, 0.3, 0.001371, -0.016931, 0.998851, -0.0, 0.0, 0.0, 0.0, 1.0],
                [1.00089, -0.001341, -0.00142, -0.0, 0.001423, 0.998418, 0.058639, 0.3, 0.001341, -0.058709, 0.997262, -0.0, 0.0, 0.0, 0.0, 1.0],
                [1.00089, -0.001397, -0.001365, 0.0, 0.001368, 0.999903, -0.021398, 0.3, 0.001397, 0.02142, 0.998765, -0.0, 0.0, 0.0, 0.0, 1.0],
                [1.00089, -0.001487, -0.001268, 0.0, 0.001271, 0.987926, -0.156236, 0.3, 0.001488, 0.156444, 0.986598, 0.0, 0.0, 0.0, 0.0, 1.0],
                [1.000889, -0.001563, -0.001173, 0.0, 0.001175, 0.961095, -0.277376, 0.3, 0.001564, 0.27787, 0.95938, -0.0, 0.0, 0.0, 0.0, 1.0],
                [1.000889, -0.001592, -0.001133, 0.0, 0.001136, 0.946019, -0.325235, 0.3, 0.001593, 0.325893, 0.944102, -0.0, 0.0, 0.0, 0.0, 1.0]
            ]
        },
        {
            "name": "Tool_R",
            "time": [0.0, 0.0333, 0.0667, 0.1, 0.1333, 0.1667, 0.2, 0.2333],
            "transform": [
                [0.948502, -0.139594, -0.284353, -0.0, -0.316543, -0.383702, -0.86751, 0.272858, 0.011982, 0.912301, -0.407897, -0.0, 0.0, 0.0, 0.0, 1.0],
                [0.988293, -0.092077, -0.121651, 0.0, -0.152568, -0.594758, -0.789295, 0.272858, 0.000321, 0.798135, -0.601495, -0.0, 0.0, 0.0, 0.0, 1.0],
                [1.0, 7e-06, 1e-06, 0.0, 3e-06, -0.258064, -0.966128, 0.272858, -6e-06, 0.965553, -0.257922, -0.0, 0.0, 0.0, 0.0, 1.0],
                [1.0, 6e-06, -2e-06, 0.0, 1e-06, -0.337031, -0.941494, 0.272858, -6e-06, 0.940933, -0.336841, -0.0, 0.0, 0.0, 0.0, 1.0],
                [1.0, 6e-06, -3e-06, -0.0, -1e-06, -0.276618, -0.96098, 0.272858, -7e-06, 0.960408, -0.276465, -0.0, 0.0, 0.0, 0.0, 1.0],
                [1.0, 7e-06, -1e-06, -0.0, -0.0, -0.129025, -0.991641, 0.272858, -7e-06, 0.991053, -0.128959, -0.0, 0.0, 0.0, 0.0, 1.0],
                [1.0, 7e-06, -0.0, -0.0, -0.0, 0.007363, -0.999973, 0.272858, -7e-06, 0.999381, 0.007348, -0.0, 0.0, 0.0, 0.0, 1.0],
                [1.0, 7e-06, -1e-06, -0.0, -1e-06, 0.001484, -0.999999, 0.272858, -7e-06, 0.999407, 0.001472, -0.0, 0.0, 0.0, 0.0, 1.0]
            ]
        },
        {
            "name": "Elbow_R",
            "time": [0.0, 0.2333],
            "transform": [
                [-1.0, 0.0, -0.0, 0.0, 0.0, -0.0, -1.0, 0.3, -0.0, -1.0, 0.0, 0.0, 0.0, 0.0, 0.0, 1.0],
                [-1.0, 0.0, -0.0, 0.0, 0.0, -0.0, -1.0, 0.3, -0.0, -1.0, 0.0, -0.0, 0.0, 0.0, 0.0, 1.0]
            ]
        },
        {
            "name": "Shoulder_L",
            "time": [0.0, 0.0333, 0.0667, 0.1, 0.1333, 0.1667, 0.2, 0.2333],
            "transform": [
                [-0.246162, -0.766692, -0.592957, -0.0, -0.463746, -0.444036, 0.766666, 0.4, -0.851068, 0.463711, -0.246249, 0.0, 0.0, 0.0, 0.0, 1.0],
                [-0.233221, -0.814888, -0.530638, -0.0, -0.525253, -0.353661, 0.773974, 0.4, -0.818346, 0.459231, -0.345546, 0.0, 0.0, 0.0, 0.0, 1.0],
                [-0.219272, -0.840308, -0.495794, -0.0, -0.558349, -0.308641, 0.770057, 0.4, -0.800086, 0.445683, -0.401516, -0.0, 0.0, 0.0, 0.0, 1.0],
                [-0.214451, -0.84795, -0.484771, 0.0, -0.571308, -0.293658, 0.766402, 0.4, -0.792206, 0.441315, -0.421472, -0.0, 0.0, 0.0, 0.0, 1.0],
                [-0.212606, -0.853437, -0.475872, -0.0, -0.576086, -0.283882, 0.766509, 0.4, -0.789238, 0.437113, -0.431305, -0.0, 0.0, 0.0, 0.0, 1.0],
                [-0.214571, -0.855951, -0.470444, -0.0, -0.570897, -0.280895, 0.771476, 0.4, -0.79247, 0.434117, -0.428394, 0.0, 0.0, 0.0, 0.0, 1.0],
                [-0.217431, -0.855567, -0.46983, 0.0, -0.55946, -0.285187, 0.77825, 0.4, -0.799813, 0.432073, -0.416653, 0.0, 0.0, 0.0, 0.0, 1.0],
                [-0.219771, -0.852556, -0.474192, 0.0, -0.546086, -0.295269, 0.783969, 0.4, -0.808372, 0.431248, -0.400683, 0.0, 0.0, 0.0, 0.0, 1.0]
            ]
        },
        {
            "name": "Arm_L",
            "time": [0.0, 0.1, 0.2333],
            "transform": [
                [-0.412456, -0.323604, 0.849513, 0.0, -0.187126, 0.947475, 0.266877, 0.39386, -0.892057, -0.049128, -0.448767, -0.0, 0.0, 0.0, 0.0, 1.0],
                [-0.342404, -0.348562, 0.86876, -0.0, -0.27013, 0.929416, 0.261671, 0.39386, -0.901879, -0.146043, -0.408205, 0.0, 0.0, 0.0, 0.0, 1.0],
                [-0.318632, -0.349941, 0.877094, 0.0, -0.304428, 0.921358, 0.25239, 0.39386, -0.899663, -0.187832, -0.396042, -0.0, 0.0, 0.0, 0.0, 1.0]
            ]
        },
        {
            "name": "Hand_L",
            "time": [0.0, 0.0667, 0.1, 0.1333, 0.1667, 0.2, 0.2333],
            "transform": [
                [0.997796, 0.001857, -0.000668, -0.0, -0.000214, -0.240542, -0.964469, 0.3, -0.001943, 0.980292, -0.236658, -0.0, 0.0, 0.0, 0.0, 1.0],
                [0.997796, 0.001971, -8.3e-05, -0.0, 6.1e-05, -0.074525, -0.989982, 0.3, -0.001949, 1.00701, -0.073264, 0.0, 0.0, 0.0, 0.0, 1.0],
                [0.997797, 0.001971, -9.7e-05, -0.0, 7.6e-05, -0.089667, -0.988788, 0.3, -0.001948, 1.005753, -0.088154, 0.0, 0.0, 0.0, 0.0, 1.0],
                [0.997796, 0.001971, -9.2e-05, 0.0, 7.1e-05, -0.084343, -0.989233, 0.3, -0.001948, 1.006223, -0.082918, -0.0, 0.0, 0.0, 0.0, 1.0],
                [0.997796, 0.001971, -7.9e-05, 0.0, 5.7e-05, -0.070576, -0.990257, 0.3, -0.001949, 1.007298, -0.069382, 0.0, 0.0, 0.0, 0.0, 1.0],
                [0.997797, 0.001972, -6.8e-05, -0.0, 4.5e-05, -0.058806, -0.990988, 0.3, -0.001949, 1.008065, -0.05781, 0.0, 0.0, 0.0, 0.0, 1.0],
                [0.997795, 0.001972, -6.7e-05, -0.0, 4.4e-05, -0.05737, -0.991067, 0.3, -0.001949, 1.008152, -0.056397, -0.0, 0.0, 0.0, 0.0, 1.0]
            ]
        },
        {
            "name": "Tool_L",
            "time": [0.0, 0.0333, 0.0667, 0.1, 0.1333, 0.1667, 0.2, 0.2333],
            "transform": [
                [0.929602, -0.312533, 0.195355, 0.0, -0.140267, -0.790154, -0.596642, 0.272858, 0.340629, 0.526919, -0.777915, 0.0, 0.0, 0.0, 0.0, 1.0],
                [0.929602, -0.312533, 0.195354, 0.0, -0.140267, -0.790154, -0.596642, 0.272858, 0.340629, 0.526919, -0.777915, 0.0, 0.0, 0.0, 0.0, 1.0],
                [0.929602, -0.312533, 0.195355, 0.0, -0.140267, -0.790154, -0.596642, 0.272858, 0.340629, 0.526919, -0.777915, 0.0, 0.0, 0.0, 0.0, 1.0],
                [0.929602, -0.312533, 0.195355, 0.0, -0.140267, -0.790154, -0.596642, 0.272858, 0.340628, 0.526919, -0.777915, -0.0, 0.0, 0.0, 0.0, 1.0],
                [0.929602, -0.312533, 0.195355, -0.0, -0.140267, -0.790154, -0.596642, 0.272858, 0.340629, 0.526919, -0.777915, -0.0, 0.0, 0.0, 0.0, 1.0],
                [0.929602, -0.312533, 0.195354, 0.0, -0.140267, -0.790154, -0.596642, 0.272858, 0.340629, 0.526919, -0.777915, 0.0, 0.0, 0.0, 0.0, 1.0],
                [0.929602, -0.312533, 0.195354, 0.0, -0.140267, -0.790154, -0.596642, 0.272858, 0.340629, 0.526919, -0.777915, 0.0, 0.0, 0.0, 0.0, 1.0],
                [0.929602, -0.312533, 0.195355, 0.0, -0.140267, -0.790154, -0.596642, 0.272858, 0.340629, 0.526919, -0.777915, 0.0, 0.0, 0.0, 0.0, 1.0]
            ]
        },
        {
            "name": "Elbow_L",
            "time": [0.0, 0.2333],
            "transform": [
                [-1.0, 0.0, 0.0, -0.0, 0.0, -0.0, -1.0, 0.3, -0.0, -1.0, -0.0, -0.0, 0.0, 0.0, 0.0, 1.0],
                [-1.0, 0.0, -0.0, -0.0, 0.0, -0.0, -1.0, 0.3, -0.0, -1.0, -0.0, -0.0, 0.0, 0.0, 0.0, 1.0]
            ]
        }
    ]
}