{
    "animation": [
        {
            "name": "Root",
            "time": [0.0, 0.1667, 0.2333, 0.3333, 0.4, 0.4667, 0.5, 0.6, 0.8333, 1.1667, 1.3333, 1.5, 1.6667, 2.0, 2.6333],
            "transform": [
                [1.0, 0.0, 0.0, -5e-06, 0.0, 0.0, -1.0, 0.000946, 0.0, 1.0, 0.0, 0.350115, 0.0, 0.0, 0.0, 1.0],
                [1.0, 0.0, 0.0, -0.040185, 0.0, 0.0, -1.0, 0.108614, 0.0, 1.0, 0.0, 0.400236, 0.0, 0.0, 0.0, 1.0],
                [1.0, 0.0, 0.0, -0.08071, 0.0, 0.0, -1.0, 0.235182, 0.0, 1.0, 0.0, 0.456139, 0.0, 0.0, 0.0, 1.0],
                [1.0, 0.0, 0.0, -0.088578, 0.0, 0.0, -1.0, 0.558343, 0.0, 1.0, 0.0, 0.559051, 0.0, 0.0, 0.0, 1.0],
                [1.0, 0.0, 0.0, -0.064962, 0.0, 0.0, -1.0, 1.19407, 0.0, 1.0, 0.0, 0.587276, 0.0, 0.0, 0.0, 1.0],
                [1.0, 0.0, 0.0, -5e-06, 0.0, 0.0, -1.0, 1.669365, 0.0, 1.0, 0.0, 0.454331, 0.0, 0.0, 0.0, 1.0],
                [1.0, 0.0, 0.0, -5e-06, 0.0, 0.0, -1.0, 1.749677, 0.0, 1.0, 0.0, 0.282021, 0.0, 0.0, 0.0, 1.0],
                [1.0, 0.0, 0.0, -5e-06, 0.0, 0.0, -1.0, 2.311411, 0.0, 1.0, 0.0, 0.348066, 0.0, 0.0, 0.0, 1.0],
                [1.0, 0.0, 0.0, -5e-06, 0.0, 0.0, -1.0, 2.377927, 0.0, 1.0, 0.0, 0.408113, 0.0, 0.0, 0.0, 1.0],
                [1.0, 0.0, 0.0, -5e-06, 0.0, 0.0, -1.0, 2.377926, 0.0, 1.0, 0.0, 0.408112, 0.0, 0.0, 0.0, 1.0],
                [1.0, 0.0, 0.0, -5e-06, 0.0, 0.0, -1.0, 2.377926, 0.0, 1.0, 0.0, 0.510664, 0.0, 0.0, 0.0, 1.0],
                [1.0, 0.0, 0.0, -5e-06, 0.0, 0.0, -1.0, 2.377926, 0.0, 1.0, 0.0, 0.613079, 0.0, 0.0, 0.0, 1.0],
                [1.0, 0.0, 0.0, -5e-06, 0.0, 0.0, -1.0, 2.407882, 0.0, 1.0, 0.0, 0.649584, 0.0, 0.0, 0.0, 1.0],
                [1.0, 0.0, 0.0, -5e-06, 0.0, 0.0, -1.0, 2.392542, 0.0, 1.0, 0.0, 0.661343, 0.0, 0.0, 0.0, 1.0],
                [1.0, 0.0, 0.0, -5e-06, 0.0, 0.0, -1.0, 2.392542, 0.0, 1.0, 0.0, 0.661343, 0.0, 0.0, 0.0, 1.0]
            ]
        },
        {
            "name": "Thigh_R",
            "time": [0.0, 0.1667, 0.2, 0.2333, 0.2667, 0.3, 0.3333, 0.3667, 0.4, 0.4333, 0.4667, 0.5, 0.5333, 0.5667, 0.6, 0.6333, 0.6667, 0.7, 0.7333, 0.7667, 0.8, 0.8333, 0.8667, 0.9, 0.9333, 0.9667, 1.0, 1.0333, 1.0667, 1.1, 1.1333, 1.1667, 1.2, 1.2333, 1.2667, 1.3, 1.3333, 1.3667, 1.4, 1.4333, 1.4667, 1.5, 1.5333, 1.5667, 1.6, 1.6333, 1.6667, 1.7, 1.7333, 1.7667, 1.8, 1.8333, 1.8667, 1.9, 1.9333, 1.9667, 2.0, 2.0333, 2.0667, 2.1, 2.1333, 2.1667, 2.2, 2.2333, 2.2667, 2.3, 2.3333, 2.3667, 2.4, 2.4333, 2.4667, 2.5, 2.5333, 2.5667, 2.6, 2.6333],
            "transform": [
                [0.993985, 0.05183, -0.096564, 0.124994, 0.104723, -0.18936, 0.976307, -0.002831, 0.032317, -0.98053, -0.193649, -1.2e-05, 0.0, 0.0, 0.0, 1.0],
                [0.803317, -0.329074, -0.496374, 0.124994, 0.399119, -0.321134, 0.858822, -0.002831, -0.442016, -0.888026, -0.126633, -1.2e-05, 0.0, 0.0, 0.0, 1.0],
                [0.802982, -0.288979, -0.521254, 0.124994, 0.381208, -0.42327, 0.821903, -0.002831, -0.458139, -0.858688, -0.229717, -1.2e-05, 0.0, 0.0, 0.0, 1.0],
                [0.824929, -0.227382, -0.517475, 0.124994, 0.344765, -0.523068, 0.779448, -0.002831, -0.447902, -0.821408, -0.353101, -1.2e-05, 0.0, 0.0, 0.0, 1.0],
                [0.876058, -0.132843, -0.463536, 0.124994, 0.288006, -0.626844, 0.723964, -0.002831, -0.386734, -0.767745, -0.510892, -1.2e-05, 0.0, 0.0, 0.0, 1.0],
                [0.935595, -0.006193, -0.353006, 0.124994, 0.231848, -0.743276, 0.627528, -0.002831, -0.266265, -0.668964, -0.69397, -1.2e-05, 0.0, 0.0, 0.0, 1.0],
                [0.97092, 0.10085, -0.217102, 0.124994, 0.19689, -0.852272, 0.484638, -0.002831, -0.136153, -0.513296, -0.847344, -1.2e-05, 0.0, 0.0, 0.0, 1.0],
                [0.985151, 0.169374, -0.027931, 0.124994, 0.171596, -0.96722, 0.187213, -0.002831, 0.004693, -0.189227, -0.981922, -1.2e-05, 0.0, 0.0, 0.0, 1.0],
                [0.969456, 0.169915, 0.176862, 0.124994, 0.204355, -0.958366, -0.199441, -0.002831, 0.135609, 0.229493, -0.963817, -1.2e-05, 0.0, 0.0, 0.0, 1.0],
                [0.954273, 0.145924, 0.260894, 0.124994, 0.242988, -0.887003, -0.392664, -0.002831, 0.174113, 0.438105, -0.881901, -1.2e-05, 0.0, 0.0, 0.0, 1.0],
                [0.918861, 0.135653, 0.370523, 0.124994, 0.324723, -0.793431, -0.514805, -0.002831, 0.224148, 0.593356, -0.773103, -1.2e-05, 0.0, 0.0, 0.0, 1.0],
                [0.597149, 0.269994, 0.755325, 0.124994, 0.722912, -0.589185, -0.360916, -0.002831, 0.347581, 0.761553, -0.547013, -1.2e-05, 0.0, 0.0, 0.0, 1.0],
                [0.556371, 0.40132, 0.727594, 0.124994, 0.750909, -0.617765, -0.233457, -0.002831, 0.355791, 0.676245, -0.645062, -1.2e-05, 0.0, 0.0, 0.0, 1.0],
                [0.467995, 0.518596, 0.715568, 0.124994, 0.796313, -0.598599, -0.086975, -0.002831, 0.383235, 0.610519, -0.693107, -1.2e-05, 0.0, 0.0, 0.0, 1.0],
                [0.386485, 0.569451, 0.725502, 0.124994, 0.82287, -0.56818, 0.007621, -0.002831, 0.416559, 0.594045, -0.688177, -1.2e-05, 0.0, 0.0, 0.0, 1.0],
                [0.297847, 0.595291, 0.746266, 0.124994, 0.846257, -0.526405, 0.082162, -0.002831, 0.441753, 0.607056, -0.660557, -1.2e-05, 0.0, 0.0, 0.0, 1.0],
                [0.240795, 0.609528, 0.755308, 0.124994, 0.853988, -0.502862, 0.133559, -0.002831, 0.461228, 0.612857, -0.641617, -1.2e-05, 0.0, 0.0, 0.0, 1.0],
                [0.24042, 0.618867, 0.747796, 0.124994, 0.842405, -0.515769, 0.156015, -0.002831, 0.482248, 0.592431, -0.645338, -1.2e-05, 0.0, 0.0, 0.0, 1.0],
                [0.27189, 0.627089, 0.729953, 0.124994, 0.82225, -0.545482, 0.162353, -0.002831, 0.49999, 0.556057, -0.663935, -1.2e-05, 0.0, 0.0, 0.0, 1.0],
                [0.293816, 0.631716, 0.717359, 0.124994, 0.804538, -0.568673, 0.171267, -0.002831, 0.51614, 0.526817, -0.675325, -1.2e-05, 0.0, 0.0, 0.0, 1.0],
                [0.298972, 0.636271, 0.711177, 0.124994, 0.79494, -0.578351, 0.183258, -0.002831, 0.527916, 0.51055, -0.678707, -1.2e-05, 0.0, 0.0, 0.0, 1.0],
                [0.307873, 0.640413, 0.703621, 0.124994, 0.789963, -0.584231, 0.186104, -0.002831, 0.530266, 0.498534, -0.685771, -1.2e-05, 0.0, 0.0, 0.0, 1.0],
                [0.315899, 0.645342, 0.695514, 0.124994, 0.788296, -0.58647, 0.186131, -0.002831, 0.528019, 0.489469, -0.693985, -1.2e-05, 0.0, 0.0, 0.0, 1.0],
                [0.322616, 0.654444, 0.683827, 0.124994, 0.788451, -0.585534, 0.188406, -0.002831, 0.523709, 0.478378, -0.7049, -1.2e-05, 0.0, 0.0, 0.0, 1.0],
                [0.32805, 0.665789, 0.670154, 0.124994, 0.790853, -0.581557, 0.190643, -0.002831, 0.516664, 0.467449, -0.717321, -1.2e-05, 0.0, 0.0, 0.0, 1.0],
                [0.335299, 0.671323, 0.660982, 0.124994, 0.792022, -0.58079, 0.188112, -0.002831, 0.510179, 0.460436, -0.726441, -1.2e-05, 0.0, 0.0, 0.0, 1.0],
                [0.342659, 0.674409, 0.654029, 0.124994, 0.791262, -0.582479, 0.186078, -0.002831, 0.506454, 0.453744, -0.733226, -1.2e-05, 0.0, 0.0, 0.0, 1.0],
                [0.346702, 0.681422, 0.644562, 0.124994, 0.790883, -0.581825, 0.189698, -0.002831, 0.50429, 0.444001, -0.740645, -1.2e-05, 0.0, 0.0, 0.0, 1.0],
                [0.350249, 0.68306, 0.640899, 0.124994, 0.789755, -0.583249, 0.190028, -0.002831, 0.503608, 0.439593, -0.743732, -1.2e-05, 0.0, 0.0, 0.0, 1.0],
                [0.354443, 0.676681, 0.645345, 0.124994, 0.786228, -0.589261, 0.186061, -0.002831, 0.506184, 0.441437, -0.740885, -1.2e-05, 0.0, 0.0, 0.0, 1.0],
                [0.364789, 0.663927, 0.652784, 0.124994, 0.77795, -0.602554, 0.178113, -0.002831, 0.511595, 0.442857, -0.736307, -1.2e-05, 0.0, 0.0, 0.0, 1.0],
                [0.371946, 0.6563, 0.656449, 0.124994, 0.760151, -0.621227, 0.19039, -0.002831, 0.532759, 0.428183, -0.72995, -1.2e-05, 0.0, 0.0, 0.0, 1.0],
                [0.36852, 0.646554, 0.667951, 0.124994, 0.736406, -0.64156, 0.214727, -0.002831, 0.567367, 0.412749, -0.712554, -1.2e-05, 0.0, 0.0, 0.0, 1.0],
                [0.365546, 0.636771, 0.678894, 0.124994, 0.705666, -0.665212, 0.243984, -0.002831, 0.606974, 0.389883, -0.692513, -1.2e-05, 0.0, 0.0, 0.0, 1.0],
                [0.368726, 0.620349, 0.692248, 0.124994, 0.66831, -0.694535, 0.266428, -0.002831, 0.646071, 0.364396, -0.670678, -1.2e-05, 0.0, 0.0, 0.0, 1.0],
                [0.387661, 0.595384, 0.70373, 0.124994, 0.628715, -0.729075, 0.270493, -0.002831, 0.674121, 0.337586, -0.656961, -1.2e-05, 0.0, 0.0, 0.0, 1.0],
                [0.430299, 0.573205, 0.697337, 0.124994, 0.584557, -0.765598, 0.268611, -0.002831, 0.68785, 0.29205, -0.664507, -1.2e-05, 0.0, 0.0, 0.0, 1.0],
                [0.511293, 0.537485, 0.670589, 0.124994, 0.52617, -0.812729, 0.250233, -0.002831, 0.679504, 0.224902, -0.698351, -1.2e-05, 0.0, 0.0, 0.0, 1.0],
                [0.624767, 0.446671, 0.640431, 0.124994, 0.448059, -0.87682, 0.174442, -0.002831, 0.63946, 0.177965, -0.747943, -1.2e-05, 0.0, 0.0, 0.0, 1.0],
                [0.737408, 0.387965, 0.552913, 0.124994, 0.36036, -0.918326, 0.163761, -0.002831, 0.571288, 0.07849, -0.816988, -1.2e-05, 0.0, 0.0, 0.0, 1.0],
                [0.820557, 0.34766, 0.453672, 0.124994, 0.298679, -0.937559, 0.178253, -0.002831, 0.487316, -0.010764, -0.873159, -1.2e-05, 0.0, 0.0, 0.0, 1.0],
                [0.86495, 0.323253, 0.383888, 0.124994, 0.266027, -0.943942, 0.195456, -0.002831, 0.42555, -0.066934, -0.902456, -1.2e-05, 0.0, 0.0, 0.0, 1.0],
                [0.875778, 0.278929, 0.393969, 0.124994, 0.264657, -0.960006, 0.091358, -0.002831, 0.403694, 0.024257, -0.914572, -1.2e-05, 0.0, 0.0, 0.0, 1.0],
                [0.869946, 0.261368, 0.418185, 0.124994, 0.264799, -0.962955, 0.050992, -0.002831, 0.41602, 0.066375, -0.906929, -1.2e-05, 0.0, 0.0, 0.0, 1.0],
                [0.855534, 0.265687, 0.444377, 0.124994, 0.265661, -0.961962, 0.063679, -0.002831, 0.444392, 0.063575, -0.893574, -1.2e-05, 0.0, 0.0, 0.0, 1.0],
                [0.840255, 0.276466, 0.466409, 0.124994, 0.26463, -0.959927, 0.092259, -0.002831, 0.473225, 0.045905, -0.879745, -1.2e-05, 0.0, 0.0, 0.0, 1.0],
                [0.833348, 0.279964, 0.476602, 0.124994, 0.264047, -0.959133, 0.101716, -0.002831, 0.4856, 0.041082, -0.873215, -1.2e-05, 0.0, 0.0, 0.0, 1.0],
                [0.837588, 0.275981, 0.471466, 0.124994, 0.262874, -0.96014, 0.095021, -0.002831, 0.478897, 0.044348, -0.87675, -1.2e-05, 0.0, 0.0, 0.0, 1.0],
                [0.847611, 0.270496, 0.456494, 0.124994, 0.25523, -0.962086, 0.096177, -0.002831, 0.4652, 0.034991, -0.884513, -1.2e-05, 0.0, 0.0, 0.0, 1.0],
                [0.857977, 0.26851, 0.437923, 0.124994, 0.249711, -0.963015, 0.101232, -0.002831, 0.448907, 0.0225, -0.893295, -1.2e-05, 0.0, 0.0, 0.0, 1.0],
                [0.867854, 0.266583, 0.419238, 0.124994, 0.24389, -0.963775, 0.107969, -0.002831, 0.432833, 0.008547, -0.901433, -1.2e-05, 0.0, 0.0, 0.0, 1.0],
                [0.873282, 0.265861, 0.408282, 0.124994, 0.239793, -0.96401, 0.114832, -0.002831, 0.424116, -0.002377, -0.905605, -1.2e-05, 0.0, 0.0, 0.0, 1.0],
                [0.875139, 0.265225, 0.404705, 0.124994, 0.236158, -0.964131, 0.121174, -0.002831, 0.422325, -0.010469, -0.906384, -1.2e-05, 0.0, 0.0, 0.0, 1.0],
                [0.874648, 0.266162, 0.405149, 0.124994, 0.233514, -0.963757, 0.129021, -0.002831, 0.424805, -0.01824, -0.905101, -1.2e-05, 0.0, 0.0, 0.0, 1.0],
                [0.872713, 0.268411, 0.407832, 0.124994, 0.2314, -0.962939, 0.13858, -0.002831, 0.429912, -0.026568, -0.902479, -1.2e-05, 0.0, 0.0, 0.0, 1.0],
                [0.870636, 0.269963, 0.41123, 0.124994, 0.229037, -0.962285, 0.146808, -0.002831, 0.435351, -0.033629, -0.899632, -1.2e-05, 0.0, 0.0, 0.0, 1.0],
                [0.868518, 0.271678, 0.414568, 0.124994, 0.226758, -0.961529, 0.15506, -0.002831, 0.440745, -0.040665, -0.896711, -1.2e-05, 0.0, 0.0, 0.0, 1.0],
                [0.866027, 0.271909, 0.419598, 0.124994, 0.225236, -0.961388, 0.158125, -0.002831, 0.446391, -0.042432, -0.893831, -1.2e-05, 0.0, 0.0, 0.0, 1.0],
                [0.86473, 0.27271, 0.421746, 0.124994, 0.223875, -0.960997, 0.162377, -0.002831, 0.449577, -0.045994, -0.892056, -1.2e-05, 0.0, 0.0, 0.0, 1.0],
                [0.863131, 0.272133, 0.425378, 0.124994, 0.223383, -0.96123, 0.161674, -0.002831, 0.452882, -0.044524, -0.890458, -1.2e-05, 0.0, 0.0, 0.0, 1.0],
                [0.861514, 0.271565, 0.429004, 0.124994, 0.222901, -0.961457, 0.160988, -0.002831, 0.456187, -0.043067, -0.888841, -1.2e-05, 0.0, 0.0, 0.0, 1.0],
                [0.859878, 0.271006, 0.432625, 0.124994, 0.222428, -0.961678, 0.16032, -0.002831, 0.459493, -0.041627, -0.887205, -1.2e-05, 0.0, 0.0, 0.0, 1.0],
                [0.858072, 0.273128, 0.43487, 0.124994, 0.224756, -0.961158, 0.160191, -0.002831, 0.461731, -0.039716, -0.88613, -1.2e-05, 0.0, 0.0, 0.0, 1.0],
                [0.856301, 0.273845, 0.437901, 0.124994, 0.225788, -0.961036, 0.159471, -0.002831, 0.464508, -0.037682, -0.884767, -1.2e-05, 0.0, 0.0, 0.0, 1.0],
                [0.854507, 0.274568, 0.440941, 0.124994, 0.22684, -0.960908, 0.158747, -0.002831, 0.46729, -0.035627, -0.883386, -1.2e-05, 0.0, 0.0, 0.0, 1.0],
                [0.852704, 0.275288, 0.443972, 0.124994, 0.227901, -0.960776, 0.158022, -0.002831, 0.470059, -0.033564, -0.881996, -1.2e-05, 0.0, 0.0, 0.0, 1.0],
                [0.851811, 0.274452, 0.446198, 0.124994, 0.228322, -0.96112, 0.155299, -0.002831, 0.471472, -0.030409, -0.881357, -1.2e-05, 0.0, 0.0, 0.0, 1.0],
                [0.851972, 0.273825, 0.446276, 0.124994, 0.228816, -0.961365, 0.153044, -0.002831, 0.47094, -0.028274, -0.881712, -1.2e-05, 0.0, 0.0, 0.0, 1.0],
                [0.852131, 0.273192, 0.446359, 0.124994, 0.229304, -0.961606, 0.150787, -0.002831, 0.470414, -0.026138, -0.882058, -1.2e-05, 0.0, 0.0, 0.0, 1.0],
                [0.853266, 0.271629, 0.445146, 0.124994, 0.229182, -0.962101, 0.147775, -0.002831, 0.468415, -0.024071, -0.88318, -1.2e-05, 0.0, 0.0, 0.0, 1.0],
                [0.854389, 0.270072, 0.443936, 0.124994, 0.22906, -0.96259, 0.144755, -0.002831, 0.466422, -0.021988, -0.884289, -1.2e-05, 0.0, 0.0, 0.0, 1.0],
                [0.855677, 0.269362, 0.441882, 0.124994, 0.230042, -0.962844, 0.141467, -0.002831, 0.463569, -0.019398, -0.885848, -1.2e-05, 0.0, 0.0, 0.0, 1.0],
                [0.856949, 0.268669, 0.439835, 0.124994, 0.23103, -0.963086, 0.138166, -0.002831, 0.46072, -0.016786, -0.887387, -1.2e-05, 0.0, 0.0, 0.0, 1.0],
                [0.858203, 0.267993, 0.437797, 0.124994, 0.232024, -0.963317, 0.134854, -0.002831, 0.457877, -0.014153, -0.888903, -1.2e-05, 0.0, 0.0, 0.0, 1.0],
                [0.859441, 0.267336, 0.435767, 0.124994, 0.233024, -0.963535, 0.131531, -0.002831, 0.455039, -0.011499, -0.890397, -1.2e-05, 0.0, 0.0, 0.0, 1.0],
                [0.860662, 0.266695, 0.433745, 0.124994, 0.23403, -0.963741, 0.128196, -0.002831, 0.452207, -0.008824, -0.891869, -1.2e-05, 0.0, 0.0, 0.0, 1.0]
            ]
        },
        {
            "name": "Leg_R",
            "time": [0.0, 0.1667, 0.2, 0.2333, 0.2667, 0.3, 0.3333, 0.3667, 0.4, 0.4333, 0.4667, 0.5, 0.5333, 0.5667, 0.6, 0.6333, 0.6667, 0.7, 0.7333, 0.7667, 0.8, 0.8333, 0.8667, 0.9, 0.9333, 0.9667, 1.0, 1.0333, 1.0667, 1.1, 1.1333, 1.1667, 1.2, 1.2333, 1.2667, 1.3, 1.3333, 1.3667, 1.4, 1.4333, 1.4667, 1.5, 1.5333, 1.5667, 1.6, 1.6333, 1.6667, 1.7, 1.7333, 1.7667, 1.8, 1.8333, 1.8667, 1.9, 1.9333, 1.9667, 2.0, 2.0333, 2.0667, 2.1, 2.1333, 2.1667, 2.2, 2.2333, 2.2667, 2.3, 2.3333, 2.3667, 2.4, 2.4333, 2.4667, 2.5, 2.5333, 2.5667, 2.6, 2.6333],
            "transform": [
                [0.999999, 0.001922, 0.000342, 0.0, 0.000339, -0.343951, 0.938994, 0.37472, 0.001923, -0.938977, -0.343956, -0.0, 0.0, 0.0, 0.0, 1.0],
                [0.999995, -0.001947, -8.4e-05, -0.0, -9.5e-05, -0.091591, 0.995793, 0.37472, -0.001946, -0.995802, -0.09159, 0.0, 0.0, 0.0, 0.0, 1.0],
                [0.999994, -0.001949, -3e-06, -0.0, -1e-05, -0.006822, 0.999972, 0.37472, -0.001949, -0.999984, -0.006822, -0.0, 0.0, 0.0, 0.0, 1.0],
                [0.999993, -0.001948, 7.5e-05, -0.0, 6.9e-05, 0.073816, 0.997266, 0.37472, -0.001948, -0.997282, 0.073815, 0.0, 0.0, 0.0, 0.0, 1.0],
                [0.999993, -0.001943, 0.000152, 0.0, 0.000147, 0.152916, 0.988234, 0.37472, -0.001944, -0.988248, 0.152914, -0.0, 0.0, 0.0, 0.0, 1.0],
                [0.999994, -0.001932, 0.000254, 0.0, 0.00025, 0.256548, 0.966527, 0.37472, -0.001932, -0.966539, 0.256544, 0.0, 0.0, 0.0, 0.0, 1.0],
                [0.999996, -0.001911, 0.00038, 0.0, 0.000373, 0.379085, 0.925358, 0.37472, -0.001912, -0.925368, 0.379081, 0.0, 0.0, 0.0, 0.0, 1.0],
                [0.999996, -0.001845, 0.000628, 0.0, 0.000623, 0.607771, 0.794112, 0.37472, -0.001847, -0.794116, 0.607767, -0.0, 0.0, 0.0, 0.0, 1.0],
                [0.999999, -0.001671, 0.001008, -0.0, 0.001005, 0.883725, 0.468007, 0.37472, -0.001673, -0.468007, 0.883722, -0.0, 0.0, 0.0, 0.0, 1.0],
                [0.999997, -0.001613, 0.001099, -0.0, 0.001095, 0.929634, 0.368487, 0.37472, -0.001616, -0.368486, 0.929631, 0.0, 0.0, 0.0, 0.0, 1.0],
                [0.999996, -0.001629, 0.001075, -0.0, 0.001072, 0.918608, 0.395175, 0.37472, -0.001632, -0.395175, 0.918604, -0.0, 0.0, 0.0, 0.0, 1.0],
                [1.000004, -0.001781, 0.000799, 0.0, 0.000796, 0.745825, 0.666137, 0.37472, -0.001782, -0.666134, 0.745827, -0.0, 0.0, 0.0, 0.0, 1.0],
                [1.000001, -0.0018, 0.00076, 0.0, 0.000756, 0.714894, 0.699231, 0.37472, -0.001802, -0.699225, 0.714898, 0.0, 0.0, 0.0, 0.0, 1.0],
                [0.999999, -0.001796, 0.000773, -0.0, 0.00077, 0.724963, 0.688787, 0.37472, -0.001797, -0.688779, 0.72497, 0.0, 0.0, 0.0, 0.0, 1.0],
                [0.999999, -0.001791, 0.000785, -0.0, 0.000783, 0.734877, 0.6782, 0.37472, -0.001791, -0.67819, 0.734885, 0.0, 0.0, 0.0, 0.0, 1.0],
                [0.999999, -0.001782, 0.000804, 0.0, 0.000803, 0.749234, 0.662303, 0.37472, -0.001783, -0.662292, 0.749244, -0.0, 0.0, 0.0, 0.0, 1.0],
                [0.999999, -0.001774, 0.000822, 0.0, 0.000822, 0.763249, 0.646102, 0.37472, -0.001774, -0.646091, 0.763259, -0.0, 0.0, 0.0, 0.0, 1.0],
                [0.999998, -0.001773, 0.000825, 0.0, 0.000826, 0.76562, 0.64329, 0.37472, -0.001772, -0.64328, 0.76563, 0.0, 0.0, 0.0, 0.0, 1.0],
                [0.999998, -0.001778, 0.000813, 0.0, 0.000815, 0.75703, 0.653379, 0.37472, -0.001777, -0.653368, 0.757039, -0.0, 0.0, 0.0, 0.0, 1.0],
                [0.999998, -0.001781, 0.000809, 0.0, 0.000811, 0.753646, 0.65728, 0.37472, -0.00178, -0.65727, 0.753654, 0.0, 0.0, 0.0, 0.0, 1.0],
                [0.999997, -0.001783, 0.000803, -0.0, 0.000807, 0.750242, 0.661163, 0.37472, -0.001782, -0.661154, 0.75025, 0.0, 0.0, 0.0, 0.0, 1.0],
                [0.999998, -0.001786, 0.000795, -0.0, 0.0008, 0.744841, 0.667241, 0.37472, -0.001784, -0.667232, 0.744849, 0.0, 0.0, 0.0, 0.0, 1.0],
                [0.999998, -0.001793, 0.000783, 0.0, 0.000787, 0.735379, 0.677656, 0.37472, -0.001791, -0.677647, 0.735386, -0.0, 0.0, 0.0, 0.0, 1.0],
                [0.999998, -0.001802, 0.000762, -0.0, 0.000766, 0.719051, 0.694957, 0.37472, -0.0018, -0.694947, 0.719059, 0.0, 0.0, 0.0, 0.0, 1.0],
                [0.999997, -0.001814, 0.000733, -0.0, 0.000737, 0.696342, 0.717711, 0.37472, -0.001812, -0.717701, 0.69635, -0.0, 0.0, 0.0, 0.0, 1.0],
                [0.999997, -0.001822, 0.000714, 0.0, 0.000718, 0.681322, 0.731985, 0.37472, -0.00182, -0.731975, 0.681329, -0.0, 0.0, 0.0, 0.0, 1.0],
                [0.999998, -0.001829, 0.000695, 0.0, 0.0007, 0.666009, 0.745945, 0.37472, -0.001827, -0.745934, 0.666016, -0.0, 0.0, 0.0, 0.0, 1.0],
                [0.999997, -0.001838, 0.000671, 0.0, 0.000676, 0.646535, 0.762886, 0.37472, -0.001836, -0.762876, 0.646542, -0.0, 0.0, 0.0, 0.0, 1.0],
                [0.999998, -0.001843, 0.000657, -0.0, 0.000661, 0.634231, 0.773145, 0.37472, -0.001842, -0.773134, 0.634239, 0.0, 0.0, 0.0, 0.0, 1.0],
                [0.999998, -0.001841, 0.000661, 0.0, 0.000666, 0.638357, 0.769742, 0.37472, -0.001839, -0.769731, 0.638364, 0.0, 0.0, 0.0, 0.0, 1.0],
                [0.999998, -0.001834, 0.000683, 0.0, 0.000686, 0.655195, 0.755461, 0.37472, -0.001833, -0.75545, 0.655203, -0.0, 0.0, 0.0, 0.0, 1.0],
                [0.999998, -0.001834, 0.000682, 0.0, 0.000683, 0.653472, 0.756952, 0.37472, -0.001834, -0.756941, 0.653479, -0.0, 0.0, 0.0, 0.0, 1.0],
                [0.999999, -0.001833, 0.00068, -0.0, 0.000679, 0.651745, 0.758439, 0.37472, -0.001833, -0.758427, 0.651753, 0.0, 0.0, 0.0, 0.0, 1.0],
                [0.999999, -0.001831, 0.000683, 0.0, 0.000682, 0.654623, 0.755955, 0.37472, -0.001832, -0.755944, 0.654631, 0.0, 0.0, 0.0, 0.0, 1.0],
                [0.999999, -0.001825, 0.000701, -0.0, 0.000697, 0.667806, 0.744335, 0.37472, -0.001826, -0.744326, 0.667812, 0.0, 0.0, 0.0, 0.0, 1.0],
                [0.999999, -0.001814, 0.000725, 0.0, 0.00072, 0.687125, 0.726539, 0.37472, -0.001816, -0.726531, 0.687131, 0.0, 0.0, 0.0, 0.0, 1.0],
                [0.999999, -0.001812, 0.000729, -0.0, 0.000723, 0.690396, 0.723431, 0.37472, -0.001814, -0.723423, 0.690402, -0.0, 0.0, 0.0, 0.0, 1.0],
                [0.999998, -0.001816, 0.000718, 0.0, 0.000712, 0.681638, 0.731689, 0.37472, -0.001818, -0.731683, 0.681642, -0.0, 0.0, 0.0, 0.0, 1.0],
                [0.999999, -0.001778, 0.000808, -0.0, 0.000803, 0.751225, 0.660045, 0.37472, -0.00178, -0.660041, 0.751228, 0.0, 0.0, 0.0, 0.0, 1.0],
                [0.999998, -0.001755, 0.000859, -0.0, 0.000854, 0.788058, 0.6156, 0.37472, -0.001757, -0.615595, 0.788061, -0.0, 0.0, 0.0, 0.0, 1.0],
                [0.999998, -0.001729, 0.000909, 0.0, 0.000904, 0.822265, 0.569103, 0.37472, -0.001731, -0.569099, 0.822268, 0.0, 0.0, 0.0, 0.0, 1.0],
                [0.999999, -0.001708, 0.000949, -0.0, 0.000944, 0.847649, 0.530554, 0.37472, -0.00171, -0.53055, 0.847653, -0.0, 0.0, 0.0, 0.0, 1.0],
                [0.999998, -0.001629, 0.00108, -0.0, 0.001075, 0.919998, 0.39192, 0.37472, -0.001632, -0.391918, 0.919999, 0.0, 0.0, 0.0, 0.0, 1.0],
                [0.999998, -0.001592, 0.001133, 0.0, 0.001129, 0.944097, 0.329667, 0.37472, -0.001594, -0.329665, 0.944097, -0.0, 0.0, 0.0, 0.0, 1.0],
                [0.999998, -0.001603, 0.001115, 0.0, 0.001112, 0.936952, 0.349458, 0.37472, -0.001605, -0.349456, 0.936951, 0.0, 0.0, 0.0, 0.0, 1.0],
                [0.999999, -0.001629, 0.001077, -0.0, 0.001072, 0.918886, 0.39452, 0.37472, -0.001632, -0.394518, 0.918887, 0.0, 0.0, 0.0, 0.0, 1.0],
                [0.999998, -0.001639, 0.001062, 0.0, 0.001058, 0.911782, 0.410674, 0.37472, -0.001641, -0.410673, 0.911781, -0.0, 0.0, 0.0, 0.0, 1.0],
                [0.999999, -0.001637, 0.001065, -0.0, 0.001061, 0.913225, 0.407453, 0.37472, -0.001639, -0.407451, 0.913225, -0.0, 0.0, 0.0, 0.0, 1.0],
                [0.999999, -0.001642, 0.001056, 0.0, 0.001052, 0.908855, 0.417112, 0.37472, -0.001645, -0.41711, 0.908854, -0.0, 0.0, 0.0, 0.0, 1.0],
                [0.999998, -0.001652, 0.001041, 0.0, 0.001038, 0.901323, 0.433146, 0.37472, -0.001654, -0.433144, 0.901322, -0.0, 0.0, 0.0, 0.0, 1.0],
                [0.999998, -0.001661, 0.001027, 0.0, 0.001023, 0.893509, 0.449044, 0.37472, -0.001663, -0.449043, 0.893508, -0.0, 0.0, 0.0, 0.0, 1.0],
                [0.999999, -0.001667, 0.001016, 0.0, 0.001012, 0.887693, 0.460434, 0.37472, -0.00167, -0.460433, 0.887692, -0.0, 0.0, 0.0, 0.0, 1.0],
                [0.999999, -0.001672, 0.001009, -0.0, 0.001005, 0.883502, 0.468425, 0.37472, -0.001674, -0.468423, 0.883502, 0.0, 0.0, 0.0, 0.0, 1.0],
                [0.999999, -0.001676, 0.001001, 0.0, 0.000997, 0.87924, 0.476378, 0.37472, -0.001679, -0.476376, 0.879239, -0.0, 0.0, 0.0, 0.0, 1.0],
                [0.999999, -0.001681, 0.000994, 0.0, 0.000989, 0.874906, 0.484291, 0.37472, -0.001683, -0.484289, 0.874906, 0.0, 0.0, 0.0, 0.0, 1.0],
                [0.999998, -0.001684, 0.000988, -0.0, 0.000984, 0.871777, 0.489902, 0.37472, -0.001686, -0.489901, 0.871776, 0.0, 0.0, 0.0, 0.0, 1.0],
                [0.999999, -0.001687, 0.000983, 0.0, 0.000979, 0.868609, 0.495496, 0.37472, -0.00169, -0.495494, 0.868609, -0.0, 0.0, 0.0, 0.0, 1.0],
                [0.999999, -0.001689, 0.00098, -0.0, 0.000976, 0.867189, 0.497977, 0.37472, -0.001691, -0.497975, 0.867189, -0.0, 0.0, 0.0, 0.0, 1.0],
                [0.999999, -0.001687, 0.000982, -0.0, 0.000978, 0.868256, 0.496115, 0.37472, -0.00169, -0.496113, 0.868256, 0.0, 0.0, 0.0, 0.0, 1.0],
                [0.999998, -0.001684, 0.000989, -0.0, 0.000985, 0.872114, 0.489301, 0.37472, -0.001686, -0.489299, 0.872114, 0.0, 0.0, 0.0, 0.0, 1.0],
                [0.999999, -0.00168, 0.000995, -0.0, 0.000991, 0.87592, 0.482455, 0.37472, -0.001682, -0.482452, 0.87592, 0.0, 0.0, 0.0, 0.0, 1.0],
                [0.999999, -0.001676, 0.001002, 0.0, 0.000998, 0.879671, 0.47558, 0.37472, -0.001679, -0.475578, 0.879672, -0.0, 0.0, 0.0, 0.0, 1.0],
                [0.999999, -0.001673, 0.001008, -0.0, 0.001005, 0.883392, 0.468633, 0.37472, -0.001675, -0.46863, 0.883393, -0.0, 0.0, 0.0, 0.0, 1.0],
                [0.999999, -0.001669, 0.001015, -0.0, 0.001011, 0.887013, 0.461742, 0.37472, -0.001671, -0.46174, 0.887014, -0.0, 0.0, 0.0, 0.0, 1.0],
                [0.999998, -0.001664, 0.001022, -0.0, 0.001017, 0.890603, 0.454781, 0.37472, -0.001667, -0.454779, 0.890603, -0.0, 0.0, 0.0, 0.0, 1.0],
                [0.999998, -0.001661, 0.001028, -0.0, 0.001024, 0.894137, 0.447792, 0.37472, -0.001663, -0.44779, 0.894138, 0.0, 0.0, 0.0, 0.0, 1.0],
                [0.999999, -0.001657, 0.001034, 0.0, 0.001031, 0.897616, 0.440776, 0.37472, -0.001659, -0.440773, 0.897617, -0.0, 0.0, 0.0, 0.0, 1.0],
                [0.999998, -0.001653, 0.00104, 0.0, 0.001036, 0.900256, 0.43536, 0.37472, -0.001656, -0.435358, 0.900256, -0.0, 0.0, 0.0, 0.0, 1.0],
                [0.999997, -0.00165, 0.001045, -0.0, 0.001041, 0.902863, 0.429927, 0.37472, -0.001653, -0.429926, 0.902863, 0.0, 0.0, 0.0, 0.0, 1.0],
                [0.999999, -0.001648, 0.001048, -0.0, 0.001045, 0.904806, 0.42582, 0.37472, -0.00165, -0.425818, 0.904808, 0.0, 0.0, 0.0, 0.0, 1.0],
                [0.999998, -0.001645, 0.001053, -0.0, 0.001048, 0.906734, 0.421702, 0.37472, -0.001648, -0.4217, 0.906734, -0.0, 0.0, 0.0, 0.0, 1.0],
                [0.999998, -0.001643, 0.001056, 0.0, 0.001052, 0.90864, 0.417578, 0.37472, -0.001646, -0.417576, 0.908641, -0.0, 0.0, 0.0, 0.0, 1.0],
                [0.999999, -0.001641, 0.00106, -0.0, 0.001056, 0.910528, 0.413444, 0.37472, -0.001643, -0.413441, 0.910529, 0.0, 0.0, 0.0, 0.0, 1.0],
                [0.999999, -0.001638, 0.001064, -0.0, 0.001059, 0.912398, 0.4093, 0.37472, -0.001641, -0.409298, 0.912399, 0.0, 0.0, 0.0, 0.0, 1.0],
                [0.999999, -0.001636, 0.001067, 0.0, 0.001063, 0.914249, 0.405149, 0.37472, -0.001638, -0.405147, 0.91425, 0.0, 0.0, 0.0, 0.0, 1.0],
                [0.999999, -0.001633, 0.001071, 0.0, 0.001067, 0.916081, 0.40099, 0.37472, -0.001636, -0.400988, 0.916082, -0.0, 0.0, 0.0, 0.0, 1.0]
            ]
        },
        {
            "name": "Knee_R",
            "time": [0.0, 2.6333],
            "transform": [
                [1.0, 0.0, -0.0, 0.0, -0.0, 1e-06, -1.0, 0.37472, -0.0, 1.0, 1e-06, -0.0, 0.0, 0.0, 0.0, 1.0],
                [1.0, 0.0, -0.0, 0.0, -0.0, 1e-06, -1.0, 0.37472, -0.0, 1.0, 1e-06, -0.0, 0.0, 0.0, 0.0, 1.0]
            ]
        },
        {
            "name": "Thigh_L",
            "time": [0.0, 0.1667, 0.2, 0.2333, 0.2667, 0.3, 0.3333, 0.3667, 0.4, 0.4333, 0.4667, 0.5, 0.5333, 0.5667, 0.6, 0.6333, 0.6667, 0.7, 0.7333, 0.7667, 0.8, 0.8333, 0.8667, 0.9, 0.9333, 0.9667, 1.0, 1.0333, 1.0667, 1.1, 1.1333, 1.1667, 1.2, 1.2333, 1.2667, 1.3, 1.3333, 1.3667, 1.4, 1.4333, 1.4667, 1.5, 1.5333, 1.5667, 1.6, 1.6333, 1.6667, 1.7, 1.7333, 1.7667, 1.8, 1.8333, 1.8667, 1.9, 1.9333, 1.9667, 2.0, 2.0333, 2.0667, 2.1, 2.1333, 2.1667, 2.2, 2.2333, 2.2667, 2.3, 2.3333, 2.3667, 2.4, 2.4333, 2.4667, 2.5, 2.5333, 2.5667, 2.6, 2.6333],
            "transform": [
                [0.832258, -0.161217, -0.53043, -0.125006, -0.488078, -0.666828, -0.563134, -0.002831, -0.262919, 0.727564, -0.63366, -1.2e-05, 0.0, 0.0, 0.0, 1.0],
                [0.184308, -0.855137, -0.484532, -0.125006, -0.594157, -0.489641, 0.638146, -0.002831, -0.782949, 0.170272, -0.59833, -1.2e-05, 0.0, 0.0, 0.0, 1.0],
                [0.163515, -0.813765, -0.557718, -0.125006, -0.595936, -0.532004, 0.601525, -0.002831, -0.786208, 0.234006, -0.571942, -1.2e-05, 0.0, 0.0, 0.0, 1.0],
                [0.176719, -0.730589, -0.659553, -0.125006, -0.606397, -0.608634, 0.511709, -0.002831, -0.775276, 0.309523, -0.550584, -1.2e-05, 0.0, 0.0, 0.0, 1.0],
                [0.232182, -0.575555, -0.78411, -0.125006, -0.578636, -0.72971, 0.364284, -0.002831, -0.781838, 0.369135, -0.502463, -1.2e-05, 0.0, 0.0, 0.0, 1.0],
                [0.291812, -0.3606, -0.885897, -0.125006, -0.540863, -0.826117, 0.158108, -0.002831, -0.788868, 0.433011, -0.436106, -1.2e-05, 0.0, 0.0, 0.0, 1.0],
                [0.369062, -0.236584, -0.898789, -0.125006, -0.469862, -0.881869, 0.039194, -0.002831, -0.801886, 0.407843, -0.436626, -1.2e-05, 0.0, 0.0, 0.0, 1.0],
                [0.669388, -0.26154, -0.695354, -0.125006, -0.249742, -0.960731, 0.120938, -0.002831, -0.699677, 0.092705, -0.708419, -1.2e-05, 0.0, 0.0, 0.0, 1.0],
                [0.93446, -0.213912, -0.28465, -0.125006, -0.033722, -0.849002, 0.527312, -0.002831, -0.354467, -0.483153, -0.800572, -1.2e-05, 0.0, 0.0, 0.0, 1.0],
                [0.974293, -0.204619, -0.094253, -0.125006, -0.035475, -0.552505, 0.832755, -0.002831, -0.222472, -0.808004, -0.54556, -1.2e-05, 0.0, 0.0, 0.0, 1.0],
                [0.985931, -0.113577, 0.12263, -0.125006, -0.149809, -0.275081, 0.949677, -0.002831, -0.074128, -0.95469, -0.288227, -1.2e-05, 0.0, 0.0, 0.0, 1.0],
                [0.709839, 0.23081, 0.665475, -0.125006, -0.495107, -0.508504, 0.70448, -0.002831, 0.500998, -0.829547, -0.246681, -1.2e-05, 0.0, 0.0, 0.0, 1.0],
                [0.648822, 0.249517, 0.718868, -0.125006, -0.427248, -0.662287, 0.615495, -0.002831, 0.629675, -0.70648, -0.323101, -1.2e-05, 0.0, 0.0, 0.0, 1.0],
                [0.585879, 0.29442, 0.755025, -0.125006, -0.398888, -0.706228, 0.584919, -0.002831, 0.705432, -0.643862, -0.296324, -1.2e-05, 0.0, 0.0, 0.0, 1.0],
                [0.572389, 0.278009, 0.771415, -0.125006, -0.395041, -0.730903, 0.556529, -0.002831, 0.718548, -0.623292, -0.308537, -1.2e-05, 0.0, 0.0, 0.0, 1.0],
                [0.564502, 0.252337, 0.785916, -0.125006, -0.401254, -0.74817, 0.528428, -0.002831, 0.72134, -0.613651, -0.321092, -1.2e-05, 0.0, 0.0, 0.0, 1.0],
                [0.562468, 0.238694, 0.791615, -0.125006, -0.412394, -0.748839, 0.518816, -0.002831, 0.71663, -0.618276, -0.322762, -1.2e-05, 0.0, 0.0, 0.0, 1.0],
                [0.569488, 0.246093, 0.784297, -0.125006, -0.425062, -0.728498, 0.537228, -0.002831, 0.703567, -0.639319, -0.310266, -1.2e-05, 0.0, 0.0, 0.0, 1.0],
                [0.584323, 0.257731, 0.769507, -0.125006, -0.436295, -0.699759, 0.565671, -0.002831, 0.684261, -0.666267, -0.296439, -1.2e-05, 0.0, 0.0, 0.0, 1.0],
                [0.59514, 0.264251, 0.758934, -0.125006, -0.442631, -0.680438, 0.584022, -0.002831, 0.670736, -0.683502, -0.287991, -1.2e-05, 0.0, 0.0, 0.0, 1.0],
                [0.604625, 0.267357, 0.750299, -0.125006, -0.445934, -0.666892, 0.59699, -0.002831, 0.659978, -0.69554, -0.283996, -1.2e-05, 0.0, 0.0, 0.0, 1.0],
                [0.619176, 0.266535, 0.738634, -0.125006, -0.448382, -0.652205, 0.611213, -0.002831, 0.644651, -0.709638, -0.28432, -1.2e-05, 0.0, 0.0, 0.0, 1.0],
                [0.631261, 0.267442, 0.728, -0.125006, -0.449783, -0.638452, 0.62456, -0.002831, 0.631826, -0.721702, -0.282739, -1.2e-05, 0.0, 0.0, 0.0, 1.0],
                [0.639499, 0.271812, 0.719138, -0.125006, -0.454816, -0.6204, 0.638941, -0.002831, 0.619825, -0.735677, -0.273121, -1.2e-05, 0.0, 0.0, 0.0, 1.0],
                [0.647682, 0.273965, 0.710951, -0.125006, -0.46156, -0.601324, 0.652206, -0.002831, 0.606193, -0.750569, -0.263015, -1.2e-05, 0.0, 0.0, 0.0, 1.0],
                [0.658518, 0.272429, 0.701524, -0.125006, -0.464322, -0.586519, 0.663627, -0.002831, 0.592249, -0.762743, -0.259739, -1.2e-05, 0.0, 0.0, 0.0, 1.0],
                [0.662971, 0.269993, 0.698265, -0.125006, -0.469739, -0.576234, 0.668805, -0.002831, 0.582936, -0.771401, -0.255201, -1.2e-05, 0.0, 0.0, 0.0, 1.0],
                [0.663957, 0.26769, 0.698215, -0.125006, -0.477733, -0.566474, 0.671475, -0.002831, 0.575268, -0.77939, -0.248231, -1.2e-05, 0.0, 0.0, 0.0, 1.0],
                [0.665947, 0.265811, 0.697036, -0.125006, -0.482096, -0.559699, 0.674033, -0.002831, 0.569295, -0.784909, -0.244584, -1.2e-05, 0.0, 0.0, 0.0, 1.0],
                [0.676084, 0.262773, 0.688376, -0.125006, -0.474375, -0.55964, 0.679537, -0.002831, 0.563807, -0.785972, -0.253711, -1.2e-05, 0.0, 0.0, 0.0, 1.0],
                [0.703115, 0.253673, 0.664288, -0.125006, -0.447234, -0.568525, 0.690479, -0.002831, 0.552821, -0.782578, -0.286288, -1.2e-05, 0.0, 0.0, 0.0, 1.0],
                [0.746692, 0.231519, 0.623579, -0.125006, -0.401689, -0.590282, 0.700152, -0.002831, 0.530187, -0.773282, -0.347761, -1.2e-05, 0.0, 0.0, 0.0, 1.0],
                [0.800256, 0.199132, 0.565628, -0.125006, -0.343606, -0.620771, 0.704683, -0.002831, 0.49145, -0.758281, -0.428353, -1.2e-05, 0.0, 0.0, 0.0, 1.0],
                [0.85354, 0.157743, 0.496574, -0.125006, -0.282985, -0.65989, 0.696035, -0.002831, 0.437478, -0.734617, -0.518604, -1.2e-05, 0.0, 0.0, 0.0, 1.0],
                [0.898706, 0.112861, 0.423779, -0.125006, -0.228597, -0.704099, 0.6723, -0.002831, 0.374259, -0.701075, -0.606979, -1.2e-05, 0.0, 0.0, 0.0, 1.0],
                [0.932016, 0.069989, 0.355593, -0.125006, -0.187065, -0.747464, 0.63742, -0.002831, 0.310405, -0.660605, -0.683556, -1.2e-05, 0.0, 0.0, 0.0, 1.0],
                [0.953092, 0.033224, 0.300851, -0.125006, -0.160404, -0.787466, 0.59512, -0.002831, 0.256682, -0.615462, -0.745199, -1.2e-05, 0.0, 0.0, 0.0, 1.0],
                [0.96291, 0.000993, 0.269821, -0.125006, -0.151385, -0.825784, 0.543289, -0.002831, 0.223354, -0.563986, -0.795005, -1.2e-05, 0.0, 0.0, 0.0, 1.0],
                [0.966635, -0.028657, 0.254547, -0.125006, -0.152283, -0.86334, 0.481096, -0.002831, 0.205974, -0.503808, -0.838899, -1.2e-05, 0.0, 0.0, 0.0, 1.0],
                [0.966566, -0.061026, 0.249047, -0.125006, -0.164088, -0.89356, 0.417884, -0.002831, 0.197036, -0.444779, -0.873698, -1.2e-05, 0.0, 0.0, 0.0, 1.0],
                [0.967145, -0.09156, 0.237162, -0.125006, -0.174396, -0.917726, 0.356884, -0.002831, 0.184973, -0.386519, -0.903542, -1.2e-05, 0.0, 0.0, 0.0, 1.0],
                [0.970665, -0.118696, 0.209095, -0.125006, -0.180631, -0.933968, 0.308345, -0.002831, 0.158689, -0.337068, -0.92801, -1.2e-05, 0.0, 0.0, 0.0, 1.0],
                [0.976647, -0.142402, 0.160877, -0.125006, -0.183019, -0.943629, 0.275808, -0.002831, 0.112532, -0.29881, -0.947654, -1.2e-05, 0.0, 0.0, 0.0, 1.0],
                [0.98183, -0.160503, 0.101233, -0.125006, -0.181968, -0.947656, 0.262366, -0.002831, 0.053823, -0.27602, -0.959644, -1.2e-05, 0.0, 0.0, 0.0, 1.0],
                [0.983747, -0.175213, 0.03925, -0.125006, -0.179344, -0.948242, 0.262054, -0.002831, -0.008697, -0.264834, -0.964254, -1.2e-05, 0.0, 0.0, 0.0, 1.0],
                [0.982074, -0.187899, -0.015005, -0.125006, -0.176997, -0.946613, 0.269435, -0.002831, -0.06483, -0.261949, -0.962902, -1.2e-05, 0.0, 0.0, 0.0, 1.0],
                [0.978885, -0.19671, -0.055556, -0.125006, -0.174686, -0.946209, 0.272351, -0.002831, -0.106141, -0.256896, -0.960593, -1.2e-05, 0.0, 0.0, 0.0, 1.0],
                [0.975377, -0.203568, -0.084842, -0.125006, -0.17353, -0.945825, 0.274413, -0.002831, -0.136107, -0.252933, -0.957862, -1.2e-05, 0.0, 0.0, 0.0, 1.0],
                [0.971203, -0.212045, -0.108626, -0.125006, -0.173852, -0.942498, 0.285434, -0.002831, -0.162905, -0.25833, -0.952222, -1.2e-05, 0.0, 0.0, 0.0, 1.0],
                [0.967837, -0.217308, -0.126762, -0.125006, -0.171757, -0.938921, 0.298207, -0.002831, -0.183822, -0.266843, -0.946047, -1.2e-05, 0.0, 0.0, 0.0, 1.0],
                [0.965556, -0.220405, -0.138284, -0.125006, -0.169365, -0.935851, 0.30903, -0.002831, -0.197525, -0.274966, -0.940945, -1.2e-05, 0.0, 0.0, 0.0, 1.0],
                [0.964396, -0.222996, -0.142165, -0.125006, -0.169245, -0.933493, 0.316145, -0.002831, -0.203209, -0.280829, -0.937998, -1.2e-05, 0.0, 0.0, 0.0, 1.0],
                [0.964621, -0.224961, -0.137468, -0.125006, -0.171957, -0.932116, 0.318733, -0.002831, -0.199839, -0.283818, -0.937823, -1.2e-05, 0.0, 0.0, 0.0, 1.0],
                [0.966225, -0.224365, -0.12676, -0.125006, -0.174312, -0.93133, 0.31975, -0.002831, -0.189796, -0.286855, -0.938985, -1.2e-05, 0.0, 0.0, 0.0, 1.0],
                [0.968699, -0.221723, -0.111623, -0.125006, -0.176441, -0.931298, 0.318675, -0.002831, -0.174612, -0.289005, -0.941269, -1.2e-05, 0.0, 0.0, 0.0, 1.0],
                [0.970898, -0.219634, -0.095479, -0.125006, -0.179551, -0.931383, 0.316684, -0.002831, -0.158482, -0.290325, -0.943713, -1.2e-05, 0.0, 0.0, 0.0, 1.0],
                [0.972573, -0.217574, -0.082234, -0.125006, -0.181825, -0.931665, 0.314549, -0.002831, -0.145052, -0.290969, -0.945673, -1.2e-05, 0.0, 0.0, 0.0, 1.0],
                [0.974074, -0.215458, -0.06897, -0.125006, -0.184019, -0.931951, 0.312418, -0.002831, -0.131589, -0.291626, -0.947438, -1.2e-05, 0.0, 0.0, 0.0, 1.0],
                [0.974478, -0.215131, -0.064109, -0.125006, -0.185472, -0.932495, 0.309926, -0.002831, -0.126456, -0.290126, -0.948597, -1.2e-05, 0.0, 0.0, 0.0, 1.0],
                [0.97454, -0.214618, -0.064884, -0.125006, -0.185106, -0.933439, 0.307292, -0.002831, -0.126515, -0.287458, -0.949401, -1.2e-05, 0.0, 0.0, 0.0, 1.0],
                [0.974595, -0.214133, -0.065645, -0.125006, -0.184774, -0.934371, 0.304649, -0.002831, -0.126572, -0.28478, -0.9502, -1.2e-05, 0.0, 0.0, 0.0, 1.0],
                [0.975328, -0.21196, -0.061702, -0.125006, -0.184252, -0.935553, 0.30132, -0.002831, -0.121593, -0.282517, -0.951525, -1.2e-05, 0.0, 0.0, 0.0, 1.0],
                [0.976989, -0.206729, -0.05249, -0.125006, -0.182473, -0.937552, 0.296141, -0.002831, -0.110433, -0.279749, -0.953701, -1.2e-05, 0.0, 0.0, 0.0, 1.0],
                [0.978311, -0.202775, -0.042298, -0.125006, -0.182078, -0.939191, 0.29115, -0.002831, -0.098764, -0.277133, -0.955742, -1.2e-05, 0.0, 0.0, 0.0, 1.0],
                [0.979511, -0.198826, -0.032021, -0.125006, -0.181619, -0.940825, 0.286117, -0.002831, -0.087013, -0.274439, -0.95766, -1.2e-05, 0.0, 0.0, 0.0, 1.0],
                [0.980778, -0.194264, -0.018268, -0.125006, -0.181436, -0.942431, 0.280901, -0.002831, -0.071785, -0.272187, -0.959563, -1.2e-05, 0.0, 0.0, 0.0, 1.0],
                [0.981567, -0.190964, -0.007547, -0.125006, -0.1815, -0.943834, 0.276109, -0.002831, -0.05985, -0.26965, -0.961097, -1.2e-05, 0.0, 0.0, 0.0, 1.0],
                [0.98214, -0.18815, 0.000663, -0.125006, -0.181093, -0.944338, 0.274648, -0.002831, -0.051048, -0.269862, -0.961545, -1.2e-05, 0.0, 0.0, 0.0, 1.0],
                [0.982638, -0.185312, 0.008873, -0.125006, -0.18065, -0.944842, 0.273205, -0.002831, -0.042245, -0.270065, -0.961915, -1.2e-05, 0.0, 0.0, 0.0, 1.0],
                [0.98296, -0.183209, 0.014954, -0.125006, -0.180257, -0.944792, 0.273637, -0.002831, -0.036004, -0.27167, -0.961717, -1.2e-05, 0.0, 0.0, 0.0, 1.0],
                [0.983241, -0.181087, 0.021028, -0.125006, -0.179856, -0.944736, 0.274093, -0.002831, -0.029769, -0.273282, -0.961473, -1.2e-05, 0.0, 0.0, 0.0, 1.0],
                [0.983588, -0.17856, 0.025883, -0.125006, -0.178726, -0.944604, 0.275283, -0.002831, -0.024705, -0.275391, -0.961015, -1.2e-05, 0.0, 0.0, 0.0, 1.0],
                [0.983907, -0.176021, 0.030727, -0.125006, -0.177598, -0.944459, 0.276507, -0.002831, -0.01965, -0.277514, -0.960521, -1.2e-05, 0.0, 0.0, 0.0, 1.0],
                [0.984197, -0.173469, 0.03556, -0.125006, -0.176473, -0.944301, 0.277765, -0.002831, -0.014604, -0.279651, -0.95999, -1.2e-05, 0.0, 0.0, 0.0, 1.0],
