{
    "animation": [
        {
            "name": "Root",
            "time": [0.0, 0.1, 0.1333, 0.1667, 0.2, 0.2333, 0.2667, 0.3, 0.3333, 0.3667, 0.4, 0.4333, 0.4667, 0.5, 0.5333, 0.5667, 0.6, 0.6333, 0.6667, 0.7, 0.7333, 0.7667, 0.8, 0.8333, 0.8667, 0.9, 0.9333, 0.9667, 1.0, 1.0333, 1.0667, 1.1, 1.1333, 1.1667, 1.2, 1.2333, 1.2667, 1.3, 1.3333, 1.3667, 1.4, 1.4333, 1.4667, 1.5, 1.5333, 1.5667, 1.6, 1.6333, 1.6667, 1.7, 1.7333, 1.7667, 1.8],
            "transform": [
                [0.162857, -0.136065, -0.977222, -0.032675, -0.986067, 0.011582, -0.165944, 0.051219, 0.033897, 0.990633, -0.132283, 0.378229, 0.0, 0.0, 0.0, 1.0],
                [0.999994, -0.001271, 0.003075, -0.095943, 0.003079, 0.003695, -0.999988, 0.570749, 0.00126, 0.999992, 0.003699, 0.505457, 0.0, 0.0, 0.0, 1.0],
                [0.999994, -0.001765, 0.002906, -0.082887, 0.002912, 0.003487, -0.99999, 0.614411, 0.001755, 0.999992, 0.003492, 0.450178, 0.0, 0.0, 0.0, 1.0],
                [0.999994, -0.00203, 0.002842, 0.002126, 0.002848, 0.003339, -0.99999, 0.674933, 0.002021, 0.999992, 0.003345, 0.408546, 0.0, 0.0, 0.0, 1.0],
                [0.999994, -0.001865, 0.002882, 0.07419, 0.002888, 0.003436, -0.99999, 0.788572, 0.001855, 0.999992, 0.003441, 0.401746, 0.0, 0.0, 0.0, 1.0],
                [0.999994, -0.001693, 0.002926, 0.127443, 0.002932, 0.003522, -0.99999, 0.851546, 0.001683, 0.999992, 0.003527, 0.389469, 0.0, 0.0, 0.0, 1.0],
                [0.999994, -0.001725, 0.002917, 0.149914, 0.002923, 0.003506, -0.99999, 0.886542, 0.001715, 0.999992, 0.003511, 0.365481, 0.0, 0.0, 0.0, 1.0],
                [0.999994, -0.001828, 0.002889, 0.160385, 0.002896, 0.003454, -0.99999, 0.872245, 0.001818, 0.999992, 0.00346, 0.368182, 0.0, 0.0, 0.0, 1.0],
                [0.999994, -0.001897, 0.002872, 0.163163, 0.002878, 0.003417, -0.99999, 0.862272, 0.001887, 0.999992, 0.003422, 0.379836, 0.0, 0.0, 0.0, 1.0],
                [0.999994, -0.001903, 0.00287, 0.161185, 0.002876, 0.003413, -0.99999, 0.865126, 0.001893, 0.999992, 0.003419, 0.382286, 0.0, 0.0, 0.0, 1.0],
                [0.999994, -0.001896, 0.002872, 0.159207, 0.002878, 0.003417, -0.99999, 0.867981, 0.001886, 0.999992, 0.003422, 0.384736, 0.0, 0.0, 0.0, 1.0],
                [0.999994, -0.00188, 0.002876, 0.157229, 0.002883, 0.003426, -0.99999, 0.870835, 0.00187, 0.999992, 0.003431, 0.387186, 0.0, 0.0, 0.0, 1.0],
                [0.999994, -0.001858, 0.002882, 0.155251, 0.002888, 0.003438, -0.99999, 0.87369, 0.001848, 0.999992, 0.003444, 0.389637, 0.0, 0.0, 0.0, 1.0],
                [0.999994, -0.001835, 0.002888, 0.153272, 0.002894, 0.00345, -0.99999, 0.876544, 0.001825, 0.999992, 0.003455, 0.392087, 0.0, 0.0, 0.0, 1.0],
                [0.999994, -0.001816, 0.002892, 0.151294, 0.002898, 0.00346, -0.99999, 0.879399, 0.001806, 0.999992, 0.003466, 0.394537, 0.0, 0.0, 0.0, 1.0],
                [0.999994, -0.0018, 0.002896, 0.149316, 0.002902, 0.003468, -0.99999, 0.882253, 0.00179, 0.999992, 0.003473, 0.396987, 0.0, 0.0, 0.0, 1.0],
                [0.999994, -0.001798, 0.002898, 0.147338, 0.002904, 0.00347, -0.99999, 0.885107, 0.001788, 0.999992, 0.003475, 0.399437, 0.0, 0.0, 0.0, 1.0],
                [0.999994, -0.001802, 0.002896, 0.14536, 0.002902, 0.003468, -0.99999, 0.887962, 0.001792, 0.999992, 0.003473, 0.401887, 0.0, 0.0, 0.0, 1.0],
                [0.999994, -0.001807, 0.002895, 0.143382, 0.002901, 0.003465, -0.99999, 0.890816, 0.001797, 0.999992, 0.00347, 0.404338, 0.0, 0.0, 0.0, 1.0],
                [0.999994, -0.001796, 0.002898, 0.136842, 0.002904, 0.003471, -0.99999, 0.880419, 0.001785, 0.999992, 0.003476, 0.410706, 0.0, 0.0, 0.0, 1.0],
                [0.999994, -0.00177, 0.002905, 0.135867, 0.002911, 0.003484, -0.99999, 0.876753, 0.00176, 0.999992, 0.003489, 0.415924, 0.0, 0.0, 0.0, 1.0],
                [0.999994, -0.001723, 0.002917, 0.136523, 0.002923, 0.003508, -0.99999, 0.875399, 0.001712, 0.999992, 0.003513, 0.416686, 0.0, 0.0, 0.0, 1.0],
                [0.999994, -0.001662, 0.002936, 0.139864, 0.002941, 0.003537, -0.999989, 0.875683, 0.001652, 0.999992, 0.003541, 0.416108, 0.0, 0.0, 0.0, 1.0],
                [0.999994, -0.001589, 0.002959, 0.143453, 0.002964, 0.00357, -0.999989, 0.877795, 0.001578, 0.999992, 0.003575, 0.42164, 0.0, 0.0, 0.0, 1.0],
                [0.999994, -0.001509, 0.002987, 0.146874, 0.002992, 0.003606, -0.999989, 0.88184, 0.001498, 0.999992, 0.003611, 0.417737, 0.0, 0.0, 0.0, 1.0],
                [0.999994, -0.001427, 0.003015, 0.149345, 0.003021, 0.003639, -0.999989, 0.887987, 0.001416, 0.999992, 0.003643, 0.409102, 0.0, 0.0, 0.0, 1.0],
                [0.999994, -0.001347, 0.003046, 0.148999, 0.003051, 0.003669, -0.999989, 0.896464, 0.001335, 0.999992, 0.003673, 0.412672, 0.0, 0.0, 0.0, 1.0],
                [0.999994, -0.001267, 0.003079, 0.146047, 0.003084, 0.003699, -0.999988, 0.907215, 0.001256, 0.999992, 0.003703, 0.4266, 0.0, 0.0, 0.0, 1.0],
                [0.999994, -0.001186, 0.003112, 0.142676, 0.003116, 0.003725, -0.999988, 0.919765, 0.001175, 0.999992, 0.003728, 0.442537, 0.0, 0.0, 0.0, 1.0],
                [0.999994, -0.001105, 0.003148, 0.138875, 0.003152, 0.003749, -0.999988, 0.933676, 0.001094, 0.999992, 0.003752, 0.459833, 0.0, 0.0, 0.0, 1.0],
                [0.999994, -0.001023, 0.003187, 0.134568, 0.003191, 0.003772, -0.999988, 0.948514, 0.001011, 0.999992, 0.003775, 0.47825, 0.0, 0.0, 0.0, 1.0],
                [0.999994, -0.000939, 0.003229, 0.129682, 0.003233, 0.003794, -0.999988, 0.963839, 0.000927, 0.999992, 0.003797, 0.497083, 0.0, 0.0, 0.0, 1.0],
                [0.999994, -0.000854, 0.003275, 0.124363, 0.003278, 0.003814, -0.999987, 0.979219, 0.000841, 0.999992, 0.003817, 0.516009, 0.0, 0.0, 0.0, 1.0],
                [0.999994, -0.000765, 0.003325, 0.118778, 0.003328, 0.003833, -0.999987, 0.994215, 0.000752, 0.999992, 0.003836, 0.534803, 0.0, 0.0, 0.0, 1.0],
                [0.999994, -0.000673, 0.003381, 0.112848, 0.003383, 0.003851, -0.999987, 1.00847, 0.00066, 0.999992, 0.003853, 0.553337, 0.0, 0.0, 0.0, 1.0],
                [0.999994, -0.000578, 0.003443, 0.106649, 0.003445, 0.003866, -0.999987, 1.021309, 0.000565, 0.999992, 0.003868, 0.570835, 0.0, 0.0, 0.0, 1.0],
                [0.999994, -0.000479, 0.003512, 0.099997, 0.003514, 0.00388, -0.999986, 1.032537, 0.000465, 0.999992, 0.003882, 0.587005, 0.0, 0.0, 0.0, 1.0],
                [0.999993, -0.000379, 0.003582, 0.092752, 0.003584, 0.003889, -0.999986, 1.041634, 0.000365, 0.999992, 0.00389, 0.602009, 0.0, 0.0, 0.0, 1.0],
                [0.999993, -0.00026, 0.003676, 0.084643, 0.003677, 0.003899, -0.999986, 1.047992, 0.000246, 0.999992, 0.0039, 0.61341, 0.0, 0.0, 0.0, 1.0],
                [0.999993, -0.000126, 0.003794, 0.07427, 0.003794, 0.003906, -0.999985, 1.05165, 0.000111, 0.999992, 0.003906, 0.624812, 0.0, 0.0, 0.0, 1.0],
                [0.999998, 2.9e-05, 0.001897, 0.063291, 0.001897, 0.003911, -0.999991, 1.05313, -3.6e-05, 0.999992, 0.003911, 0.633146, 0.0, 0.0, 0.0, 1.0],
                [1.0, 0.000183, -0.0, 0.052289, -1e-06, 0.003904, -0.999992, 1.052957, -0.000183, 0.999992, 0.003904, 0.641475, 0.0, 0.0, 0.0, 1.0],
                [1.0, 0.000326, 1e-06, 0.041349, -0.0, 0.003894, -0.999992, 1.051657, -0.000326, 0.999992, 0.003894, 0.647335, 0.0, 0.0, 0.0, 1.0],
                [1.0, 0.000458, 1e-06, 0.03056, -1e-06, 0.003881, -0.999992, 1.049758, -0.000458, 0.999992, 0.003881, 0.652909, 0.0, 0.0, 0.0, 1.0],
                [1.0, 0.000567, 1e-06, 0.020898, -1e-06, 0.003866, -0.999993, 1.047786, -0.000567, 0.999992, 0.003866, 0.658199, 0.0, 0.0, 0.0, 1.0],
                [1.0, 0.00065, 1e-06, 0.012861, -1e-06, 0.003853, -0.999992, 1.04627, -0.00065, 0.999992, 0.003853, 0.663207, 0.0, 0.0, 0.0, 1.0],
                [1.0, 0.000694, 1e-06, 0.008523, -1e-06, 0.003846, -0.999993, 1.044643, -0.000694, 0.999992, 0.003846, 0.666614, 0.0, 0.0, 0.0, 1.0],
                [1.0, 0.000713, 2e-06, 0.005284, -1e-06, 0.003842, -0.999993, 1.042153, -0.000713, 0.999992, 0.003842, 0.668305, 0.0, 0.0, 0.0, 1.0],
                [1.0, 0.000708, 2e-06, 0.003917, -1e-06, 0.003843, -0.999993, 1.039033, -0.000708, 0.999992, 0.003843, 0.669152, 0.0, 0.0, 0.0, 1.0],
                [1.0, 0.000689, 1e-06, 0.002918, -1e-06, 0.003846, -0.999993, 1.035498, -0.000689, 0.999992, 0.003846, 0.669652, 0.0, 0.0, 0.0, 1.0],
                [1.0, 0.000666, 2e-06, 0.00199, -1e-06, 0.003851, -0.999993, 1.031852, -0.000666, 0.999992, 0.003851, 0.669975, 0.0, 0.0, 0.0, 1.0],
                [1.0, 0.000643, 1e-06, 0.001117, -1e-06, 0.003855, -0.999992, 1.028261, -0.000643, 0.999992, 0.003855, 0.670185, 0.0, 0.0, 0.0, 1.0],
                [1.0, 0.000632, 1e-06, 0.00031, -1e-06, 0.003856, -0.999993, 1.024984, -0.000632, 0.999992, 0.003856, 0.670335, 0.0, 0.0, 0.0, 1.0]
            ]
        },
        {
            "name": "Thigh_R",
            "time": [0.0, 0.1, 0.1333, 0.1667, 0.2, 0.2333, 0.2667, 0.3, 0.3333, 0.3667, 0.4, 0.4333, 0.4667, 0.5, 0.5333, 0.5667, 0.6, 0.6333, 0.6667, 0.7, 0.7333, 0.7667, 0.8, 0.8333, 0.8667, 0.9, 0.9333, 0.9667, 1.0, 1.0333, 1.0667, 1.1, 1.1333, 1.1667, 1.2, 1.2333, 1.2667, 1.3, 1.3333, 1.3667, 1.4, 1.4333, 1.4667, 1.5, 1.5333, 1.5667, 1.6, 1.6333, 1.6667, 1.7, 1.7333, 1.7667, 1.8],
            "transform": [
                [0.79156, -0.378991, -0.479375, 0.092285, 0.259723, -0.501434, 0.825293, 0.078102, -0.553154, -0.777773, -0.298482, 0.01703, 0.0, 0.0, 0.0, 1.0],
                [0.95514, 0.16144, -0.24829, 0.096351, 0.245471, 0.037504, 0.968678, 0.058238, 0.165696, -0.986169, -0.003808, 0.033027, 0.0, 0.0, 0.0, 1.0],
                [0.931615, 0.234168, -0.277958, 0.079973, 0.324304, -0.190323, 0.926609, 0.036153, 0.164081, -0.953385, -0.25325, 0.013639, 0.0, 0.0, 0.0, 1.0],
                [0.902487, 0.064284, -0.425896, 0.063594, 0.40587, -0.457932, 0.790929, 0.014069, -0.144187, -0.886661, -0.439368, -0.005748, 0.0, 0.0, 0.0, 1.0],
                [0.898644, -0.066533, -0.433607, 0.047215, 0.373298, -0.403188, 0.835517, -0.008016, -0.230415, -0.912696, -0.337485, -0.025136, 0.0, 0.0, 0.0, 1.0],
                [0.884169, -0.196538, -0.423814, 0.042408, 0.359112, -0.294321, 0.885672, -0.005932, -0.298805, -0.935281, -0.18965, -0.022689, 0.0, 0.0, 0.0, 1.0],
                [0.889379, -0.230347, -0.3949, 0.037601, 0.32403, -0.291739, 0.899941, -0.003848, -0.322506, -0.928349, -0.184827, -0.020243, 0.0, 0.0, 0.0, 1.0],
                [0.899773, -0.223333, -0.374876, 0.032794, 0.302299, -0.300515, 0.904603, -0.001764, -0.314684, -0.927262, -0.202882, -0.017796, 0.0, 0.0, 0.0, 1.0],
                [0.905945, -0.214576, -0.364997, 0.027987, 0.29295, -0.304733, 0.906267, 0.000319, -0.305689, -0.927954, -0.213211, -0.01535, 0.0, 0.0, 0.0, 1.0],
                [0.903144, -0.22221, -0.367362, 0.02318, 0.294921, -0.30074, 0.90696, 0.002403, -0.312016, -0.927459, -0.206077, -0.012904, 0.0, 0.0, 0.0, 1.0],
                [0.896238, -0.234322, -0.376633, 0.029723, 0.303283, -0.295909, 0.905791, 0.004637, -0.323696, -0.926031, -0.194139, -0.022508, 0.0, 0.0, 0.0, 1.0],
                [0.892242, -0.240503, -0.382184, 0.036266, 0.310202, -0.288603, 0.905805, 0.00687, -0.328149, -0.926751, -0.182899, -0.032112, 0.0, 0.0, 0.0, 1.0],
                [0.893985, -0.235564, -0.381185, 0.042809, 0.313781, -0.278203, 0.907825, 0.009104, -0.319898, -0.93119, -0.174793, -0.041716, 0.0, 0.0, 0.0, 1.0],
                [0.895867, -0.228409, -0.381121, 0.049352, 0.318218, -0.268816, 0.909107, 0.011337, -0.3101, -0.935719, -0.168139, -0.05132, 0.0, 0.0, 0.0, 1.0],
                [0.898234, -0.219958, -0.380519, 0.055896, 0.321233, -0.262352, 0.909935, 0.013571, -0.299977, -0.93957, -0.164997, -0.060924, 0.0, 0.0, 0.0, 1.0],
                [0.899194, -0.213586, -0.381879, 0.05887, 0.32394, -0.261731, 0.909154, 0.016855, -0.294132, -0.941212, -0.166158, -0.054016, 0.0, 0.0, 0.0, 1.0],
                [0.897462, -0.211562, -0.387047, 0.061845, 0.328823, -0.263981, 0.906747, 0.020139, -0.294006, -0.94104, -0.167347, -0.047107, 0.0, 0.0, 0.0, 1.0],
                [0.894722, -0.2081, -0.395182, 0.06482, 0.334721, -0.27338, 0.90179, 0.023424, -0.295697, -0.939127, -0.174943, -0.040199, 0.0, 0.0, 0.0, 1.0],
                [0.888829, -0.202893, -0.410876, 0.067794, 0.345651, -0.291825, 0.891832, 0.026708, -0.300851, -0.934706, -0.189252, -0.033291, 0.0, 0.0, 0.0, 1.0],
                [0.885091, -0.198372, -0.421028, 0.070174, 0.350249, -0.311838, 0.883223, 0.029336, -0.306499, -0.929197, -0.206526, -0.027765, 0.0, 0.0, 0.0, 1.0],
                [0.885939, -0.195975, -0.420365, 0.072554, 0.346754, -0.322047, 0.880936, 0.031963, -0.308019, -0.926219, -0.217359, -0.022238, 0.0, 0.0, 0.0, 1.0],
                [0.890705, -0.19469, -0.410781, 0.074934, 0.335628, -0.327812, 0.883116, 0.034591, -0.306592, -0.924466, -0.226641, -0.016712, 0.0, 0.0, 0.0, 1.0],
                [0.898382, -0.195079, -0.393519, 0.077313, 0.318402, -0.327899, 0.88944, 0.037218, -0.302546, -0.924352, -0.232465, -0.011185, 0.0, 0.0, 0.0, 1.0],
                [0.908616, -0.193674, -0.370011, 0.079693, 0.296132, -0.325956, 0.897808, 0.039846, -0.29449, -0.925335, -0.238816, -0.005659, 0.0, 0.0, 0.0, 1.0],
                [0.920572, -0.188539, -0.342055, 0.082073, 0.269542, -0.327123, 0.905725, 0.042473, -0.282659, -0.925983, -0.250321, -0.000132, 0.0, 0.0, 0.0, 1.0],
                [0.931529, -0.178634, -0.316773, 0.084453, 0.244686, -0.336543, 0.909323, 0.045101, -0.269044, -0.92457, -0.26979, 0.005395, 0.0, 0.0, 0.0, 1.0],
                [0.943201, -0.161542, -0.290305, 0.086832, 0.218867, -0.355258, 0.908784, 0.047728, -0.24994, -0.920705, -0.299724, 0.010921, 0.0, 0.0, 0.0, 1.0],
                [0.953578, -0.140562, -0.266332, 0.089212, 0.195364, -0.384299, 0.902301, 0.050355, -0.229181, -0.912446, -0.338998, 0.016448, 0.0, 0.0, 0.0, 1.0],
                [0.962631, -0.11944, -0.243058, 0.091592, 0.173362, -0.417737, 0.891876, 0.052983, -0.20806, -0.900684, -0.38142, 0.021974, 0.0, 0.0, 0.0, 1.0],
                [0.969978, -0.098708, -0.222265, 0.093971, 0.154503, -0.455687, 0.876629, 0.055611, -0.187814, -0.884651, -0.426755, 0.027501, 0.0, 0.0, 0.0, 1.0],
                [0.97614, -0.07837, -0.202513, 0.096351, 0.13801, -0.496121, 0.857215, 0.058238, -0.167651, -0.86471, -0.473467, 0.033027, 0.0, 0.0, 0.0, 1.0],
                [0.980277, -0.060067, -0.188284, 0.096351, 0.126844, -0.539363, 0.832465, 0.058238, -0.151557, -0.839929, -0.521106, 0.033027, 0.0, 0.0, 0.0, 1.0],
                [0.98352, -0.043543, -0.175485, 0.096351, 0.117798, -0.581994, 0.804616, 0.058238, -0.137167, -0.812027, -0.567272, 0.033027, 0.0, 0.0, 0.0, 1.0],
                [0.985718, -0.029175, -0.165865, 0.096351, 0.111716, -0.623722, 0.773622, 0.058238, -0.126025, -0.781103, -0.611554, 0.033027, 0.0, 0.0, 0.0, 1.0],
                [0.98761, -0.013356, -0.156366, 0.096351, 0.10818, -0.66389, 0.739965, 0.058238, -0.113693, -0.747712, -0.654218, 0.033027, 0.0, 0.0, 0.0, 1.0],
                [0.989277, 0.00175, -0.146051, 0.096351, 0.105513, -0.700003, 0.706303, 0.058238, -0.101, -0.714139, -0.69268, 0.033027, 0.0, 0.0, 0.0, 1.0],
                [0.991109, 0.019693, -0.131595, 0.096351, 0.103841, -0.732865, 0.672403, 0.058238, -0.0832, -0.68009, -0.728393, 0.033027, 0.0, 0.0, 0.0, 1.0],
                [0.992832, 0.03632, -0.11388, 0.096351, 0.10133, -0.761095, 0.640677, 0.058238, -0.063405, -0.647624, -0.759318, 0.033027, 0.0, 0.0, 0.0, 1.0],
                [0.994721, 0.055512, -0.08632, 0.096351, 0.097071, -0.781948, 0.61574, 0.058238, -0.033317, -0.620868, -0.783207, 0.033027, 0.0, 0.0, 0.0, 1.0],
                [0.995824, 0.079619, -0.044693, 0.096351, 0.091118, -0.835149, 0.542425, 0.058238, 0.005862, -0.544232, -0.838915, 0.033027, 0.0, 0.0, 0.0, 1.0],
                [0.993559, 0.11302, 0.008313, 0.096351, 0.098135, -0.894745, 0.435661, 0.058238, 0.056677, -0.432038, -0.900073, 0.033028, 0.0, 0.0, 0.0, 1.0],
                [0.985144, 0.156463, 0.070801, 0.096351, 0.120323, -0.922997, 0.365514, 0.058238, 0.122539, -0.351565, -0.928109, 0.033027, 0.0, 0.0, 0.0, 1.0],
                [0.967922, 0.202127, 0.14925, 0.096351, 0.148452, -0.939295, 0.309334, 0.058238, 0.202715, -0.277254, -0.939168, 0.033027, 0.0, 0.0, 0.0, 1.0],
                [0.942624, 0.238155, 0.233973, 0.096351, 0.176047, -0.950035, 0.257765, 0.058238, 0.283671, -0.201785, -0.937451, 0.033027, 0.0, 0.0, 0.0, 1.0],
                [0.912854, 0.260579, 0.314323, 0.096351, 0.199156, -0.956237, 0.214353, 0.058238, 0.356423, -0.133073, -0.9248, 0.033027, 0.0, 0.0, 0.0, 1.0],
                [0.884256, 0.269777, 0.3812, 0.096351, 0.217216, -0.960188, 0.175662, 0.058238, 0.413413, -0.072527, -0.907651, 0.033027, 0.0, 0.0, 0.0, 1.0],
                [0.863005, 0.263368, 0.431116, 0.096351, 0.230865, -0.964642, 0.127153, 0.058238, 0.449361, -0.010204, -0.893292, 0.033027, 0.0, 0.0, 0.0, 1.0],
                [0.859462, 0.263071, 0.438316, 0.096351, 0.232832, -0.964771, 0.122499, 0.058238, 0.455101, -0.003229, -0.890435, 0.033027, 0.0, 0.0, 0.0, 1.0],
                [0.860219, 0.262001, 0.437471, 0.096351, 0.231801, -0.965061, 0.122173, 0.058238, 0.454196, -0.003689, -0.890894, 0.033027, 0.0, 0.0, 0.0, 1.0],
                [0.86434, 0.260772, 0.430019, 0.096351, 0.230577, -0.96538, 0.121968, 0.058238, 0.446938, -0.006269, -0.894544, 0.033027, 0.0, 0.0, 0.0, 1.0],
                [0.869398, 0.2595, 0.420486, 0.096351, 0.229085, -0.965692, 0.122313, 0.058238, 0.4378, -0.010012, -0.899017, 0.033027, 0.0, 0.0, 0.0, 1.0],
                [0.874387, 0.258168, 0.410851, 0.096351, 0.2276, -0.966004, 0.122626, 0.058238, 0.428541, -0.013712, -0.903419, 0.033027, 0.0, 0.0, 0.0, 1.0],
                [0.875432, 0.261743, 0.406338, 0.096351, 0.230638, -0.965015, 0.124719, 0.058238, 0.424766, -0.015466, -0.905172, 0.033027, 0.0, 0.0, 0.0, 1.0]
            ]
        },
        {
            "name": "Leg_R",
            "time": [0.0, 0.1, 0.1333, 0.1667, 0.2, 0.2333, 0.2667, 0.3, 0.3333, 0.3667, 0.4, 0.4333, 0.4667, 0.5, 0.5333, 0.5667, 0.6, 0.6333, 0.6667, 0.7, 0.7333, 0.7667, 0.8, 0.8333, 0.8667, 0.9, 0.9333, 0.9667, 1.0, 1.0333, 1.0667, 1.1, 1.1333, 1.1667, 1.2, 1.2333, 1.2667, 1.3, 1.3333, 1.3667, 1.4, 1.4333, 1.4667, 1.5, 1.5333, 1.5667, 1.6, 1.6333, 1.6667, 1.7, 1.7333, 1.7667, 1.8],
            "transform": [
                [0.999996, -0.001925, -0.000344, -0.0, 0.00055, 0.107957, 0.994157, 0.37472, -0.001877, -0.994155, 0.107958, 0.0, 0.0, 0.0, 0.0, 1.0],
                [0.999998, -0.001897, -0.000476, 0.0, -0.000477, -0.472299, 0.881439, 0.37472, -0.001897, -0.881436, -0.472299, -0.0, 0.0, 0.0, 0.0, 1.0],
                [0.999997, -0.001951, -0.00015, -0.0, -0.00015, -0.152915, 0.98824, 0.37472, -0.001951, -0.988238, -0.152914, 0.0, 0.0, 0.0, 0.0, 1.0],
                [0.999997, -0.001956, -1e-05, -0.0, -1.1e-05, -0.010717, 0.999943, 0.37472, -0.001956, -0.999942, -0.010717, 0.0, 0.0, 0.0, 0.0, 1.0],
                [0.999997, -0.001954, -0.000115, 0.0, -0.000114, -0.117004, 0.993132, 0.37472, -0.001954, -0.993129, -0.117004, 0.0, 0.0, 0.0, 0.0, 1.0],
                [0.999997, -0.001942, -0.000237, -0.0, -0.000239, -0.241304, 0.97045, 0.37472, -0.001942, -0.970448, -0.241304, -0.0, 0.0, 0.0, 0.0, 1.0],
                [0.999997, -0.001933, -0.000296, 0.0, -0.000297, -0.299707, 0.954032, 0.37472, -0.001933, -0.95403, -0.299707, 0.0, 0.0, 0.0, 0.0, 1.0],
                [0.999997, -0.001934, -0.000289, -0.0, -0.000289, -0.292313, 0.956323, 0.37472, -0.001934, -0.956322, -0.292313, -0.0, 0.0, 0.0, 0.0, 1.0],
                [0.999997, -0.001937, -0.000272, -0.0, -0.000273, -0.275795, 0.961217, 0.37472, -0.001937, -0.961216, -0.275795, -0.0, 0.0, 0.0, 0.0, 1.0],
                [0.999997, -0.001937, -0.000263, 0.0, -0.000264, -0.267443, 0.963574, 0.37472, -0.001937, -0.963573, -0.267443, 0.0, 0.0, 0.0, 0.0, 1.0],
                [0.999997, -0.001939, -0.000256, -0.0, -0.000255, -0.259071, 0.965859, 0.37472, -0.001939, -0.965857, -0.259071, -0.0, 0.0, 0.0, 0.0, 1.0],
                [0.999997, -0.00194, -0.000243, -0.0, -0.000244, -0.24725, 0.968952, 0.37472, -0.00194, -0.96895, -0.24725, 0.0, 0.0, 0.0, 0.0, 1.0],
                [0.999997, -0.001943, -0.000228, -0.0, -0.000227, -0.231003, 0.972954, 0.37472, -0.001943, -0.972951, -0.231003, -0.0, 0.0, 0.0, 0.0, 1.0],
                [0.999998, -0.001944, -0.000211, 0.0, -0.000212, -0.214693, 0.976682, 0.37472, -0.001944, -0.976679, -0.214693, -0.0, 0.0, 0.0, 0.0, 1.0],
                [0.999998, -0.001947, -0.000191, 0.0, -0.000192, -0.194568, 0.980889, 0.37472, -0.001946, -0.980887, -0.194568, 0.0, 0.0, 0.0, 0.0, 1.0],
                [0.999997, -0.001949, -0.000171, 0.0, -0.000171, -0.17436, 0.984683, 0.37472, -0.001949, -0.984681, -0.17436, -0.0, 0.0, 0.0, 0.0, 1.0],
                [0.999997, -0.001951, -0.000145, 0.0, -0.000146, -0.148413, 0.988926, 0.37472, -0.001951, -0.988924, -0.148413, 0.0, 0.0, 0.0, 0.0, 1.0],
                [0.999997, -0.001952, -0.000114, -0.0, -0.000115, -0.116564, 0.993184, 0.37472, -0.001952, -0.993182, -0.116564, 0.0, 0.0, 0.0, 0.0, 1.0],
                [0.999997, -0.001955, -6.4e-05, 0.0, -6.5e-05, -0.065667, 0.997842, 0.37472, -0.001955, -0.99784, -0.065667, -0.0, 0.0, 0.0, 0.0, 1.0],
                [0.999997, -0.001955, -1.4e-05, -0.0, -1.4e-05, -0.014397, 0.999896, 0.37472, -0.001955, -0.999895, -0.014397, -0.0, 0.0, 0.0, 0.0, 1.0],
                [0.999997, -0.001956, 1.6e-05, 0.0, 1.6e-05, 0.016536, 0.999864, 0.37472, -0.001956, -0.999862, 0.016536, -0.0, 0.0, 0.0, 0.0, 1.0],
                [0.999997, -0.001956, 3.2e-05, -0.0, 3.2e-05, 0.032928, 0.999458, 0.37472, -0.001956, -0.999457, 0.032928, -0.0, 0.0, 0.0, 0.0, 1.0],
                [0.999997, -0.001955, 4.3e-05, -0.0, 4.2e-05, 0.043231, 0.999066, 0.37472, -0.001955, -0.999063, 0.043231, -0.0, 0.0, 0.0, 0.0, 1.0],
                [0.999997, -0.001955, 4.9e-05, -0.0, 4.9e-05, 0.050386, 0.99873, 0.37472, -0.001955, -0.998729, 0.050386, 0.0, 0.0, 0.0, 0.0, 1.0],
                [0.999997, -0.001955, 5.9e-05, 0.0, 5.7e-05, 0.059175, 0.998248, 0.37472, -0.001955, -0.998246, 0.059175, 0.0, 0.0, 0.0, 0.0, 1.0],
                [0.999997, -0.001954, 7.2e-05, -0.0, 7.1e-05, 0.073324, 0.997309, 0.37472, -0.001954, -0.997307, 0.073324, 0.0, 0.0, 0.0, 0.0, 1.0],
                [0.999998, -0.001953, 9.6e-05, 0.0, 9.5e-05, 0.097377, 0.995248, 0.37472, -0.001953, -0.995246, 0.097377, 0.0, 0.0, 0.0, 0.0, 1.0],
                [0.999997, -0.001952, 0.000125, 0.0, 0.000125, 0.127546, 0.991833, 0.37472, -0.001952, -0.991831, 0.127546, -0.0, 0.0, 0.0, 0.0, 1.0],
                [0.999997, -0.001949, 0.000161, 0.0, 0.000161, 0.163669, 0.986516, 0.37472, -0.001949, -0.986514, 0.163669, 0.0, 0.0, 0.0, 0.0, 1.0],
                [0.999997, -0.001945, 0.000202, -0.0, 0.000202, 0.205138, 0.978733, 0.37472, -0.001945, -0.978733, 0.205138, -0.0, 0.0, 0.0, 0.0, 1.0],
                [0.999997, -0.00194, 0.000249, 0.0, 0.000248, 0.252387, 0.967627, 0.37472, -0.00194, -0.967625, 0.252387, 0.0, 0.0, 0.0, 0.0, 1.0],
                [0.999997, -0.001933, 0.0003, -0.0, 0.000298, 0.302024, 0.9533, 0.37472, -0.001933, -0.953299, 0.302024, 0.0, 0.0, 0.0, 0.0, 1.0],
                [0.999998, -0.001924, 0.000355, -0.0, 0.000354, 0.356406, 0.934331, 0.37472, -0.001924, -0.934329, 0.356406, -0.0, 0.0, 0.0, 0.0, 1.0],
                [0.999997, -0.001911, 0.000414, 0.0, 0.000414, 0.413841, 0.91035, 0.37472, -0.001911, -0.910349, 0.41384, 0.0, 0.0, 0.0, 0.0, 1.0],
                [0.999997, -0.001897, 0.000479, -0.0, 0.000478, 0.473969, 0.880542, 0.37472, -0.001897, -0.880541, 0.473968, 0.0, 0.0, 0.0, 0.0, 1.0],
                [0.999997, -0.001879, 0.000544, -0.0, 0.000543, 0.53349, 0.845807, 0.37472, -0.00188, -0.845805, 0.53349, 0.0, 0.0, 0.0, 0.0, 1.0],
                [0.999997, -0.001859, 0.000609, -0.0, 0.000608, 0.591468, 0.806328, 0.37472, -0.001859, -0.806327, 0.591468, 0.0, 0.0, 0.0, 0.0, 1.0],
                [0.999997, -0.001836, 0.000675, 0.0, 0.000674, 0.647217, 0.762306, 0.37472, -0.001837, -0.762304, 0.647217, -0.0, 0.0, 0.0, 0.0, 1.0],
                [0.999998, -0.001812, 0.000736, -0.0, 0.000734, 0.69634, 0.717712, 0.37472, -0.001812, -0.71771, 0.69634, -0.0, 0.0, 0.0, 0.0, 1.0],
                [0.999997, -0.001838, 0.000666, 0.0, 0.000664, 0.640116, 0.768279, 0.37472, -0.001839, -0.768277, 0.640115, 0.0, 0.0, 0.0, 0.0, 1.0],
                [0.999998, -0.001851, 0.000632, 0.0, 0.00063, 0.610822, 0.791768, 0.37472, -0.001851, -0.791766, 0.610822, 0.0, 0.0, 0.0, 0.0, 1.0],
                [0.999996, -0.001853, 0.000623, -0.0, 0.000622, 0.603474, 0.797383, 0.37472, -0.001854, -0.797382, 0.603474, 0.0, 0.0, 0.0, 0.0, 1.0],
                [0.999998, -0.001832, 0.000683, 0.0, 0.000681, 0.654045, 0.756455, 0.37472, -0.001833, -0.756453, 0.654045, -0.0, 0.0, 0.0, 0.0, 1.0],
                [0.999997, -0.001798, 0.000769, 0.0, 0.000767, 0.722666, 0.691197, 0.37472, -0.001798, -0.691195, 0.722666, 0.0, 0.0, 0.0, 0.0, 1.0],
                [0.999998, -0.001754, 0.000864, -0.0, 0.000861, 0.79181, 0.610766, 0.37472, -0.001755, -0.610765, 0.79181, -0.0, 0.0, 0.0, 0.0, 1.0],
                [0.999997, -0.001708, 0.000953, -0.0, 0.00095, 0.850302, 0.526294, 0.37472, -0.001709, -0.526292, 0.850303, 0.0, 0.0, 0.0, 0.0, 1.0],
                [0.999998, -0.001654, 0.001043, 0.0, 0.001041, 0.901942, 0.431856, 0.37472, -0.001655, -0.431854, 0.901943, -0.0, 0.0, 0.0, 0.0, 1.0],
                [0.999997, -0.001641, 0.001062, -0.0, 0.00106, 0.911779, 0.410681, 0.37472, -0.001642, -0.410679, 0.911779, -0.0, 0.0, 0.0, 0.0, 1.0],
                [0.999998, -0.001637, 0.001069, -0.0, 0.001067, 0.915226, 0.402939, 0.37472, -0.001638, -0.402936, 0.915227, -0.0, 0.0, 0.0, 0.0, 1.0],
                [0.999998, -0.001636, 0.00107, 0.0, 0.001068, 0.915508, 0.402299, 0.37472, -0.001637, -0.402298, 0.915507, -0.0, 0.0, 0.0, 0.0, 1.0],
                [0.999997, -0.001638, 0.001068, 0.0, 0.001065, 0.914371, 0.404877, 0.37472, -0.001639, -0.404875, 0.914371, -0.0, 0.0, 0.0, 0.0, 1.0],
                [0.999997, -0.001638, 0.001067, -0.0, 0.001065, 0.914085, 0.405522, 0.37472, -0.001639, -0.40552, 0.914085, 0.0, 0.0, 0.0, 0.0, 1.0],
                [0.999997, -0.001635, 0.001071, -0.0, 0.001069, 0.916078, 0.401, 0.37472, -0.001637, -0.400998, 0.916078, -0.0, 0.0, 0.0, 0.0, 1.0]
            ]
        },
        {
            "name": "Knee_R",
            "time": [0.0, 1.8],
            "transform": [
                [1.0, 0.0, -0.0, -0.0, -0.0, 1e-06, -1.0, 0.37472, -0.0, 1.0, 1e-06, 0.0, 0.0, 0.0, 0.0, 1.0],
                [1.0, 0.0, -0.0, -0.0, -0.0, 1e-06, -1.0, 0.37472, -0.0, 1.0, 1e-06, -0.0, 0.0, 0.0, 0.0, 1.0]
            ]
        },
        {
            "name": "Thigh_L",
            "time": [0.0, 0.1, 0.1333, 0.1667, 0.2, 0.2333, 0.2667, 0.3, 0.3333, 0.3667, 0.4, 0.4333, 0.4667, 0.5, 0.5333, 0.5667, 0.6, 0.6333, 0.6667, 0.7, 0.7333, 0.7667, 0.8, 0.8333, 0.8667, 0.9, 0.9333, 0.9667, 1.0, 1.0333, 1.0667, 1.1, 1.1333, 1.1667, 1.2, 1.2333, 1.2667, 1.3, 1.3333, 1.3667, 1.4, 1.4333, 1.4667, 1.5, 1.5333, 1.5667, 1.6, 1.6333, 1.6667, 1.7, 1.7333, 1.7667, 1.8],
            "transform": [
                [0.307531, -0.426733, -0.850486, -0.101349, -0.535799, -0.816293, 0.215836, 0.062121, -0.78635, 0.389312, -0.479679, 0.044552, 0.0, 0.0, 0.0, 1.0],
                [0.484151, -0.259819, -0.835518, -0.12858, -0.544566, -0.836894, -0.055312, 0.048184, -0.684865, 0.481777, -0.546671, -0.046041, 0.0, 0.0, 0.0, 1.0],
                [0.215129, -0.338949, -0.915878, -0.09905, -0.644326, -0.754014, 0.127699, 0.084853, -0.733865, 0.562657, -0.380604, -0.005839, 0.0, 0.0, 0.0, 1.0],
                [0.15175, -0.483378, -0.862159, -0.069519, -0.704853, -0.664421, 0.248449, 0.121522, -0.692928, 0.569997, -0.441535, 0.034364, 0.0, 0.0, 0.0, 1.0],
                [0.281431, -0.489207, -0.825514, -0.039989, -0.736922, -0.661195, 0.140597, 0.158192, -0.614603, 0.568775, -0.546588, 0.074567, 0.0, 0.0, 0.0, 1.0],
                [0.369662, -0.472685, -0.79995, -0.030725, -0.752284, -0.657568, 0.040913, 0.154297, -0.545357, 0.586669, -0.59867, 0.073165, 0.0, 0.0, 0.0, 1.0],
                [0.332197, -0.492371, -0.804497, -0.02146, -0.760605, -0.64424, 0.080215, 0.150402, -0.557783, 0.58526, -0.588514, 0.071764, 0.0, 0.0, 0.0, 1.0],
                [0.25401, -0.528824, -0.80983, -0.012196, -0.758202, -0.628722, 0.172739, 0.146507, -0.600503, 0.57014, -0.560656, 0.070362, 0.0, 0.0, 0.0, 1.0],
                [0.188777, -0.559168, -0.807277, -0.002931, -0.748618, -0.613975, 0.250211, 0.142612, -0.635555, 0.557111, -0.534507, 0.06896, 0.0, 0.0, 0.0, 1.0],
                [0.1359, -0.56148, -0.816255, 0.006334, -0.743129, -0.602648, 0.290818, 0.138717, -0.655201, 0.567063, -0.499151, 0.067558, 0.0, 0.0, 0.0, 1.0],
                [0.070645, -0.562487, -0.823783, 0.003516, -0.737484, -0.58553, 0.336558, 0.131744, -0.671656, 0.583754, -0.45619, 0.081464, 0.0, 0.0, 0.0, 1.0],
                [0.022072, -0.565014, -0.824787, 0.000699, -0.731741, -0.57127, 0.371759, 0.124772, -0.681223, 0.595328, -0.426052, 0.095371, 0.0, 0.0, 0.0, 1.0],
                [-0.005216, -0.57173, -0.820426, -0.002118, -0.729485, -0.558993, 0.394181, 0.1178, -0.683974, 0.600547, -0.414153, 0.109277, 0.0, 0.0, 0.0, 1.0],
                [-0.027174, -0.576503, -0.816644, -0.004935, -0.727329, -0.549026, 0.411779, 0.110827, -0.685747, 0.605162, -0.404388, 0.123184, 0.0, 0.0, 0.0, 1.0],
                [-0.042232, -0.580762, -0.812978, -0.007752, -0.725791, -0.54137, 0.424435, 0.103855, -0.686615, 0.60798, -0.398648, 0.13709, 0.0, 0.0, 0.0, 1.0],
                [-0.051638, -0.584209, -0.809959, -0.007157, -0.723055, -0.537568, 0.433833, 0.103304, -0.688855, 0.60805, -0.394656, 0.134683, 0.0, 0.0, 0.0, 1.0],
                [-0.054198, -0.587132, -0.807676, -0.006561, -0.717607, -0.539549, 0.440371, 0.102754, -0.694333, 0.603464, -0.392087, 0.132276, 0.0, 0.0, 0.0, 1.0],
                [-0.051244, -0.590918, -0.805103, -0.005965, -0.710888, -0.544633, 0.444986, 0.102204, -0.701434, 0.595144, -0.392167, 0.129869, 0.0, 0.0, 0.0, 1.0],
                [-0.038521, -0.593233, -0.804109, -0.00537, -0.699654, -0.558527, 0.445568, 0.101654, -0.71344, 0.579765, -0.393543, 0.127462, 0.0, 0.0, 0.0, 1.0],
                [-0.0213, -0.593363, -0.804654, -0.011237, -0.689565, -0.574044, 0.441559, 0.099108, -0.723908, 0.564269, -0.396935, 0.1192, 0.0, 0.0, 0.0, 1.0],
                [-0.005732, -0.590704, -0.806869, -0.017104, -0.685756, -0.584945, 0.433103, 0.096561, -0.727807, 0.5558, -0.401725, 0.110938, 0.0, 0.0, 0.0, 1.0],
                [0.003149, -0.595147, -0.803612, -0.022971, -0.683679, -0.587744, 0.432596, 0.094015, -0.729774, 0.548053, -0.40874, 0.102676, 0.0, 0.0, 0.0, 1.0],
                [0.012856, -0.604003, -0.796879, -0.028838, -0.682045, -0.58807, 0.434727, 0.091469, -0.731193, 0.537922, -0.419518, 0.094414, 0.0, 0.0, 0.0, 1.0],
                [0.033612, -0.609154, -0.79234, -0.034706, -0.684456, -0.591729, 0.425883, 0.088923, -0.728276, 0.52801, -0.436828, 0.086152, 0.0, 0.0, 0.0, 1.0],
                [0.079414, -0.60049, -0.79568, -0.032715, -0.693758, -0.60647, 0.38845, 0.088876, -0.715813, 0.521164, -0.464757, 0.090822, 0.0, 0.0, 0.0, 1.0],
                [0.167989, -0.66369, -0.728901, -0.030725, -0.664713, -0.622289, 0.413416, 0.088828, -0.727964, 0.415063, -0.545701, 0.095491, 0.0, 0.0, 0.0, 1.0],
                [0.277018, -0.719057, -0.637354, -0.028734, -0.617115, -0.641569, 0.455585, 0.088781, -0.736495, 0.267118, -0.621467, 0.100161, 0.0, 0.0, 0.0, 1.0],
                [0.400352, -0.743125, -0.536177, -0.026744, -0.552888, -0.662506, 0.505373, 0.088733, -0.730772, 0.094119, -0.6761, 0.104831, 0.0, 0.0, 0.0, 1.0],
                [0.521996, -0.736787, -0.429729, -0.024754, -0.485786, -0.670931, 0.560236, 0.088686, -0.701089, -0.083685, -0.708144, 0.1095, 0.0, 0.0, 0.0, 1.0],
                [0.629131, -0.699626, -0.338701, -0.030592, -0.423034, -0.673743, 0.6059, 0.0862, -0.652097, -0.23791, -0.719837, 0.112208, 0.0, 0.0, 0.0, 1.0],
                [0.723186, -0.634668, -0.272393, -0.036431, -0.361012, -0.683609, 0.634311, 0.083713, -0.588784, -0.36039, -0.723499, 0.114917, 0.0, 0.0, 0.0, 1.0],
                [0.802805, -0.55987, -0.205059, -0.04227, -0.315583, -0.690796, 0.650546, 0.081227, -0.505872, -0.457551, -0.731259, 0.117625, 0.0, 0.0, 0.0, 1.0],
                [0.860404, -0.491555, -0.13445, -0.048108, -0.301242, -0.70339, 0.643816, 0.07874, -0.41104, -0.513442, -0.753276, 0.120333, 0.0, 0.0, 0.0, 1.0],
                [0.897421, -0.436715, -0.062557, -0.053947, -0.303363, -0.713818, 0.631219, 0.076253, -0.320315, -0.547495, -0.773078, 0.123042, 0.0, 0.0, 0.0, 1.0],
                [0.922263, -0.386543, 0.003444, -0.067023, -0.30371, -0.719071, 0.625059, 0.070968, -0.239134, -0.577518, -0.780569, 0.109183, 0.0, 0.0, 0.0, 1.0],
                [0.931725, -0.362297, 0.025004, -0.0801, -0.316006, -0.774907, 0.547414, 0.065683, -0.17895, -0.517943, -0.836488, 0.095325, 0.0, 0.0, 0.0, 1.0],
                [0.942673, -0.331751, 0.036139, -0.093177, -0.304646, -0.811313, 0.498964, 0.060398, -0.136211, -0.481372, -0.865868, 0.081467, 0.0, 0.0, 0.0, 1.0],
                [0.950058, -0.310201, 0.034087, -0.106253, -0.290325, -0.838528, 0.461069, 0.055112, -0.11444, -0.447941, -0.886709, 0.067609, 0.0, 0.0, 0.0, 1.0],
                [0.955037, -0.294965, 0.029928, -0.11933, -0.279415, -0.861729, 0.423503, 0.049827, -0.099129, -0.412825, -0.9054, 0.053751, 0.0, 0.0, 0.0, 1.0],
                [0.96048, -0.276895, 0.028352, -0.12118, -0.265663, -0.88158, 0.390186, 0.049499, -0.083045, -0.3823, -0.920299, 0.033792, 0.0, 0.0, 0.0, 1.0],
                [0.96544, -0.258726, 0.031373, -0.12303, -0.252242, -0.897337, 0.362165, 0.04917, -0.065549, -0.357563, -0.931585, 0.013834, 0.0, 0.0, 0.0, 1.0],
                [0.969747, -0.241622, 0.03472, -0.12488, -0.238873, -0.910054, 0.338743, 0.048841, -0.05025, -0.33679, -0.940238, -0.006125, 0.0, 0.0, 0.0, 1.0],
                [0.973741, -0.224203, 0.039491, -0.12673, -0.224917, -0.920638, 0.319124, 0.048513, -0.035191, -0.319627, -0.946889, -0.026083, 0.0, 0.0, 0.0, 1.0],
                [0.976667, -0.209994, 0.044931, -0.128579, -0.213643, -0.928983, 0.302246, 0.048184, -0.02173, -0.304795, -0.95217, -0.046042, 0.0, 0.0, 0.0, 1.0],
                [0.979085, -0.197278, 0.049701, -0.128579, -0.203203, -0.936483, 0.285855, 0.048184, -0.009849, -0.289977, -0.956983, -0.046041, 0.0, 0.0, 0.0, 1.0],
                [0.980822, -0.187584, 0.052895, -0.128579, -0.194898, -0.943116, 0.269349, 0.048184, -0.00064, -0.274493, -0.961588, -0.046042, 0.0, 0.0, 0.0, 1.0],
                [0.981998, -0.180841, 0.05452, -0.128579, -0.188815, -0.947434, 0.258304, 0.048184, 0.004942, -0.263949, -0.964524, -0.046041, 0.0, 0.0, 0.0, 1.0],
                [0.982543, -0.177675, 0.055123, -0.128579, -0.185899, -0.948812, 0.255343, 0.048184, 0.006934, -0.261133, -0.965278, -0.046041, 0.0, 0.0, 0.0, 1.0],
                [0.982938, -0.17568, 0.054453, -0.128579, -0.183818, -0.948415, 0.25831, 0.048184, 0.006264, -0.263913, -0.964526, -0.046042, 0.0, 0.0, 0.0, 1.0],
                [0.983233, -0.174521, 0.052841, -0.128579, -0.182305, -0.946787, 0.26526, 0.048184, 0.003736, -0.270447, -0.962727, -0.046042, 0.0, 0.0, 0.0, 1.0],
                [0.983432, -0.173834, 0.051383, -0.128579, -0.181265, -0.944736, 0.273169, 0.048184, 0.001058, -0.277958, -0.960592, -0.046042, 0.0, 0.0, 0.0, 1.0],
                [0.983643, -0.173437, 0.048606, -0.128579, -0.180098, -0.942991, 0.279887, 0.048184, -0.002708, -0.284064, -0.958801, -0.046042, 0.0, 0.0, 0.0, 1.0],
                [0.98474, -0.167533, 0.047074, -0.128579, -0.17399, -0.942928, 0.283937, 0.048184, -0.003181, -0.287796, -0.957686, -0.046041, 0.0, 0.0, 0.0, 1.0]
            ]
        },
        {
            "name": "Leg_L",
            "time": [0.0, 0.1, 0.1333, 0.1667, 0.2, 0.2333, 0.2667, 0.3, 0.3333, 0.3667, 0.4, 0.4333, 0.4667, 0.5, 0.5333, 0.5667, 0.6, 0.6333, 0.6667, 0.7, 0.7333, 0.7667, 0.8, 0.8333, 0.8667, 0.9, 0.9333, 0.9667, 1.0, 1.0333, 1.0667, 1.1, 1.1333, 1.1667, 1.2, 1.2333, 1.2667, 1.3, 1.3333, 1.3667, 1.4, 1.4333, 1.4667, 1.5, 1.5333, 1.5667, 1.6, 1.6333, 1.6667, 1.7, 1.7333, 1.7667, 1.8],
            "transform": [
                [0.999998, 0.001907, 0.000418, -0.0, -0.000646, 0.121222, 0.992626, 0.37472, 0.001842, -0.992624, 0.121223, -0.0, 0.0, 0.0, 0.0, 1.0],
                [0.999996, -0.001822, 0.00071, -0.0, 0.000709, 0.676457, 0.736484, 0.37472, -0.001822, -0.73648, 0.676458, 0.0, 0.0, 0.0, 0.0, 1.0],
                [0.999995, -0.001852, 0.000623, 0.0, 0.000621, 0.603475, 0.797383, 0.37472, -0.001853, -0.797381, 0.603475, 0.0, 0.0, 0.0, 0.0, 1.0],
                [0.999996, -0.001865, 0.000583, 0.0, 0.00058, 0.568272, 0.822842, 0.37472, -0.001866, -0.822839, 0.568273, 0.0, 0.0, 0.0, 0.0, 1.0],
                [0.999996, -0.001825, 0.0007, -0.0, 0.000696, 0.667137, 0.744936, 0.37472, -0.001826, -0.744933, 0.667138, 0.0, 0.0, 0.0, 0.0, 1.0],
                [0.999996, -0.001777, 0.000814, 0.0, 0.000812, 0.75655, 0.653936, 0.37472, -0.001777, -0.653933, 0.756552, 0.0, 0.0, 0.0, 0.0, 1.0],
                [0.999996, -0.001758, 0.000854, 0.0, 0.000853, 0.785521, 0.618835, 0.37472, -0.001759, -0.618831, 0.785524, -0.0, 0.0, 0.0, 0.0, 1.0],
                [0.999996, -0.001764, 0.000843, -0.0, 0.000841, 0.777299, 0.629132, 0.37472, -0.001765, -0.629127, 0.777302, 0.0, 0.0, 0.0, 0.0, 1.0],
                [0.999997, -0.001777, 0.000815, -0.0, 0.000813, 0.757031, 0.653379, 0.37472, -0.001778, -0.653375, 0.757033, 0.0, 0.0, 0.0, 0.0, 1.0],
                [0.999996, -0.001779, 0.000811, 0.0, 0.000808, 0.753649, 0.657278, 0.37472, -0.00178, -0.657274, 0.753651, 0.0, 0.0, 0.0, 0.0, 1.0],
                [0.999996, -0.001784, 0.000799, -0.0, 0.000796, 0.744843, 0.667241, 0.37472, -0.001785, -0.667237, 0.744844, 0.0, 0.0, 0.0, 0.0, 1.0],
                [0.999996, -0.001793, 0.000778, 0.0, 0.000777, 0.729822, 0.683638, 0.37472, -0.001794, -0.683634, 0.729824, -0.0, 0.0, 0.0, 0.0, 1.0],
                [0.999996, -0.001804, 0.000754, -0.0, 0.00075, 0.710304, 0.703896, 0.37472, -0.001805, -0.703892, 0.710305, 0.0, 0.0, 0.0, 0.0, 1.0],
                [0.999996, -0.001814, 0.000728, 0.0, 0.000726, 0.690221, 0.723601, 0.37472, -0.001815, -0.723597, 0.690222, 0.0, 0.0, 0.0, 0.0, 1.0],
                [0.999996, -0.001823, 0.000705, -0.0, 0.000703, 0.671983, 0.740568, 0.37472, -0.001824, -0.740564, 0.671984, 0.0, 0.0, 0.0, 0.0, 1.0],
                [0.999996, -0.00183, 0.000685, 0.0, 0.000683, 0.655759, 0.754971, 0.37472, -0.001831, -0.754968, 0.65576, -0.0, 0.0, 0.0, 0.0, 1.0],
                [0.999996, -0.001838, 0.000666, -0.0, 0.000663, 0.639224, 0.769022, 0.37472, -0.001839, -0.769019, 0.639225, 0.0, 0.0, 0.0, 0.0, 1.0],
                [0.999996, -0.001845, 0.000645, 0.0, 0.000644, 0.62239, 0.782708, 0.37472, -0.001846, -0.782705, 0.622391, -0.0, 0.0, 0.0, 0.0, 1.0],
                [0.999997, -0.001854, 0.000619, 0.0, 0.000616, 0.59945, 0.800413, 0.37472, -0.001855, -0.800409, 0.599451, -0.0, 0.0, 0.0, 0.0, 1.0],
                [0.999997, -0.00186, 0.0006, -0.0, 0.000598, 0.583498, 0.812116, 0.37472, -0.001861, -0.812112, 0.583499, -0.0, 0.0, 0.0, 0.0, 1.0],
                [0.999996, -0.001862, 0.000596, 0.0, 0.000592, 0.579116, 0.815246, 0.37472, -0.001863, -0.815243, 0.579117, -0.0, 0.0, 0.0, 0.0, 1.0],
                [0.999996, -0.001864, 0.000589, 0.0, 0.000586, 0.573386, 0.819287, 0.37472, -0.001864, -0.819283, 0.573387, -0.0, 0.0, 0.0, 0.0, 1.0],
                [0.999996, -0.001867, 0.000578, -0.0, 0.000576, 0.564411, 0.825495, 0.37472, -0.001868, -0.825492, 0.564412, -0.0, 0.0, 0.0, 0.0, 1.0],
                [0.999997, -0.001867, 0.00058, 0.0, 0.000577, 0.565055, 0.825054, 0.37472, -0.001868, -0.825051, 0.565056, -0.0, 0.0, 0.0, 0.0, 1.0],
