{
    "animation": [
        {
            "name": "Root",
            "time": [0.0, 0.1667, 0.2667, 0.3, 0.4333, 0.5333, 0.5667, 0.6333, 0.6667, 0.7, 0.7667, 1.0, 1.1667, 1.3333, 1.5, 1.6667, 1.8333, 2.0, 2.1667, 2.3333, 2.8],
            "transform": [
                [1.0, 0.0, 0.0, -5e-06, 0.0, 0.0, -1.0, 0.000946, 0.0, 1.0, 0.0, 0.481442, 0.0, 0.0, 0.0, 1.0],
                [1.0, 0.0, 0.0, -5e-06, 0.0, 0.0, -1.0, -0.155032, 0.0, 1.0, 0.0, 0.38103, 0.0, 0.0, 0.0, 1.0],
                [1.0, 0.0, 0.0, -5e-06, 0.0, 0.0, -1.0, -0.14145, 0.0, 1.0, 0.0, 0.383699, 0.0, 0.0, 0.0, 1.0],
                [1.0, 0.0, 0.0, -5e-06, 0.0, 0.0, -1.0, -0.094926, 0.0, 1.0, 0.0, 0.400892, 0.0, 0.0, 0.0, 1.0],
                [1.0, 0.0, 0.0, -5e-06, 0.0, 0.0, -1.0, 0.236648, 0.0, 1.0, 0.0, 0.460258, 0.0, 0.0, 0.0, 1.0],
                [1.0, 0.0, 0.0, -5e-06, 0.0, 0.0, -1.0, 0.401479, 0.0, 1.0, 0.0, 0.519538, 0.0, 0.0, 0.0, 1.0],
                [1.0, 0.0, 0.0, -5e-06, 0.0, 0.0, -1.0, 0.583649, 0.0, 1.0, 0.0, 0.493322, 0.0, 0.0, 0.0, 1.0],
                [1.0, 0.0, 0.0, -5e-06, 0.0, 0.0, -1.0, 0.857097, 0.0, 1.0, 0.0, 0.293402, 0.0, 0.0, 0.0, 1.0],
                [1.0, 0.0, 0.0, -5e-06, 0.0, 0.0, -1.0, 0.953606, 0.0, 1.0, 0.0, 0.338529, 0.0, 0.0, 0.0, 1.0],
                [1.0, 0.0, 0.0, -5e-06, 0.0, 0.0, -1.0, 0.9984, 0.0, 1.0, 0.0, 0.32238, 0.0, 0.0, 0.0, 1.0],
                [1.0, 0.0, 0.0, -5e-06, 0.0, 0.0, -1.0, 1.014349, 0.0, 1.0, 0.0, 0.315908, 0.0, 0.0, 0.0, 1.0],
                [1.0, 0.0, 0.0, -5e-06, 0.0, 0.0, -1.0, 1.014349, 0.0, 1.0, 0.0, 0.428604, 0.0, 0.0, 0.0, 1.0],
                [1.0, 0.0, 0.0, 0.000729, 0.0, 0.0, -1.0, 1.001378, 0.0, 1.0, 0.0, 0.431966, 0.0, 0.0, 0.0, 1.0],
                [1.0, 0.0, 0.0, 0.000729, 0.0, 0.0, -1.0, 1.001378, 0.0, 1.0, 0.0, 0.473981, 0.0, 0.0, 0.0, 1.0],
                [1.0, 0.0, 0.0, 0.000729, 0.0, 0.0, -1.0, 1.033643, 0.0, 1.0, 0.0, 0.579466, 0.0, 0.0, 0.0, 1.0],
                [1.0, 0.0, 0.0, 0.000729, 0.0, 0.0, -1.0, 1.084941, 0.0, 1.0, 0.0, 0.623266, 0.0, 0.0, 0.0, 1.0],
                [1.0, 0.0, 0.0, 0.000729, 0.0, 0.0, -1.0, 1.180793, 0.0, 1.0, 0.0, 0.645011, 0.0, 0.0, 0.0, 1.0],
                [1.0, 0.0, 0.0, 0.000729, 0.0, 0.0, -1.0, 1.3083, 0.0, 1.0, 0.0, 0.641519, 0.0, 0.0, 0.0, 1.0],
                [1.0, 0.0, 0.0, 0.000729, 0.0, 0.0, -1.0, 1.345359, 0.0, 1.0, 0.0, 0.648047, 0.0, 0.0, 0.0, 1.0],
                [1.0, 0.0, 0.0, 0.000729, 0.0, 0.0, -1.0, 1.345971, 0.0, 1.0, 0.0, 0.661191, 0.0, 0.0, 0.0, 1.0],
                [1.0, 0.0, 0.0, 0.000729, 0.0, 0.0, -1.0, 1.345971, 0.0, 1.0, 0.0, 0.661191, 0.0, 0.0, 0.0, 1.0]
            ]
        },
        {
            "name": "Thigh_R",
            "time": [0.0, 0.0333, 0.0667, 0.1, 0.1333, 0.1667, 0.2, 0.2333, 0.2667, 0.3, 0.3333, 0.3667, 0.4, 0.4333, 0.4667, 0.5, 0.5333, 0.5667, 0.6, 0.6333, 0.6667, 0.7, 0.7333, 0.7667, 0.8, 0.8333, 0.8667, 0.9, 0.9333, 0.9667, 1.0, 1.0333, 1.0667, 1.1, 1.1333, 1.1667, 1.2, 1.2333, 1.2667, 1.3, 1.3333, 1.3667, 1.4, 1.4333, 1.4667, 1.5, 1.5333, 1.5667, 1.6, 1.6333, 1.6667, 1.7, 1.7333, 1.7667, 1.8, 1.8333, 1.8667, 1.9, 1.9333, 1.9667, 2.0, 2.0333, 2.0667, 2.1, 2.1333, 2.1667, 2.2, 2.2333, 2.2667, 2.3, 2.3333, 2.3667, 2.4, 2.4333, 2.4667, 2.5, 2.5333, 2.5667, 2.6, 2.6333, 2.6667, 2.7, 2.7333, 2.7667, 2.8],
            "transform": [
                [0.580804, 0.451993, 0.67703, 0.124994, 0.657371, -0.750963, -0.062586, -0.002831, 0.480136, 0.48141, -0.73329, -1.2e-05, 0.0, 0.0, 0.0, 1.0],
                [0.507217, 0.573643, 0.643167, 0.124994, 0.687281, -0.719512, 0.099732, -0.002831, 0.519978, 0.391451, -0.759203, -1.2e-05, 0.0, 0.0, 0.0, 1.0],
                [0.411807, 0.694039, 0.590529, 0.124994, 0.693891, -0.658885, 0.290493, -0.002831, 0.590705, 0.290135, -0.752921, -1.2e-05, 0.0, 0.0, 0.0, 1.0],
                [0.299529, 0.796941, 0.524564, 0.124994, 0.682696, -0.5631, 0.465666, -0.002831, 0.666491, 0.218637, -0.712733, -1.2e-05, 0.0, 0.0, 0.0, 1.0],
                [0.178948, 0.873204, 0.453312, 0.124994, 0.661751, -0.447778, 0.601316, -0.002831, 0.728055, 0.192375, -0.657973, -1.2e-05, 0.0, 0.0, 0.0, 1.0],
                [0.04561, 0.926586, 0.373306, 0.124994, 0.637002, -0.314838, 0.703637, -0.002831, 0.769512, 0.205704, -0.604597, -1.2e-05, 0.0, 0.0, 0.0, 1.0],
                [-0.093545, 0.950671, 0.295757, 0.124994, 0.599373, -0.183424, 0.779172, -0.002831, 0.794986, 0.250156, -0.552648, -1.2e-05, 0.0, 0.0, 0.0, 1.0],
                [-0.216811, 0.942303, 0.255064, 0.124994, 0.556797, -0.095247, 0.82517, -0.002831, 0.801855, 0.320925, -0.504021, -1.2e-05, 0.0, 0.0, 0.0, 1.0],
                [-0.347477, 0.892304, 0.288188, 0.124994, 0.490551, -0.088943, 0.866862, -0.002831, 0.799137, 0.442585, -0.406815, -1.2e-05, 0.0, 0.0, 0.0, 1.0],
                [-0.432896, 0.816752, 0.381467, 0.124994, 0.479208, -0.149918, 0.864803, -0.002831, 0.763519, 0.557171, -0.326496, -1.2e-05, 0.0, 0.0, 0.0, 1.0],
                [-0.465131, 0.744273, 0.47928, 0.124994, 0.523399, -0.205426, 0.826955, -0.002831, 0.713939, 0.635496, -0.294003, -1.2e-05, 0.0, 0.0, 0.0, 1.0],
                [-0.507625, 0.651518, 0.563774, 0.124994, 0.552021, -0.256455, 0.793412, -0.002831, 0.661506, 0.713971, -0.229469, -1.2e-05, 0.0, 0.0, 0.0, 1.0],
                [-0.509001, 0.559508, 0.654117, 0.124994, 0.576354, -0.342889, 0.741784, -0.002831, 0.639325, 0.75457, -0.147944, -1.2e-05, 0.0, 0.0, 0.0, 1.0],
                [-0.420759, 0.493539, 0.761171, 0.124994, 0.612894, -0.46395, 0.639618, -0.002831, 0.668823, 0.73564, -0.107276, -1.2e-05, 0.0, 0.0, 0.0, 1.0],
                [-0.058409, 0.474367, 0.878387, 0.124994, 0.636795, -0.659927, 0.398734, -0.002831, 0.768818, 0.582642, -0.263529, -1.2e-05, 0.0, 0.0, 0.0, 1.0],
                [0.36103, 0.451202, 0.816134, 0.124994, 0.482855, -0.839157, 0.250333, -0.002831, 0.797815, 0.303697, -0.520826, -1.2e-05, 0.0, 0.0, 0.0, 1.0],
                [0.605879, 0.464996, 0.645514, 0.124994, 0.282873, -0.884292, 0.371497, -0.002831, 0.743568, -0.042483, -0.667309, -1.2e-05, 0.0, 0.0, 0.0, 1.0],
                [0.968553, 0.213766, 0.127316, 0.124994, 0.090173, -0.778502, 0.621131, -0.002831, 0.231892, -0.590118, -0.773296, -1.2e-05, 0.0, 0.0, 0.0, 1.0],
                [0.976029, -0.090352, -0.198001, 0.124994, 0.149069, -0.385334, 0.910657, -0.002831, -0.158576, -0.918343, -0.362629, -1.2e-05, 0.0, 0.0, 0.0, 1.0],
                [0.94129, -0.11417, -0.317705, 0.124994, 0.307242, -0.100293, 0.946332, -0.002831, -0.139906, -0.988387, -0.059327, -1.2e-05, 0.0, 0.0, 0.0, 1.0],
                [0.963517, -0.065644, -0.259473, 0.124994, 0.232838, -0.272514, 0.933554, -0.002831, -0.131993, -0.95991, -0.247288, -1.2e-05, 0.0, 0.0, 0.0, 1.0],
                [0.946705, -0.192682, -0.258113, 0.124994, 0.196319, -0.290126, 0.936635, -0.002831, -0.255358, -0.93739, -0.236837, -1.2e-05, 0.0, 0.0, 0.0, 1.0],
                [0.948645, -0.206117, -0.239978, 0.124994, 0.166616, -0.319303, 0.93289, -0.002831, -0.26891, -0.924966, -0.268564, -1.2e-05, 0.0, 0.0, 0.0, 1.0],
                [0.954521, -0.201207, -0.220011, 0.124994, 0.139238, -0.351682, 0.925706, -0.002831, -0.263633, -0.91424, -0.307673, -1.2e-05, 0.0, 0.0, 0.0, 1.0],
                [0.959232, -0.191989, -0.2074, 0.124994, 0.120769, -0.38502, 0.914972, -0.002831, -0.255518, -0.902718, -0.346137, -1.2e-05, 0.0, 0.0, 0.0, 1.0],
                [0.959046, -0.192318, -0.207955, 0.124994, 0.110883, -0.420676, 0.900409, -0.002831, -0.260646, -0.886591, -0.382124, -1.2e-05, 0.0, 0.0, 0.0, 1.0],
                [0.95153, -0.205869, -0.228494, 0.124994, 0.109861, -0.466405, 0.877723, -0.002831, -0.287267, -0.860281, -0.421182, -1.2e-05, 0.0, 0.0, 0.0, 1.0],
                [0.939989, -0.218555, -0.262019, 0.124994, 0.116729, -0.515605, 0.848837, -0.002831, -0.320617, -0.828483, -0.459152, -1.2e-05, 0.0, 0.0, 0.0, 1.0],
                [0.931548, -0.224667, -0.285909, 0.124994, 0.122873, -0.545539, 0.829029, -0.002831, -0.342231, -0.807409, -0.48059, -1.2e-05, 0.0, 0.0, 0.0, 1.0],
                [0.926735, -0.230115, -0.297, 0.124994, 0.126497, -0.553241, 0.82336, -0.002831, -0.35378, -0.800607, -0.483599, -1.2e-05, 0.0, 0.0, 0.0, 1.0],
                [0.924083, -0.23192, -0.303786, 0.124994, 0.130824, -0.554892, 0.821571, -0.002831, -0.359108, -0.798941, -0.482426, -1.2e-05, 0.0, 0.0, 0.0, 1.0],
                [0.925405, -0.227673, -0.302972, 0.124994, 0.134283, -0.55059, 0.823904, -0.002831, -0.354394, -0.803128, -0.478947, -1.2e-05, 0.0, 0.0, 0.0, 1.0],
                [0.928488, -0.219887, -0.299268, 0.124994, 0.138063, -0.543713, 0.827837, -0.002831, -0.344747, -0.809953, -0.474472, -1.2e-05, 0.0, 0.0, 0.0, 1.0],
                [0.933603, -0.209465, -0.290707, 0.124994, 0.139415, -0.53504, 0.833244, -0.002831, -0.330076, -0.818447, -0.470313, -1.2e-05, 0.0, 0.0, 0.0, 1.0],
                [0.939991, -0.195459, -0.279667, 0.124994, 0.139815, -0.527026, 0.838269, -0.002831, -0.31124, -0.827066, -0.468071, -1.2e-05, 0.0, 0.0, 0.0, 1.0],
                [0.946915, -0.180789, -0.265834, 0.124994, 0.13712, -0.520785, 0.842604, -0.002831, -0.290776, -0.834324, -0.46835, -1.2e-05, 0.0, 0.0, 0.0, 1.0],
                [0.953986, -0.164961, -0.250399, 0.124994, 0.133514, -0.514038, 0.847312, -0.002831, -0.268489, -0.841754, -0.468361, -1.2e-05, 0.0, 0.0, 0.0, 1.0],
                [0.960385, -0.148932, -0.235545, 0.124994, 0.130174, -0.507597, 0.851704, -0.002831, -0.246409, -0.848624, -0.468102, -1.2e-05, 0.0, 0.0, 0.0, 1.0],
                [0.966349, -0.133874, -0.219655, 0.124994, 0.123092, -0.50914, 0.851835, -0.002831, -0.225874, -0.850207, -0.475529, -1.2e-05, 0.0, 0.0, 0.0, 1.0],
                [0.971701, -0.118802, -0.204167, 0.124994, 0.113452, -0.523389, 0.844507, -0.002831, -0.207189, -0.843771, -0.4951, -1.2e-05, 0.0, 0.0, 0.0, 1.0],
                [0.97751, -0.100726, -0.185282, 0.124994, 0.10012, -0.551597, 0.82808, -0.002831, -0.18561, -0.828006, -0.529107, -1.2e-05, 0.0, 0.0, 0.0, 1.0],
                [0.984408, -0.078653, -0.157337, 0.124994, 0.082091, -0.585663, 0.806387, -0.002831, -0.155571, -0.806729, -0.570075, -1.2e-05, 0.0, 0.0, 0.0, 1.0],
                [0.990943, -0.052813, -0.12346, 0.124994, 0.063553, -0.625466, 0.777658, -0.002831, -0.11829, -0.778461, -0.616445, -1.2e-05, 0.0, 0.0, 0.0, 1.0],
                [0.995905, -0.027797, -0.086026, 0.124994, 0.045617, -0.667034, 0.743629, -0.002831, -0.078053, -0.744508, -0.663035, -1.2e-05, 0.0, 0.0, 0.0, 1.0],
                [0.999036, -0.008769, -0.043023, 0.124994, 0.024093, -0.709697, 0.704094, -0.002831, -0.036708, -0.704451, -0.708802, -1.2e-05, 0.0, 0.0, 0.0, 1.0],
                [0.999928, 0.010045, -0.006738, 0.124994, 0.011987, -0.748326, 0.663223, -0.002831, 0.001619, -0.663254, -0.748392, -1.2e-05, 0.0, 0.0, 0.0, 1.0],
                [0.999439, 0.023889, 0.023487, 0.124994, 0.004048, -0.782058, 0.623193, -0.002831, 0.033255, -0.622748, -0.781716, -1.2e-05, 0.0, 0.0, 0.0, 1.0],
                [0.998461, 0.032926, 0.044639, 0.124994, 0.000299, -0.807943, 0.58926, -0.002831, 0.055468, -0.588339, -0.806709, -1.2e-05, 0.0, 0.0, 0.0, 1.0],
                [0.997701, 0.038646, 0.055673, 0.124994, 0.000675, -0.827099, 0.562056, -0.002831, 0.067769, -0.560726, -0.825224, -1.2e-05, 0.0, 0.0, 0.0, 1.0],
                [0.997151, 0.043589, 0.061564, 0.124994, 0.003511, -0.842073, 0.539352, -0.002831, 0.075351, -0.537599, -0.839827, -1.2e-05, 0.0, 0.0, 0.0, 1.0],
                [0.996905, 0.047943, 0.062297, 0.124994, 0.008492, -0.853531, 0.520972, -0.002831, 0.07815, -0.51883, -0.851297, -1.2e-05, 0.0, 0.0, 0.0, 1.0],
                [0.996783, 0.051815, 0.061149, 0.124994, 0.013885, -0.863031, 0.504959, -0.002831, 0.078938, -0.502486, -0.860974, -1.2e-05, 0.0, 0.0, 0.0, 1.0],
                [0.996517, 0.057339, 0.060551, 0.124994, 0.020263, -0.870829, 0.491168, -0.002831, 0.080893, -0.48823, -0.868958, -1.2e-05, 0.0, 0.0, 0.0, 1.0],
                [0.996087, 0.065006, 0.059856, 0.124994, 0.028574, -0.877923, 0.477949, -0.002831, 0.083619, -0.474369, -0.876346, -1.2e-05, 0.0, 0.0, 0.0, 1.0],
                [0.995169, 0.07455, 0.063874, 0.124994, 0.036645, -0.885701, 0.462808, -0.002831, 0.091076, -0.458232, -0.884154, -1.2e-05, 0.0, 0.0, 0.0, 1.0],
                [0.993124, 0.088119, 0.077071, 0.124994, 0.044666, -0.893756, 0.446324, -0.002831, 0.108213, -0.439813, -0.891546, -1.2e-05, 0.0, 0.0, 0.0, 1.0],
                [0.990295, 0.102655, 0.093693, 0.124994, 0.053203, -0.902775, 0.42681, -0.002831, 0.128398, -0.417683, -0.899475, -1.2e-05, 0.0, 0.0, 0.0, 1.0],
                [0.983365, 0.135267, 0.121226, 0.124994, 0.076588, -0.913949, 0.398537, -0.002831, 0.164704, -0.382623, -0.909105, -1.2e-05, 0.0, 0.0, 0.0, 1.0],
                [0.96979, 0.185251, 0.158712, 0.124994, 0.114968, -0.920918, 0.372415, -0.002831, 0.215151, -0.342917, -0.914395, -1.2e-05, 0.0, 0.0, 0.0, 1.0],
                [0.949873, 0.236724, 0.204213, 0.124994, 0.153968, -0.922701, 0.353436, -0.002831, 0.272094, -0.304277, -0.912896, -1.2e-05, 0.0, 0.0, 0.0, 1.0],
                [0.924017, 0.285775, 0.254018, 0.124994, 0.192054, -0.921365, 0.337938, -0.002831, 0.330617, -0.263475, -0.906241, -1.2e-05, 0.0, 0.0, 0.0, 1.0],
                [0.896305, 0.325232, 0.301431, 0.124994, 0.225052, -0.919341, 0.322743, -0.002831, 0.382085, -0.221438, -0.897205, -1.2e-05, 0.0, 0.0, 0.0, 1.0],
                [0.87592, 0.346119, 0.336105, 0.124994, 0.247543, -0.920381, 0.302686, -0.002831, 0.41411, -0.181928, -0.89186, -1.2e-05, 0.0, 0.0, 0.0, 1.0],
                [0.860867, 0.347912, 0.371304, 0.124994, 0.262747, -0.928849, 0.261156, -0.002831, 0.435745, -0.127261, -0.891028, -1.2e-05, 0.0, 0.0, 0.0, 1.0],
                [0.849398, 0.338666, 0.404757, 0.124994, 0.274303, -0.938515, 0.209635, -0.002831, 0.450867, -0.067037, -0.89007, -1.2e-05, 0.0, 0.0, 0.0, 1.0],
                [0.842312, 0.321378, 0.432698, 0.124994, 0.278279, -0.946822, 0.161522, -0.002831, 0.461598, -0.015641, -0.886952, -1.2e-05, 0.0, 0.0, 0.0, 1.0],
                [0.837658, 0.305029, 0.453086, 0.124994, 0.280833, -0.952007, 0.121718, -0.002831, 0.468469, 0.025284, -0.883118, -1.2e-05, 0.0, 0.0, 0.0, 1.0],
                [0.837184, 0.29666, 0.459474, 0.124994, 0.2738, -0.954587, 0.117455, -0.002831, 0.473452, 0.027473, -0.880391, -1.2e-05, 0.0, 0.0, 0.0, 1.0],
                [0.837623, 0.291203, 0.462157, 0.124994, 0.268403, -0.956284, 0.116095, -0.002831, 0.475761, 0.026801, -0.879166, -1.2e-05, 0.0, 0.0, 0.0, 1.0],
                [0.838038, 0.285721, 0.464818, 0.124994, 0.26302, -0.957955, 0.114641, -0.002831, 0.47803, 0.026183, -0.877953, -1.2e-05, 0.0, 0.0, 0.0, 1.0],
                [0.838876, 0.282773, 0.465109, 0.124994, 0.258924, -0.958907, 0.115993, -0.002831, 0.478796, 0.023124, -0.877622, -1.2e-05, 0.0, 0.0, 0.0, 1.0],
                [0.839722, 0.27977, 0.4654, 0.124994, 0.254785, -0.959856, 0.1173, -0.002831, 0.479534, 0.020078, -0.877294, -1.2e-05, 0.0, 0.0, 0.0, 1.0],
                [0.841181, 0.278291, 0.463647, 0.124994, 0.251732, -0.960363, 0.119721, -0.002831, 0.478587, 0.016009, -0.877894, -1.2e-05, 0.0, 0.0, 0.0, 1.0],
                [0.840888, 0.275129, 0.466061, 0.124994, 0.246683, -0.961331, 0.122429, -0.002831, 0.481723, 0.012021, -0.876241, -1.2e-05, 0.0, 0.0, 0.0, 1.0],
                [0.841641, 0.272672, 0.466144, 0.124994, 0.242914, -0.962067, 0.124172, -0.002831, 0.48232, 0.008725, -0.875951, -1.2e-05, 0.0, 0.0, 0.0, 1.0],
                [0.839112, 0.27304, 0.470467, 0.124994, 0.241279, -0.961983, 0.127958, -0.002831, 0.487519, 0.006143, -0.873091, -1.2e-05, 0.0, 0.0, 0.0, 1.0],
                [0.838072, 0.272366, 0.472708, 0.124994, 0.239743, -0.96218, 0.129349, -0.002831, 0.490061, 0.004925, -0.871674, -1.2e-05, 0.0, 0.0, 0.0, 1.0],
                [0.839024, 0.271881, 0.471296, 0.124994, 0.239282, -0.96232, 0.129162, -0.002831, 0.488655, 0.004403, -0.872466, -1.2e-05, 0.0, 0.0, 0.0, 1.0],
                [0.839974, 0.271402, 0.469877, 0.124994, 0.23883, -0.962458, 0.128974, -0.002831, 0.487241, 0.003887, -0.873259, -1.2e-05, 0.0, 0.0, 0.0, 1.0],
                [0.843202, 0.270745, 0.464444, 0.124994, 0.238096, -0.962648, 0.128908, -0.002831, 0.481998, 0.001887, -0.87617, -1.2e-05, 0.0, 0.0, 0.0, 1.0],
                [0.846389, 0.270106, 0.458986, 0.124994, 0.237395, -0.96283, 0.128846, -0.002831, 0.476728, -9.2e-05, -0.879051, -1.2e-05, 0.0, 0.0, 0.0, 1.0],
                [0.850171, 0.269826, 0.452109, 0.124994, 0.236574, -0.962903, 0.129811, -0.002831, 0.470363, -0.003404, -0.882467, -1.2e-05, 0.0, 0.0, 0.0, 1.0],
                [0.853717, 0.268769, 0.446017, 0.124994, 0.2357, -0.963191, 0.129267, -0.002831, 0.464342, -0.005231, -0.885641, -1.2e-05, 0.0, 0.0, 0.0, 1.0],
                [0.857214, 0.267725, 0.439895, 0.124994, 0.234851, -0.963469, 0.12873, -0.002831, 0.45829, -0.007038, -0.888775, -1.2e-05, 0.0, 0.0, 0.0, 1.0],
                [0.860663, 0.266696, 0.433743, 0.124994, 0.23403, -0.96374, 0.128198, -0.002831, 0.452206, -0.008826, -0.89187, -1.2e-05, 0.0, 0.0, 0.0, 1.0]
            ]
        },
        {
            "name": "Leg_R",
            "time": [0.0, 0.0333, 0.0667, 0.1, 0.1333, 0.1667, 0.2, 0.2333, 0.2667, 0.3, 0.3333, 0.3667, 0.4, 0.4333, 0.4667, 0.5, 0.5333, 0.5667, 0.6, 0.6333, 0.6667, 0.7, 0.7333, 0.7667, 0.8, 0.8333, 0.8667, 0.9, 0.9333, 0.9667, 1.0, 1.0333, 1.0667, 1.1, 1.1333, 1.1667, 1.2, 1.2333, 1.2667, 1.3, 1.3333, 1.3667, 1.4, 1.4333, 1.4667, 1.5, 1.5333, 1.5667, 1.6, 1.6333, 1.6667, 1.7, 1.7333, 1.7667, 1.8, 1.8333, 1.8667, 1.9, 1.9333, 1.9667, 2.0, 2.0333, 2.0667, 2.1, 2.1333, 2.1667, 2.2, 2.2333, 2.2667, 2.3, 2.3333, 2.3667, 2.4, 2.4333, 2.4667, 2.5, 2.5333, 2.5667, 2.6, 2.6333, 2.6667, 2.7, 2.7333, 2.7667, 2.8],
            "transform": [
                [0.999999, 0.001821, -0.000704, 0.0, -0.000703, 0.67219, 0.740379, 0.37472, 0.001821, -0.740376, 0.67219, 0.0, 0.0, 0.0, 0.0, 1.0],
                [0.999999, 0.001894, -0.000479, 0.0, -0.00048, 0.475841, 0.879532, 0.37472, 0.001894, -0.879528, 0.475842, -0.0, 0.0, 0.0, 0.0, 1.0],
                [0.999998, 0.00194, -0.000222, -0.0, -0.000223, 0.226766, 0.97395, 0.37472, 0.00194, -0.973946, 0.226767, -0.0, 0.0, 0.0, 0.0, 1.0],
                [0.999998, 0.001952, -1.3e-05, 0.0, -1.3e-05, 0.013628, 0.999908, 0.37472, 0.001952, -0.999904, 0.013628, 0.0, 0.0, 0.0, 0.0, 1.0],
                [0.999998, 0.001949, 0.000128, -0.0, 0.000129, -0.131195, 0.991357, 0.37472, 0.001949, -0.991354, -0.131195, 0.0, 0.0, 0.0, 0.0, 1.0],
                [0.999998, 0.00194, 0.00023, 0.0, 0.00023, -0.233624, 0.972327, 0.37472, 0.00194, -0.972324, -0.233624, -0.0, 0.0, 0.0, 0.0, 1.0],
                [0.999999, 0.00193, 0.000296, 0.0, 0.000296, -0.299706, 0.954032, 0.37472, 0.00193, -0.954028, -0.299707, -0.0, 0.0, 0.0, 0.0, 1.0],
                [0.999998, 0.001927, 0.000314, 0.0, 0.000314, -0.317578, 0.948232, 0.37472, 0.001927, -0.94823, -0.317578, -0.0, 0.0, 0.0, 0.0, 1.0],
                [0.999998, 0.001934, 0.000274, 0.0, 0.000275, -0.278287, 0.960498, 0.37472, 0.001934, -0.960496, -0.278287, 0.0, 0.0, 0.0, 0.0, 1.0],
                [0.999999, 0.001948, 0.000131, 0.0, 0.000131, -0.133925, 0.990992, 0.37472, 0.001948, -0.990989, -0.133925, 0.0, 0.0, 0.0, 0.0, 1.0],
                [0.999999, 0.00195, -8.8e-05, -0.0, -8.9e-05, 0.090662, 0.995883, 0.37472, 0.00195, -0.995878, 0.090662, 0.0, 0.0, 0.0, 0.0, 1.0],
                [0.999998, 0.001922, -0.000345, 0.0, -0.000347, 0.348692, 0.937238, 0.37472, 0.001922, -0.937235, 0.348693, 0.0, 0.0, 0.0, 0.0, 1.0],
                [0.999999, 0.001856, -0.000605, 0.0, -0.000606, 0.589821, 0.807534, 0.37472, 0.001856, -0.80753, 0.589823, 0.0, 0.0, 0.0, 0.0, 1.0],
                [0.999998, 0.001787, -0.000787, -0.0, -0.000789, 0.738385, 0.674379, 0.37472, 0.001786, -0.674376, 0.738386, -0.0, 0.0, 0.0, 0.0, 1.0],
                [0.999999, 0.00178, -0.000804, 0.0, -0.000806, 0.750729, 0.660609, 0.37472, 0.001779, -0.660606, 0.75073, 0.0, 0.0, 0.0, 0.0, 1.0],
                [0.999998, 0.00182, -0.000709, -0.0, -0.000709, 0.67665, 0.736304, 0.37472, 0.00182, -0.736302, 0.676651, 0.0, 0.0, 0.0, 0.0, 1.0],
                [0.999998, 0.0019, -0.000451, 0.0, -0.000452, 0.450067, 0.892995, 0.37472, 0.001899, -0.892992, 0.450068, -0.0, 0.0, 0.0, 0.0, 1.0],
                [0.999998, 0.001951, 8e-05, -0.0, 7.9e-05, -0.081322, 0.996688, 0.37472, 0.001951, -0.996686, -0.081322, -0.0, 0.0, 0.0, 0.0, 1.0],
                [0.999998, 0.001913, 0.00039, -0.0, 0.00039, -0.391339, 0.920247, 0.37472, 0.001913, -0.920244, -0.391339, -0.0, 0.0, 0.0, 0.0, 1.0],
                [0.999997, 0.001934, 0.000273, -0.0, 0.000273, -0.276626, 0.960977, 0.37472, 0.001934, -0.960977, -0.276626, -0.0, 0.0, 0.0, 0.0, 1.0],
                [0.999998, 0.001934, 0.000267, 0.0, 0.000267, -0.270798, 0.962637, 0.37472, 0.001934, -0.962634, -0.270798, -0.0, 0.0, 0.0, 0.0, 1.0],
                [0.999999, 0.001907, 0.000417, -0.0, 0.000417, -0.417726, 0.908573, 0.37472, 0.001907, -0.90857, -0.417726, 0.0, 0.0, 0.0, 0.0, 1.0],
                [0.999998, 0.001905, 0.000427, 0.0, 0.000428, -0.427377, 0.904073, 0.37472, 0.001905, -0.904071, -0.427378, 0.0, 0.0, 0.0, 0.0, 1.0],
                [0.999998, 0.001907, 0.00042, 0.0, 0.000421, -0.420705, 0.907197, 0.37472, 0.001907, -0.907196, -0.420704, 0.0, 0.0, 0.0, 0.0, 1.0],
                [0.999998, 0.001911, 0.000401, 0.0, 0.000401, -0.401964, 0.915656, 0.37472, 0.001911, -0.915653, -0.401964, -0.0, 0.0, 0.0, 0.0, 1.0],
                [0.999999, 0.001917, 0.000371, 0.0, 0.000372, -0.373681, 0.927557, 0.37472, 0.001917, -0.927554, -0.373681, 0.0, 0.0, 0.0, 0.0, 1.0],
                [0.999998, 0.001928, 0.00031, -0.0, 0.000311, -0.314347, 0.949308, 0.37472, 0.001928, -0.949306, -0.314347, -0.0, 0.0, 0.0, 0.0, 1.0],
                [0.999998, 0.001939, 0.000227, -0.0, 0.000229, -0.231913, 0.972737, 0.37472, 0.001939, -0.972735, -0.231913, -0.0, 0.0, 0.0, 0.0, 1.0],
                [0.999999, 0.001945, 0.000171, -0.0, 0.000171, -0.174359, 0.984683, 0.37472, 0.001945, -0.984679, -0.174359, 0.0, 0.0, 0.0, 0.0, 1.0],
                [0.999998, 0.001947, 0.000151, 0.0, 0.000151, -0.153813, 0.9881, 0.37472, 0.001947, -0.988099, -0.153813, -0.0, 0.0, 0.0, 0.0, 1.0],
                [0.999999, 0.001947, 0.000139, 0.0, 0.000139, -0.142089, 0.989855, 0.37472, 0.001947, -0.98985, -0.14209, -0.0, 0.0, 0.0, 0.0, 1.0],
                [0.999998, 0.001948, 0.000134, -0.0, 0.000134, -0.136651, 0.99062, 0.37472, 0.001948, -0.990617, -0.136651, 0.0, 0.0, 0.0, 0.0, 1.0],
                [0.999999, 0.001948, 0.000133, -0.0, 0.000131, -0.134833, 0.990869, 0.37472, 0.001948, -0.990865, -0.134833, -0.0, 0.0, 0.0, 0.0, 1.0],
                [0.999998, 0.001948, 0.00013, -0.0, 0.00013, -0.133014, 0.991115, 0.37472, 0.001948, -0.991112, -0.133014, 0.0, 0.0, 0.0, 0.0, 1.0],
                [0.999998, 0.001948, 0.000129, -0.0, 0.000128, -0.131195, 0.991357, 0.37472, 0.001948, -0.991355, -0.131195, -0.0, 0.0, 0.0, 0.0, 1.0],
                [0.999998, 0.001949, 0.000122, -0.0, 0.000121, -0.124484, 0.992222, 0.37472, 0.001949, -0.992219, -0.124484, 0.0, 0.0, 0.0, 0.0, 1.0],
                [0.999998, 0.001949, 0.000115, -0.0, 0.000115, -0.117767, 0.993042, 0.37472, 0.001949, -0.993038, -0.117767, 0.0, 0.0, 0.0, 0.0, 1.0],
                [0.999998, 0.00195, 0.000109, 0.0, 0.000108, -0.111044, 0.993816, 0.37472, 0.00195, -0.993813, -0.111044, 0.0, 0.0, 0.0, 0.0, 1.0],
                [0.999998, 0.00195, 9.3e-05, 0.0, 9.3e-05, -0.095315, 0.995448, 0.37472, 0.00195, -0.995445, -0.095315, 0.0, 0.0, 0.0, 0.0, 1.0],
                [0.999998, 0.001952, 5.6e-05, 0.0, 5.5e-05, -0.056812, 0.998385, 0.37472, 0.001952, -0.998382, -0.056813, 0.0, 0.0, 0.0, 0.0, 1.0],
                [0.999998, 0.001953, -4e-06, -0.0, -5e-06, 0.004875, 0.999989, 0.37472, 0.001953, -0.999986, 0.004875, 0.0, 0.0, 0.0, 0.0, 1.0],
                [0.999998, 0.001951, -8.4e-05, 0.0, -8.4e-05, 0.085997, 0.996296, 0.37472, 0.001951, -0.996293, 0.085997, 0.0, 0.0, 0.0, 0.0, 1.0],
                [0.999998, 0.001944, -0.000175, -0.0, -0.000175, 0.178791, 0.983887, 0.37472, 0.001944, -0.983885, 0.178791, 0.0, 0.0, 0.0, 0.0, 1.0],
                [0.999998, 0.001933, -0.000274, -0.0, -0.000274, 0.278067, 0.960562, 0.37472, 0.001933, -0.960559, 0.278067, -0.0, 0.0, 0.0, 0.0, 1.0],
                [0.999999, 0.001917, -0.000372, -0.0, -0.000374, 0.375225, 0.926934, 0.37472, 0.001916, -0.92693, 0.375226, 0.0, 0.0, 0.0, 0.0, 1.0],
                [0.999998, 0.001896, -0.000467, 0.0, -0.000467, 0.464462, 0.885593, 0.37472, 0.001896, -0.88559, 0.464463, 0.0, 0.0, 0.0, 0.0, 1.0],
                [0.999998, 0.001874, -0.000547, -0.0, -0.000548, 0.538236, 0.842794, 0.37472, 0.001874, -0.842793, 0.538236, 0.0, 0.0, 0.0, 0.0, 1.0],
                [0.999998, 0.001857, -0.000603, -0.0, -0.000604, 0.587943, 0.808902, 0.37472, 0.001857, -0.8089, 0.587943, 0.0, 0.0, 0.0, 0.0, 1.0],
                [0.999997, 0.001847, -0.000636, 0.0, -0.000638, 0.616289, 0.787521, 0.37472, 0.001846, -0.787519, 0.616289, 0.0, 0.0, 0.0, 0.0, 1.0],
                [0.999998, 0.00184, -0.000654, -0.0, -0.000656, 0.631863, 0.77508, 0.37472, 0.00184, -0.775078, 0.631863, 0.0, 0.0, 0.0, 0.0, 1.0],
                [0.999997, 0.001838, -0.000661, -0.0, -0.000663, 0.637767, 0.770229, 0.37472, 0.001837, -0.770227, 0.637767, -0.0, 0.0, 0.0, 0.0, 1.0],
                [0.999998, 0.001838, -0.000659, 0.0, -0.00066, 0.636001, 0.771688, 0.37472, 0.001838, -0.771686, 0.636001, -0.0, 0.0, 0.0, 0.0, 1.0],
                [0.999998, 0.001841, -0.000651, 0.0, -0.000653, 0.629275, 0.777183, 0.37472, 0.00184, -0.77718, 0.629276, 0.0, 0.0, 0.0, 0.0, 1.0],
                [0.999997, 0.001844, -0.000643, -0.0, -0.000645, 0.622503, 0.782617, 0.37472, 0.001843, -0.782616, 0.622502, -0.0, 0.0, 0.0, 0.0, 1.0],
                [0.999998, 0.001846, -0.000635, 0.0, -0.000637, 0.615683, 0.787994, 0.37472, 0.001846, -0.787992, 0.615683, 0.0, 0.0, 0.0, 0.0, 1.0],
                [0.999998, 0.001848, -0.000631, -0.0, -0.000632, 0.61204, 0.790827, 0.37472, 0.001847, -0.790825, 0.61204, 0.0, 0.0, 0.0, 0.0, 1.0],
                [0.999997, 0.001847, -0.000635, 0.0, -0.000637, 0.615526, 0.788117, 0.37472, 0.001846, -0.788114, 0.615526, -0.0, 0.0, 0.0, 0.0, 1.0],
                [0.999999, 0.001846, -0.000639, -0.0, -0.000641, 0.618999, 0.785391, 0.37472, 0.001845, -0.785388, 0.619, 0.0, 0.0, 0.0, 0.0, 1.0],
                [0.999998, 0.001844, -0.000643, -0.0, -0.000644, 0.622462, 0.78265, 0.37472, 0.001843, -0.782649, 0.622462, -0.0, 0.0, 0.0, 0.0, 1.0],
                [0.999998, 0.001842, -0.000647, -0.0, -0.000648, 0.625911, 0.779894, 0.37472, 0.001842, -0.779892, 0.625912, -0.0, 0.0, 0.0, 0.0, 1.0],
                [0.999998, 0.001839, -0.000658, 0.0, -0.000659, 0.634822, 0.772658, 0.37472, 0.001838, -0.772657, 0.634821, -0.0, 0.0, 0.0, 0.0, 1.0],
                [0.999998, 0.001831, -0.00068, -0.0, -0.000682, 0.65347, 0.756952, 0.37472, 0.00183, -0.75695, 0.65347, 0.0, 0.0, 0.0, 0.0, 1.0],
                [0.999998, 0.001816, -0.000717, 0.0, -0.000719, 0.683832, 0.729639, 0.37472, 0.001816, -0.729636, 0.683833, 0.0, 0.0, 0.0, 0.0, 1.0],
                [0.999998, 0.001783, -0.000796, 0.0, -0.000798, 0.745335, 0.66669, 0.37472, 0.001782, -0.666687, 0.745335, 0.0, 0.0, 0.0, 0.0, 1.0],
                [0.999998, 0.001733, -0.000901, 0.0, -0.000902, 0.818948, 0.573867, 0.37472, 0.001732, -0.573865, 0.818948, 0.0, 0.0, 0.0, 0.0, 1.0],
                [0.999998, 0.001677, -0.001001, -0.0, -0.001002, 0.880372, 0.474283, 0.37472, 0.001677, -0.474281, 0.880372, -0.0, 0.0, 0.0, 0.0, 1.0],
                [0.999998, 0.00163, -0.001075, 0.0, -0.001077, 0.919716, 0.392582, 0.37472, 0.001629, -0.39258, 0.919717, -0.0, 0.0, 0.0, 0.0, 1.0],
                [0.999998, 0.001627, -0.00108, -0.0, -0.001082, 0.921915, 0.387388, 0.37472, 0.001626, -0.387386, 0.921916, 0.0, 0.0, 0.0, 0.0, 1.0],
                [0.999999, 0.001628, -0.00108, -0.0, -0.001081, 0.921642, 0.388038, 0.37472, 0.001627, -0.388036, 0.921643, -0.0, 0.0, 0.0, 0.0, 1.0],
                [0.999998, 0.001628, -0.001079, -0.0, -0.001081, 0.921369, 0.388688, 0.37472, 0.001627, -0.388686, 0.921369, 0.0, 0.0, 0.0, 0.0, 1.0],
                [0.999998, 0.001631, -0.001074, 0.0, -0.001076, 0.918992, 0.394275, 0.37472, 0.00163, -0.394273, 0.918992, -0.0, 0.0, 0.0, 0.0, 1.0],
                [0.999998, 0.001635, -0.001069, 0.0, -0.001071, 0.916566, 0.399882, 0.37472, 0.001633, -0.39988, 0.916566, 0.0, 0.0, 0.0, 0.0, 1.0],
                [0.999997, 0.001638, -0.001064, 0.0, -0.001066, 0.914138, 0.405403, 0.37472, 0.001637, -0.405402, 0.914137, 0.0, 0.0, 0.0, 0.0, 1.0],
                [0.999999, 0.001641, -0.001059, 0.0, -0.001061, 0.911657, 0.410948, 0.37472, 0.00164, -0.410946, 0.911658, 0.0, 0.0, 0.0, 0.0, 1.0],
                [0.999998, 0.001644, -0.001054, 0.0, -0.001056, 0.909147, 0.416475, 0.37472, 0.001643, -0.416473, 0.909147, -0.0, 0.0, 0.0, 0.0, 1.0],
                [0.999998, 0.001644, -0.001054, -0.0, -0.001055, 0.908853, 0.417117, 0.37472, 0.001643, -0.417115, 0.908852, -0.0, 0.0, 0.0, 0.0, 1.0],
                [0.999999, 0.001645, -0.001053, 0.0, -0.001055, 0.908556, 0.41776, 0.37472, 0.001644, -0.417758, 0.908557, -0.0, 0.0, 0.0, 0.0, 1.0],
                [0.999999, 0.001643, -0.001056, 0.0, -0.001057, 0.909807, 0.415029, 0.37472, 0.001642, -0.415027, 0.909808, -0.0, 0.0, 0.0, 0.0, 1.0],
                [0.999998, 0.001642, -0.001057, 0.0, -0.00106, 0.91105, 0.412294, 0.37472, 0.00164, -0.412292, 0.91105, 0.0, 0.0, 0.0, 0.0, 1.0],
                [0.999999, 0.00164, -0.00106, 0.0, -0.001062, 0.912283, 0.409556, 0.37472, 0.001639, -0.409554, 0.912284, 0.0, 0.0, 0.0, 0.0, 1.0],
                [0.999999, 0.001638, -0.001063, 0.0, -0.001064, 0.91351, 0.406813, 0.37472, 0.001637, -0.406811, 0.913511, 0.0, 0.0, 0.0, 0.0, 1.0],
                [0.999998, 0.001638, -0.001064, 0.0, -0.001065, 0.913869, 0.406007, 0.37472, 0.001637, -0.406005, 0.913869, 0.0, 0.0, 0.0, 0.0, 1.0],
                [0.999998, 0.001637, -0.001064, -0.0, -0.001066, 0.914227, 0.405201, 0.37472, 0.001637, -0.405199, 0.914227, 0.0, 0.0, 0.0, 0.0, 1.0],
                [0.999998, 0.001637, -0.001065, 0.0, -0.001066, 0.914585, 0.404394, 0.37472, 0.001636, -0.404391, 0.914585, 0.0, 0.0, 0.0, 0.0, 1.0],
                [0.999998, 0.001637, -0.001066, 0.0, -0.001067, 0.914941, 0.403586, 0.37472, 0.001636, -0.403584, 0.914941, -0.0, 0.0, 0.0, 0.0, 1.0]
            ]
        },
        {
            "name": "Knee_R",
            "time": [0.0, 2.8],
            "transform": [
                [1.0, 0.0, -0.0, 0.0, -0.0, 1e-06, -1.0, 0.37472, -0.0, 1.0, 1e-06, 0.0, 0.0, 0.0, 0.0, 1.0],
                [1.0, 0.0, -0.0, 0.0, -0.0, 1e-06, -1.0, 0.37472, -0.0, 1.0, 1e-06, -0.0, 0.0, 0.0, 0.0, 1.0]
            ]
        },
        {
            "name": "Thigh_L",
            "time": [0.0, 0.0333, 0.0667, 0.1, 0.1333, 0.1667, 0.2, 0.2333, 0.2667, 0.3, 0.3333, 0.3667, 0.4, 0.4333, 0.4667, 0.5, 0.5333, 0.5667, 0.6, 0.6333, 0.6667, 0.7, 0.7333, 0.7667, 0.8, 0.8333, 0.8667, 0.9, 0.9333, 0.9667, 1.0, 1.0333, 1.0667, 1.1, 1.1333, 1.1667, 1.2, 1.2333, 1.2667, 1.3, 1.3333, 1.3667, 1.4, 1.4333, 1.4667, 1.5, 1.5333, 1.5667, 1.6, 1.6333, 1.6667, 1.7, 1.7333, 1.7667, 1.8, 1.8333, 1.8667, 1.9, 1.9333, 1.9667, 2.0, 2.0333, 2.0667, 2.1, 2.1333, 2.1667, 2.2, 2.2333, 2.2667, 2.3, 2.3333, 2.3667, 2.4, 2.4333, 2.4667, 2.5, 2.5333, 2.5667, 2.6, 2.6333, 2.6667, 2.7, 2.7333, 2.7667, 2.8],
            "transform": [
                [0.893279, 0.150856, 0.423432, -0.125006, -0.291868, -0.521754, 0.801615, -0.002831, 0.341856, -0.839652, -0.422042, -1.2e-05, 0.0, 0.0, 0.0, 1.0],
                [0.832707, 0.237667, 0.500113, -0.125006, -0.345796, -0.482209, 0.804922, -0.002831, 0.432463, -0.843201, -0.319355, -1.2e-05, 0.0, 0.0, 0.0, 1.0],
                [0.719028, 0.326546, 0.613487, -0.125006, -0.447433, -0.457955, 0.768168, -0.002831, 0.531791, -0.826828, -0.183175, -1.2e-05, 0.0, 0.0, 0.0, 1.0],
                [0.579088, 0.386008, 0.718091, -0.125006, -0.554685, -0.458964, 0.694029, -0.002831, 0.597479, -0.800218, -0.051668, -1.2e-05, 0.0, 0.0, 0.0, 1.0],
                [0.459472, 0.407251, 0.789324, -0.125006, -0.634974, -0.470773, 0.612519, -0.002831, 0.621042, -0.782636, 0.042286, -1.2e-05, 0.0, 0.0, 0.0, 1.0],
                [0.365517, 0.40771, 0.836762, -0.125006, -0.690059, -0.484611, 0.53756, -0.002831, 0.624674, -0.773901, 0.10421, -1.2e-05, 0.0, 0.0, 0.0, 1.0],
                [0.286309, 0.390791, 0.87482, -0.125006, -0.728647, -0.504085, 0.463651, -0.002831, 0.622174, -0.770182, 0.140424, -1.2e-05, 0.0, 0.0, 0.0, 1.0],
                [0.243214, 0.352783, 0.903544, -0.125006, -0.74359, -0.530325, 0.407221, -0.002831, 0.622833, -0.770907, 0.133343, -1.2e-05, 0.0, 0.0, 0.0, 1.0],
                [0.247914, 0.255951, 0.93436, -0.125006, -0.727286, -0.587974, 0.354036, -0.002831, 0.639995, -0.767317, 0.040382, -1.2e-05, 0.0, 0.0, 0.0, 1.0],
                [0.295951, 0.179238, 0.938236, -0.125006, -0.661053, -0.67059, 0.336627, -0.002831, 0.689509, -0.719848, -0.079976, -1.2e-05, 0.0, 0.0, 0.0, 1.0],
                [0.38047, 0.134516, 0.914958, -0.125006, -0.530461, -0.77868, 0.335065, -0.002831, 0.757531, -0.612832, -0.224909, -1.2e-05, 0.0, 0.0, 0.0, 1.0],
                [0.467339, 0.095695, 0.878884, -0.125006, -0.375688, -0.878402, 0.295412, -0.002831, 0.800283, -0.468244, -0.37456, -1.2e-05, 0.0, 0.0, 0.0, 1.0],
                [0.555372, 0.055503, 0.829748, -0.125006, -0.21866, -0.952915, 0.210097, -0.002831, 0.80234, -0.298115, -0.517086, -1.2e-05, 0.0, 0.0, 0.0, 1.0],
                [0.646262, 0.010792, 0.763039, -0.125006, -0.085398, -0.992596, 0.086368, -0.002831, 0.758322, -0.120978, -0.640556, -1.2e-05, 0.0, 0.0, 0.0, 1.0],
                [0.770533, -0.0211, 0.637051, -0.125006, -0.011966, -0.999754, -0.018639, -0.002831, 0.637288, 0.00674, -0.770596, -1.2e-05, 0.0, 0.0, 0.0, 1.0],
                [0.864273, -0.066833, 0.498562, -0.125006, 0.037022, -0.979995, -0.195548, -0.002831, 0.501657, 0.187465, -0.84451, -1.2e-05, 0.0, 0.0, 0.0, 1.0],
                [0.931103, -0.108827, 0.348141, -0.125006, 0.059239, -0.896666, -0.438727, -0.002831, 0.359911, 0.429125, -0.828442, -1.2e-05, 0.0, 0.0, 0.0, 1.0],
                [0.963495, -0.137461, -0.229743, -0.125006, -0.240336, -0.822193, -0.515981, -0.002831, -0.117966, 0.55236, -0.825216, -1.2e-05, 0.0, 0.0, 0.0, 1.0],
                [0.822508, -0.138564, -0.551617, -0.125006, -0.463833, -0.724702, -0.509573, -0.002831, -0.329149, 0.674986, -0.660344, -1.2e-05, 0.0, 0.0, 0.0, 1.0],
                [0.660268, -0.185468, -0.727769, -0.125006, -0.640487, -0.645099, -0.416682, -0.002831, -0.392202, 0.741249, -0.544728, -1.2e-05, 0.0, 0.0, 0.0, 1.0],
                [0.560531, -0.38256, -0.734475, -0.125006, -0.707984, -0.681468, -0.185364, -0.002831, -0.429607, 0.6239, -0.65283, -1.2e-05, 0.0, 0.0, 0.0, 1.0],
                [0.463985, -0.592659, -0.658387, -0.125006, -0.731948, -0.675133, 0.091907, -0.002831, -0.498968, 0.439262, -0.747047, -1.2e-05, 0.0, 0.0, 0.0, 1.0],
                [0.451087, -0.603054, -0.65791, -0.125006, -0.730097, -0.673322, 0.1166, -0.002831, -0.513302, 0.427742, -0.744015, -1.2e-05, 0.0, 0.0, 0.0, 1.0],
                [0.445584, -0.586001, -0.676799, -0.125006, -0.723538, -0.680935, 0.113224, -0.002831, -0.527205, 0.43924, -0.727408, -1.2e-05, 0.0, 0.0, 0.0, 1.0],
                [0.441524, -0.568537, -0.694135, -0.125006, -0.715443, -0.689952, 0.110032, -0.002831, -0.541476, 0.448033, -0.711386, -1.2e-05, 0.0, 0.0, 0.0, 1.0],
                [0.433323, -0.550159, -0.713832, -0.125006, -0.708166, -0.697755, 0.107884, -0.002831, -0.557433, 0.458763, -0.691957, -1.2e-05, 0.0, 0.0, 0.0, 1.0],
                [0.415837, -0.528355, -0.740216, -0.125006, -0.699674, -0.705826, 0.110747, -0.002831, -0.580978, 0.471857, -0.663186, -1.2e-05, 0.0, 0.0, 0.0, 1.0],
                [0.39863, -0.500187, -0.768705, -0.125006, -0.685163, -0.719584, 0.112917, -0.002831, -0.609628, 0.481676, -0.629557, -1.2e-05, 0.0, 0.0, 0.0, 1.0],
                [0.393561, -0.483732, -0.781737, -0.125006, -0.673937, -0.730168, 0.112531, -0.002831, -0.625234, 0.482554, -0.61337, -1.2e-05, 0.0, 0.0, 0.0, 1.0],
                [0.395801, -0.484441, -0.780166, -0.125006, -0.668781, -0.734253, 0.116639, -0.002831, -0.629343, 0.475595, -0.614603, -1.2e-05, 0.0, 0.0, 0.0, 1.0],
                [0.395268, -0.491972, -0.775711, -0.125006, -0.666158, -0.734971, 0.126689, -0.002831, -0.632452, 0.46667, -0.618242, -1.2e-05, 0.0, 0.0, 0.0, 1.0],
                [0.392169, -0.504033, -0.769516, -0.125006, -0.666934, -0.731936, 0.139528, -0.002831, -0.633563, 0.458498, -0.623199, -1.2e-05, 0.0, 0.0, 0.0, 1.0],
                [0.389492, -0.516221, -0.762766, -0.125006, -0.667645, -0.728741, 0.152272, -0.002831, -0.634464, 0.44995, -0.628491, -1.2e-05, 0.0, 0.0, 0.0, 1.0],
                [0.385204, -0.529857, -0.755559, -0.125006, -0.670222, -0.723441, 0.165636, -0.002831, -0.634366, 0.442589, -0.633794, -1.2e-05, 0.0, 0.0, 0.0, 1.0],
                [0.383634, -0.542498, -0.747343, -0.125006, -0.672539, -0.718712, 0.176479, -0.002831, -0.632863, 0.434914, -0.640573, -1.2e-05, 0.0, 0.0, 0.0, 1.0],
                [0.384789, -0.551009, -0.740491, -0.125006, -0.673274, -0.716343, 0.18318, -0.002831, -0.63138, 0.428068, -0.64662, -1.2e-05, 0.0, 0.0, 0.0, 1.0],
                [0.39073, -0.552855, -0.73599, -0.125006, -0.674429, -0.716097, 0.179863, -0.002831, -0.626478, 0.426096, -0.652662, -1.2e-05, 0.0, 0.0, 0.0, 1.0],
                [0.401948, -0.553058, -0.729771, -0.125006, -0.67692, -0.716176, 0.169915, -0.002831, -0.616616, 0.4257, -0.662241, -1.2e-05, 0.0, 0.0, 0.0, 1.0],
                [0.411098, -0.555792, -0.72256, -0.125006, -0.679798, -0.715008, 0.163213, -0.002831, -0.607349, 0.424099, -0.671765, -1.2e-05, 0.0, 0.0, 0.0, 1.0],
                [0.417575, -0.552307, -0.721518, -0.125006, -0.676425, -0.719142, 0.15901, -0.002831, -0.606696, 0.421654, -0.67389, -1.2e-05, 0.0, 0.0, 0.0, 1.0],
                [0.426295, -0.548008, -0.719694, -0.125006, -0.65964, -0.732743, 0.16722, -0.002831, -0.618988, 0.403454, -0.673853, -1.2e-05, 0.0, 0.0, 0.0, 1.0],
                [0.441102, -0.541865, -0.71541, -0.125006, -0.63891, -0.749417, 0.173689, -0.002831, -0.630257, 0.380468, -0.676772, -1.2e-05, 0.0, 0.0, 0.0, 1.0],
                [0.4638, -0.526075, -0.712836, -0.125006, -0.615268, -0.77019, 0.168083, -0.002831, -0.637443, 0.360629, -0.680891, -1.2e-05, 0.0, 0.0, 0.0, 1.0],
                [0.49135, -0.501091, -0.712378, -0.125006, -0.589512, -0.793426, 0.151494, -0.002831, -0.641132, 0.345519, -0.685249, -1.2e-05, 0.0, 0.0, 0.0, 1.0],
                [0.522691, -0.479776, -0.704705, -0.125006, -0.566159, -0.813361, 0.13382, -0.002831, -0.637383, 0.32903, -0.696766, -1.2e-05, 0.0, 0.0, 0.0, 1.0],
                [0.561896, -0.458317, -0.688635, -0.125006, -0.535326, -0.836125, 0.119674, -0.002831, -0.630633, 0.3014, -0.715164, -1.2e-05, 0.0, 0.0, 0.0, 1.0],
                [0.604948, -0.44783, -0.658396, -0.125006, -0.501217, -0.856656, 0.122154, -0.002831, -0.618723, 0.256103, -0.742693, -1.2e-05, 0.0, 0.0, 0.0, 1.0],
                [0.652505, -0.4503, -0.609481, -0.125006, -0.462305, -0.873827, 0.150665, -0.002831, -0.600426, 0.183457, -0.778352, -1.2e-05, 0.0, 0.0, 0.0, 1.0],
                [0.715434, -0.455599, -0.529701, -0.125006, -0.401774, -0.888528, 0.221574, -0.002831, -0.571602, 0.054299, -0.818732, -1.2e-05, 0.0, 0.0, 0.0, 1.0],
                [0.795715, -0.43353, -0.422953, -0.125006, -0.315823, -0.892862, 0.321021, -0.002831, -0.51681, -0.121862, -0.847382, -1.2e-05, 0.0, 0.0, 0.0, 1.0],
                [0.872519, -0.368924, -0.32032, -0.125006, -0.231425, -0.889472, 0.394058, -0.002831, -0.430293, -0.269693, -0.86146, -1.2e-05, 0.0, 0.0, 0.0, 1.0],
