{
    "animation": [
        {
            "name": "Root",
            "time": [0.0, 0.3333, 0.5, 0.5333, 0.5667, 0.6667, 0.8333, 1.0, 1.1667, 1.3333, 1.4333, 1.5, 1.6667, 1.7667, 1.8, 1.8333, 1.9333, 2.0, 2.1667, 2.5],
            "transform": [
                [1.0, 0.0, 0.0, -5e-06, 0.0, 0.0, -1.0, 0.000946, 0.0, 1.0, 0.0, 0.523074, 0.0, 0.0, 0.0, 1.0],
                [1.0, 0.0, 0.0, -5e-06, 0.0, 0.0, -1.0, 0.000946, 0.0, 1.0, 0.0, 0.710573, 0.0, 0.0, 0.0, 1.0],
                [1.0, 0.0, 0.0, -5e-06, 0.0, 0.0, -1.0, 0.000946, 0.0, 1.0, 0.0, 0.412806, 0.0, 0.0, 0.0, 1.0],
                [1.0, 0.0, 0.0, -5e-06, 0.0, 0.0, -1.0, 0.000946, 0.0, 1.0, 0.0, 0.319455, 0.0, 0.0, 0.0, 1.0],
                [1.0, 0.0, 0.0, -5e-06, 0.0, 0.0, -1.0, 0.000946, 0.0, 1.0, 0.0, 0.394786, 0.0, 0.0, 0.0, 1.0],
                [1.0, 0.0, 0.0, -5e-06, 0.0, 0.0, -1.0, 0.000946, 0.0, 1.0, 0.0, 0.394895, 0.0, 0.0, 0.0, 1.0],
                [1.0, 0.0, 0.0, -5e-06, 0.0, 0.0, -1.0, 0.000946, 0.0, 1.0, 0.0, 0.405461, 0.0, 0.0, 0.0, 1.0],
                [1.0, 0.0, 0.0, -5e-06, 0.0, 0.0, -1.0, 0.000946, 0.0, 1.0, 0.0, 0.377033, 0.0, 0.0, 0.0, 1.0],
                [1.0, 0.0, 0.0, -5e-06, 0.0, 0.0, -1.0, 0.000946, 0.0, 1.0, 0.0, 0.337941, 0.0, 0.0, 0.0, 1.0],
                [1.0, 0.0, 0.0, -5e-06, 0.0, 0.0, -1.0, 0.000946, 0.0, 1.0, 0.0, 0.362239, 0.0, 0.0, 0.0, 1.0],
                [1.0, 0.0, 0.0, -5e-06, 0.0, 0.0, -1.0, 0.000946, 0.0, 1.0, 0.0, 0.444778, 0.0, 0.0, 0.0, 1.0],
                [1.0, 0.0, 0.0, -5e-06, 0.0, 0.0, -1.0, 0.000946, 0.0, 1.0, 0.0, 0.49709, 0.0, 0.0, 0.0, 1.0],
                [1.0, 0.0, 0.0, -5e-06, 0.0, 0.0, -1.0, 0.000946, 0.0, 1.0, 0.0, 0.579308, 0.0, 0.0, 0.0, 1.0],
                [1.0, 0.0, 0.0, -5e-06, 0.0, 0.0, -1.0, 0.063859, 0.0, 1.0, 0.0, 0.569382, 0.0, 0.0, 0.0, 1.0],
                [1.0, 0.0, 0.0, -5e-06, 0.0, 0.0, -1.0, 0.108113, 0.0, 1.0, 0.0, 0.585353, 0.0, 0.0, 0.0, 1.0],
                [1.0, 0.0, 0.0, -5e-06, 0.0, 0.0, -1.0, 0.158263, 0.0, 1.0, 0.0, 0.592591, 0.0, 0.0, 0.0, 1.0],
                [1.0, 0.0, 0.0, -5e-06, 0.0, 0.0, -1.0, 0.261232, 0.0, 1.0, 0.0, 0.625386, 0.0, 0.0, 0.0, 1.0],
                [1.0, 0.0, 0.0, -5e-06, 0.0, 0.0, -1.0, 0.292242, 0.0, 1.0, 0.0, 0.649162, 0.0, 0.0, 0.0, 1.0],
                [1.0, 0.0, 0.0, -5e-06, 0.0, 0.0, -1.0, 0.319673, 0.0, 1.0, 0.0, 0.667521, 0.0, 0.0, 0.0, 1.0],
                [1.0, 0.0, 0.0, -5e-06, 0.0, 0.0, -1.0, 0.334938, 0.0, 1.0, 0.0, 0.679769, 0.0, 0.0, 0.0, 1.0]
            ]
        },
        {
            "name": "Thigh_R",
            "time": [0.0, 0.3333, 0.5, 0.5333, 0.5667, 0.6, 0.6333, 0.6667, 0.7, 0.7333, 0.7667, 0.8, 0.8333, 0.8667, 0.9, 0.9333, 0.9667, 1.0, 1.0333, 1.0667, 1.1, 1.1333, 1.1667, 1.2, 1.2333, 1.2667, 1.3, 1.3333, 1.3667, 1.4, 1.4333, 1.4667, 1.5, 1.5333, 1.5667, 1.6, 1.6333, 1.6667, 1.7, 1.7333, 1.7667, 1.8, 1.8333, 1.8667, 1.9, 1.9333, 1.9667, 2.0, 2.0333, 2.0667, 2.1, 2.1333, 2.1667, 2.2, 2.2333, 2.2667, 2.3, 2.3333, 2.3667, 2.4, 2.4333, 2.4667, 2.5],
            "transform": [
                [0.946972, 0.316417, -0.055876, 0.124994, 0.207498, -0.469445, 0.858234, -0.002831, 0.245329, -0.82432, -0.510208, -1.2e-05, 0.0, 0.0, 0.0, 1.0],
                [0.47408, 0.815676, 0.331545, 0.079609, 0.207498, -0.469445, 0.858234, 0.020004, 0.855681, -0.338078, -0.391806, 0.178106, 0.0, 0.0, 0.0, 1.0],
                [0.990173, 0.00814, -0.139602, 0.124994, 0.136139, -0.284253, 0.949035, -0.002831, -0.031957, -0.958716, -0.282568, -1.2e-05, 0.0, 0.0, 0.0, 1.0],
                [0.998627, 0.044079, -0.028298, 0.124994, 0.033084, -0.111935, 0.993164, -0.002831, 0.04061, -0.992738, -0.11324, -1.2e-05, 0.0, 0.0, 0.0, 1.0],
                [0.993113, 0.102735, 0.056308, 0.124994, -0.035485, -0.19427, 0.980306, -0.002831, 0.11165, -0.975554, -0.189287, -1.2e-05, 0.0, 0.0, 0.0, 1.0],
                [0.990319, 0.109566, 0.085239, 0.124994, -0.046517, -0.316609, 0.947415, -0.002831, 0.130792, -0.942206, -0.308448, -1.2e-05, 0.0, 0.0, 0.0, 1.0],
                [0.990991, 0.092551, 0.096811, 0.124994, -0.059013, -0.347146, 0.935952, -0.002831, 0.120231, -0.933232, -0.338557, -1.2e-05, 0.0, 0.0, 0.0, 1.0],
                [0.996039, 0.052685, 0.071634, 0.124994, -0.048669, -0.351211, 0.93503, -0.002831, 0.074421, -0.934812, -0.347256, -1.2e-05, 0.0, 0.0, 0.0, 1.0],
                [0.998978, 0.01258, 0.04342, 0.124994, -0.036406, -0.34551, 0.937709, -0.002831, 0.026798, -0.93833, -0.344699, -1.2e-05, 0.0, 0.0, 0.0, 1.0],
                [0.999621, 0.000465, 0.027521, 0.124994, -0.025785, -0.334026, 0.942211, -0.002831, 0.009631, -0.942564, -0.333888, -1.2e-05, 0.0, 0.0, 0.0, 1.0],
                [0.999786, 0.007935, 0.019056, 0.124994, -0.015505, -0.320713, 0.947049, -0.002831, 0.013626, -0.947144, -0.320522, -1.2e-05, 0.0, 0.0, 0.0, 1.0],
                [0.999778, 0.017757, 0.011213, 0.124994, -0.005275, -0.304448, 0.952515, -0.002831, 0.020327, -0.952365, -0.304287, -1.2e-05, 0.0, 0.0, 0.0, 1.0],
                [0.999923, 0.012019, -0.002364, 0.124994, 0.005678, -0.283717, 0.958891, -0.002831, 0.010855, -0.958834, -0.283764, -1.2e-05, 0.0, 0.0, 0.0, 1.0],
                [0.999736, -0.00698, -0.021828, 0.124994, 0.019263, -0.26011, 0.965387, -0.002831, -0.012416, -0.965555, -0.259907, -1.2e-05, 0.0, 0.0, 0.0, 1.0],
                [0.998776, -0.025039, -0.042615, 0.124994, 0.035455, -0.23777, 0.970674, -0.002831, -0.034437, -0.971, -0.236591, -1.2e-05, 0.0, 0.0, 0.0, 1.0],
                [0.997329, -0.040359, -0.060835, 0.124994, 0.050751, -0.215732, 0.975133, -0.002831, -0.05248, -0.97562, -0.213108, -1.2e-05, 0.0, 0.0, 0.0, 1.0],
                [0.995645, -0.051355, -0.077769, 0.124994, 0.066389, -0.194805, 0.978593, -0.002831, -0.065405, -0.9795, -0.190547, -1.2e-05, 0.0, 0.0, 0.0, 1.0],
                [0.994059, -0.05752, -0.092372, 0.124994, 0.081041, -0.175165, 0.981198, -0.002831, -0.072619, -0.982861, -0.169463, -1.2e-05, 0.0, 0.0, 0.0, 1.0],
                [0.992648, -0.061613, -0.104157, 0.124994, 0.093844, -0.151507, 0.983991, -0.002831, -0.076407, -0.986537, -0.144612, -1.2e-05, 0.0, 0.0, 0.0, 1.0],
                [0.991345, -0.063499, -0.114878, 0.124994, 0.105707, -0.132627, 0.985513, -0.002831, -0.077814, -0.989133, -0.124767, -1.2e-05, 0.0, 0.0, 0.0, 1.0],
                [0.990775, -0.060906, -0.121043, 0.124994, 0.113613, -0.113424, 0.987029, -0.002831, -0.073845, -0.99168, -0.105459, -1.2e-05, 0.0, 0.0, 0.0, 1.0],
                [0.990616, -0.05445, -0.125345, 0.124994, 0.119729, -0.096409, 0.988114, -0.002831, -0.065888, -0.993853, -0.088986, -1.2e-05, 0.0, 0.0, 0.0, 1.0],
                [0.990925, -0.04658, -0.126061, 0.124994, 0.122041, -0.080894, 0.989223, -0.002831, -0.056276, -0.995637, -0.074476, -1.2e-05, 0.0, 0.0, 0.0, 1.0],
                [0.992708, -0.031721, -0.116274, 0.124994, 0.114059, -0.064434, 0.991382, -0.002831, -0.03894, -0.99742, -0.060347, -1.2e-05, 0.0, 0.0, 0.0, 1.0],
                [0.995418, -0.010768, -0.094981, 0.124994, 0.094353, -0.048652, 0.994349, -0.002831, -0.015329, -0.99876, -0.047414, -1.2e-05, 0.0, 0.0, 0.0, 1.0],
                [0.99764, 0.017866, -0.066271, 0.124994, 0.06707, -0.048644, 0.996562, -0.002831, 0.014581, -0.998659, -0.049728, -1.2e-05, 0.0, 0.0, 0.0, 1.0],
                [0.99795, 0.051705, -0.037664, 0.124994, 0.041616, -0.077616, 0.996114, -0.002831, 0.048581, -0.995644, -0.07961, -1.2e-05, 0.0, 0.0, 0.0, 1.0],
                [0.996436, 0.083618, -0.010987, 0.124994, 0.022402, -0.136824, 0.990342, -0.002831, 0.081306, -0.987061, -0.13821, -1.2e-05, 0.0, 0.0, 0.0, 1.0],
                [0.993995, 0.108683, 0.012588, 0.124994, 0.010744, -0.211459, 0.977328, -0.002831, 0.10888, -0.971327, -0.211358, -1.2e-05, 0.0, 0.0, 0.0, 1.0],
                [0.9912, 0.12752, 0.035487, 0.124994, 0.003659, -0.29439, 0.955678, -0.002831, 0.132315, -0.947141, -0.292266, -1.2e-05, 0.0, 0.0, 0.0, 1.0],
                [0.988302, 0.141282, 0.057417, 0.124994, 7.1e-05, -0.376917, 0.926247, -0.002831, 0.152503, -0.915409, -0.372519, -1.2e-05, 0.0, 0.0, 0.0, 1.0],
                [0.985401, 0.150865, 0.078881, 0.124994, -0.002048, -0.452804, 0.891608, -0.002831, 0.170229, -0.878755, -0.445885, -1.2e-05, 0.0, 0.0, 0.0, 1.0],
                [0.982315, 0.158402, 0.099821, 0.124994, -0.003278, -0.518508, 0.855066, -0.002831, 0.187202, -0.840273, -0.50882, -1.2e-05, 0.0, 0.0, 0.0, 1.0],
                [0.981567, 0.154717, 0.112196, 0.124994, -0.002196, -0.57789, 0.816112, -0.002831, 0.191103, -0.801316, -0.566898, -1.2e-05, 0.0, 0.0, 0.0, 1.0],
                [0.982934, 0.144183, 0.114243, 0.124994, 0.002079, -0.629699, 0.776837, -0.002831, 0.183945, -0.763343, -0.619252, -1.2e-05, 0.0, 0.0, 0.0, 1.0],
                [0.983264, 0.139231, 0.117485, 0.124994, 0.004813, -0.664525, 0.747252, -0.002831, 0.182112, -0.734183, -0.654074, -1.2e-05, 0.0, 0.0, 0.0, 1.0],
                [0.979591, 0.159749, 0.121979, 0.124994, 0.020121, -0.681769, 0.731292, -0.002831, 0.199984, -0.713915, -0.671069, -1.2e-05, 0.0, 0.0, 0.0, 1.0],
                [0.972958, 0.191204, 0.129576, 0.124994, 0.037386, -0.683969, 0.728553, -0.002831, 0.227928, -0.704009, -0.672622, -1.2e-05, 0.0, 0.0, 0.0, 1.0],
                [0.964175, 0.224284, 0.141627, 0.124994, 0.051975, -0.683318, 0.72827, -0.002831, 0.260115, -0.694822, -0.670495, -1.2e-05, 0.0, 0.0, 0.0, 1.0],
                [0.955206, 0.253401, 0.15286, 0.124994, 0.06805, -0.690768, 0.719869, -0.002831, 0.288005, -0.677223, -0.677069, -1.2e-05, 0.0, 0.0, 0.0, 1.0],
                [0.94693, 0.275079, 0.166288, 0.124994, 0.089521, -0.722557, 0.685492, -0.002831, 0.308716, -0.634229, -0.708837, -1.2e-05, 0.0, 0.0, 0.0, 1.0],
                [0.94148, 0.285964, 0.178425, 0.124994, 0.11995, -0.778956, 0.615503, -0.002831, 0.314995, -0.558085, -0.767672, -1.2e-05, 0.0, 0.0, 0.0, 1.0],
                [0.936957, 0.294506, 0.188076, 0.124994, 0.158294, -0.837557, 0.52292, -0.002831, 0.311526, -0.460185, -0.831374, -1.2e-05, 0.0, 0.0, 0.0, 1.0],
                [0.934075, 0.298656, 0.195708, 0.124994, 0.195371, -0.886261, 0.419973, -0.002831, 0.298873, -0.354054, -0.886183, -1.2e-05, 0.0, 0.0, 0.0, 1.0],
                [0.930569, 0.303663, 0.204503, 0.124994, 0.228397, -0.918098, 0.323944, -0.002831, 0.286121, -0.254746, -0.923709, -1.2e-05, 0.0, 0.0, 0.0, 1.0],
                [0.926122, 0.310595, 0.21406, 0.124994, 0.253492, -0.932695, 0.256571, -0.002831, 0.27934, -0.183355, -0.942523, -1.2e-05, 0.0, 0.0, 0.0, 1.0],
                [0.920017, 0.308763, 0.241304, 0.124994, 0.267685, -0.944902, 0.188444, -0.002831, 0.286191, -0.108779, -0.951977, -1.2e-05, 0.0, 0.0, 0.0, 1.0],
                [0.914835, 0.297948, 0.272574, 0.124994, 0.259083, -0.950824, 0.16976, -0.002831, 0.309746, -0.084684, -0.94704, -1.2e-05, 0.0, 0.0, 0.0, 1.0],
                [0.907516, 0.289125, 0.304654, 0.124994, 0.253539, -0.955402, 0.151434, -0.002831, 0.334847, -0.060187, -0.940348, -1.2e-05, 0.0, 0.0, 0.0, 1.0],
                [0.896538, 0.284267, 0.339713, 0.124994, 0.251624, -0.958003, 0.137567, -0.002831, 0.364547, -0.037854, -0.930414, -1.2e-05, 0.0, 0.0, 0.0, 1.0],
                [0.884887, 0.279031, 0.372973, 0.124994, 0.250212, -0.960137, 0.124659, -0.002831, 0.392885, -0.016986, -0.91943, -1.2e-05, 0.0, 0.0, 0.0, 1.0],
                [0.874115, 0.272464, 0.402093, 0.124994, 0.250385, -0.962149, 0.107638, -0.002831, 0.416196, 0.006591, -0.90925, -1.2e-05, 0.0, 0.0, 0.0, 1.0],
                [0.863451, 0.265447, 0.428933, 0.124994, 0.252156, -0.963614, 0.088731, -0.002831, 0.436875, 0.031544, -0.898968, -1.2e-05, 0.0, 0.0, 0.0, 1.0],
                [0.856505, 0.255178, 0.448639, 0.124994, 0.250942, -0.965468, 0.070054, -0.002831, 0.451019, 0.052582, -0.890963, -1.2e-05, 0.0, 0.0, 0.0, 1.0],
                [0.851899, 0.247752, 0.46139, 0.124994, 0.246906, -0.966971, 0.063344, -0.002831, 0.46184, 0.059958, -0.884933, -1.2e-05, 0.0, 0.0, 0.0, 1.0],
                [0.850773, 0.247408, 0.463647, 0.124994, 0.245861, -0.967133, 0.064921, -0.002831, 0.464465, 0.05876, -0.883638, -1.2e-05, 0.0, 0.0, 0.0, 1.0],
                [0.851632, 0.248897, 0.461265, 0.124994, 0.242927, -0.967268, 0.073409, -0.002831, 0.464433, 0.049537, -0.88422, -1.2e-05, 0.0, 0.0, 0.0, 1.0],
                [0.853657, 0.253624, 0.454905, 0.124994, 0.240924, -0.966656, 0.086824, -0.002831, 0.461754, 0.035481, -0.886297, -1.2e-05, 0.0, 0.0, 0.0, 1.0],
                [0.855703, 0.25826, 0.448406, 0.124994, 0.238937, -0.965845, 0.100301, -0.002831, 0.45899, 0.021314, -0.888184, -1.2e-05, 0.0, 0.0, 0.0, 1.0],
                [0.857733, 0.262718, 0.441891, 0.124994, 0.237004, -0.96485, 0.113586, -0.002831, 0.456195, 0.007304, -0.889848, -1.2e-05, 0.0, 0.0, 0.0, 1.0],
                [0.859511, 0.265287, 0.43687, 0.124994, 0.234982, -0.964169, 0.123164, -0.002831, 0.453886, -0.003204, -0.891053, -1.2e-05, 0.0, 0.0, 0.0, 1.0],
                [0.860658, 0.266696, 0.433745, 0.124994, 0.234031, -0.963745, 0.128192, -0.002831, 0.452203, -0.008819, -0.89187, -1.2e-05, 0.0, 0.0, 0.0, 1.0],
                [0.860658, 0.266696, 0.433745, 0.124994, 0.234031, -0.963745, 0.128192, -0.002831, 0.452203, -0.008819, -0.89187, -1.2e-05, 0.0, 0.0, 0.0, 1.0]
            ]
        },
        {
            "name": "Leg_R",
            "time": [0.0, 0.3333, 0.5, 0.5333, 0.5667, 0.6, 0.6333, 0.6667, 0.7, 0.7333, 0.7667, 0.8, 0.8333, 0.8667, 0.9, 0.9333, 0.9667, 1.0, 1.0333, 1.0667, 1.1, 1.1333, 1.1667, 1.2, 1.2333, 1.2667, 1.3, 1.3333, 1.3667, 1.4, 1.4333, 1.4667, 1.5, 1.5333, 1.5667, 1.6, 1.6333, 1.6667, 1.7, 1.7333, 1.7667, 1.8, 1.8333, 1.8667, 1.9, 1.9333, 1.9667, 2.0, 2.0333, 2.0667, 2.1, 2.1333, 2.1667, 2.2, 2.2333, 2.2667, 2.3, 2.3333, 2.3667, 2.4, 2.4333, 2.4667, 2.5],
            "transform": [
                [0.999996, 0.001827, 0.000691, 0.0, 0.000692, -0.662047, 0.749464, 0.37472, 0.001827, -0.749467, -0.662042, 0.0, 0.0, 0.0, 0.0, 1.0],
                [0.999059, -0.043287, 0.001108, 0.0, -0.010615, -0.220021, 0.975436, 0.37472, -0.04198, -0.97454, -0.220272, 0.0, 0.0, 0.0, 0.0, 1.0],
                [0.999991, 0.001944, 0.000161, 0.0, 0.00016, -0.163672, 0.986514, 0.37472, 0.001944, -0.98652, -0.163671, 0.0, 0.0, 0.0, 0.0, 1.0],
                [0.999993, 0.00187, 0.000553, 0.0, 0.000553, -0.543534, 0.83939, 0.37472, 0.00187, -0.83939, -0.543533, -0.0, 0.0, 0.0, 0.0, 1.0],
                [0.999994, 0.00187, 0.000552, 0.0, 0.000554, -0.544194, 0.838962, 0.37472, 0.001869, -0.838962, -0.544192, -0.0, 0.0, 0.0, 0.0, 1.0],
                [0.999995, 0.001891, 0.000475, 0.0, 0.000475, -0.47301, 0.881059, 0.37472, 0.001891, -0.881058, -0.473009, 0.0, 0.0, 0.0, 0.0, 1.0],
                [0.999994, 0.001886, 0.000492, 0.0, 0.000493, -0.488499, 0.872567, 0.37472, 0.001886, -0.872565, -0.488498, -0.0, 0.0, 0.0, 0.0, 1.0],
                [0.999995, 0.001876, 0.000531, -0.0, 0.000532, -0.524863, 0.851189, 0.37472, 0.001876, -0.851187, -0.524863, 0.0, 0.0, 0.0, 0.0, 1.0],
                [0.999995, 0.001866, 0.000562, 0.0, 0.000563, -0.552728, 0.833364, 0.37472, 0.001866, -0.833362, -0.552728, -0.0, 0.0, 0.0, 0.0, 1.0],
                [0.999994, 0.001866, 0.000569, -0.0, 0.00057, -0.55859, 0.829446, 0.37472, 0.001865, -0.829445, -0.558589, 0.0, 0.0, 0.0, 0.0, 1.0],
                [0.999994, 0.001866, 0.000567, -0.0, 0.000569, -0.557616, 0.830102, 0.37472, 0.001865, -0.830101, -0.557615, 0.0, 0.0, 0.0, 0.0, 1.0],
                [0.999993, 0.001866, 0.000567, 0.0, 0.000568, -0.556641, 0.830756, 0.37472, 0.001866, -0.830756, -0.556639, 0.0, 0.0, 0.0, 0.0, 1.0],
                [0.999992, 0.001866, 0.000569, 0.0, 0.000571, -0.55859, 0.829446, 0.37472, 0.001865, -0.829447, -0.558589, -0.0, 0.0, 0.0, 0.0, 1.0],
                [0.999993, 0.001865, 0.000576, -0.0, 0.000576, -0.564008, 0.825772, 0.37472, 0.001865, -0.825772, -0.564006, 0.0, 0.0, 0.0, 0.0, 1.0],
                [0.999993, 0.001863, 0.000581, 0.0, 0.000583, -0.569401, 0.822063, 0.37472, 0.001862, -0.822063, -0.5694, -0.0, 0.0, 0.0, 0.0, 1.0],
                [0.999993, 0.001861, 0.000588, -0.0, 0.000589, -0.57477, 0.818317, 0.37472, 0.001861, -0.818318, -0.574769, 0.0, 0.0, 0.0, 0.0, 1.0],
                [0.999992, 0.001859, 0.000594, -0.0, 0.000595, -0.580115, 0.814537, 0.37472, 0.001859, -0.814539, -0.580112, 0.0, 0.0, 0.0, 0.0, 1.0],
                [0.999992, 0.001857, 0.0006, 0.0, 0.000601, -0.585435, 0.810722, 0.37472, 0.001857, -0.810725, -0.585431, -0.0, 0.0, 0.0, 0.0, 1.0],
                [0.999992, 0.001857, 0.000605, -0.0, 0.000606, -0.589511, 0.807763, 0.37472, 0.001856, -0.807766, -0.589508, 0.0, 0.0, 0.0, 0.0, 1.0],
                [0.999992, 0.001854, 0.000609, 0.0, 0.00061, -0.593573, 0.804783, 0.37472, 0.001854, -0.804786, -0.59357, 0.0, 0.0, 0.0, 0.0, 1.0],
                [0.999993, 0.001855, 0.000612, 0.0, 0.000612, -0.595023, 0.803711, 0.37472, 0.001854, -0.803712, -0.595021, -0.0, 0.0, 0.0, 0.0, 1.0],
                [0.999993, 0.001854, 0.000613, 0.0, 0.000614, -0.596472, 0.802636, 0.37472, 0.001854, -0.802636, -0.596471, -0.0, 0.0, 0.0, 0.0, 1.0],
                [0.999992, 0.001854, 0.000615, 0.0, 0.000616, -0.597921, 0.801558, 0.37472, 0.001853, -0.80156, -0.597918, 0.0, 0.0, 0.0, 0.0, 1.0],
                [0.999991, 0.001852, 0.000618, 0.0, 0.000619, -0.601011, 0.799244, 0.37472, 0.001852, -0.799246, -0.601008, -0.0, 0.0, 0.0, 0.0, 1.0],
                [0.999993, 0.001851, 0.000621, 0.0, 0.000623, -0.604092, 0.796917, 0.37472, 0.00185, -0.796918, -0.60409, -0.0, 0.0, 0.0, 0.0, 1.0],
                [0.999992, 0.001854, 0.000614, -0.0, 0.000615, -0.597301, 0.80202, 0.37472, 0.001854, -0.802022, -0.597299, 0.0, 0.0, 0.0, 0.0, 1.0],
                [0.999992, 0.001863, 0.000584, -0.0, 0.000584, -0.570839, 0.821065, 0.37472, 0.001863, -0.821066, -0.570836, -0.0, 0.0, 0.0, 0.0, 1.0],
                [0.999992, 0.001881, 0.000526, -0.0, 0.000526, -0.518784, 0.854908, 0.37472, 0.001881, -0.85491, -0.518782, 0.0, 0.0, 0.0, 0.0, 1.0],
                [0.999992, 0.001901, 0.000447, -0.0, 0.000448, -0.446441, 0.894814, 0.37472, 0.001901, -0.894817, -0.446439, 0.0, 0.0, 0.0, 0.0, 1.0],
                [0.999992, 0.001921, 0.000351, 0.0, 0.000351, -0.353417, 0.935467, 0.37472, 0.001921, -0.935471, -0.353415, 0.0, 0.0, 0.0, 0.0, 1.0],
                [0.999991, 0.001938, 0.000241, -0.0, 0.000242, -0.245705, 0.969345, 0.37472, 0.001937, -0.96935, -0.245703, 0.0, 0.0, 0.0, 0.0, 1.0],
                [0.999991, 0.001948, 0.000126, 0.0, 0.000127, -0.129374, 0.991595, 0.37472, 0.001948, -0.991602, -0.129373, 0.0, 0.0, 0.0, 0.0, 1.0],
                [0.999992, 0.001952, 1.7e-05, 0.0, 1.5e-05, -0.016538, 0.999863, 0.37472, 0.001952, -0.999868, -0.016538, -0.0, 0.0, 0.0, 0.0, 1.0],
                [0.999992, 0.00195, -9.1e-05, 0.0, -9.1e-05, 0.093456, 0.995623, 0.37472, 0.00195, -0.995628, 0.093455, -0.0, 0.0, 0.0, 0.0, 1.0],
                [0.999992, 0.001943, -0.000193, -0.0, -0.000194, 0.197281, 0.980347, 0.37472, 0.001943, -0.980351, 0.19728, 0.0, 0.0, 0.0, 0.0, 1.0],
                [0.999991, 0.001935, -0.000259, 0.0, -0.00026, 0.26327, 0.964722, 0.37472, 0.001935, -0.964729, 0.263268, 0.0, 0.0, 0.0, 0.0, 1.0],
                [0.999991, 0.001931, -0.00029, 0.0, -0.000291, 0.293973, 0.955814, 0.37472, 0.001931, -0.95582, 0.29397, 0.0, 0.0, 0.0, 0.0, 1.0],
                [0.999992, 0.001929, -0.000303, 0.0, -0.000304, 0.307047, 0.951695, 0.37472, 0.001929, -0.951699, 0.307045, -0.0, 0.0, 0.0, 0.0, 1.0],
                [0.999991, 0.001928, -0.000311, 0.0, -0.000312, 0.315157, 0.94904, 0.37472, 0.001927, -0.949046, 0.315154, -0.0, 0.0, 0.0, 0.0, 1.0],
                [0.999992, 0.001925, -0.000328, -0.0, -0.00033, 0.332031, 0.943269, 0.37472, 0.001925, -0.943273, 0.332029, 0.0, 0.0, 0.0, 0.0, 1.0],
                [0.999992, 0.001918, -0.000369, -0.0, -0.000369, 0.371362, 0.928489, 0.37472, 0.001918, -0.928493, 0.37136, -0.0, 0.0, 0.0, 0.0, 1.0],
                [0.999991, 0.001903, -0.000443, 0.0, -0.000444, 0.442073, 0.89698, 0.37472, 0.001903, -0.896985, 0.44207, 0.0, 0.0, 0.0, 0.0, 1.0],
                [0.999992, 0.001878, -0.000538, 0.0, -0.000538, 0.529571, 0.848267, 0.37472, 0.001878, -0.848271, 0.529567, -0.0, 0.0, 0.0, 0.0, 1.0],
                [0.999992, 0.001846, -0.000641, 0.0, -0.000641, 0.619919, 0.784668, 0.37472, 0.001846, -0.784672, 0.619915, -0.0, 0.0, 0.0, 0.0, 1.0],
                [0.999992, 0.001808, -0.000742, 0.0, -0.000741, 0.702246, 0.711938, 0.37472, 0.001808, -0.711942, 0.702241, -0.0, 0.0, 0.0, 0.0, 1.0],
                [0.999993, 0.001779, -0.000808, 0.0, -0.000807, 0.752689, 0.658381, 0.37472, 0.00178, -0.658383, 0.752684, -0.0, 0.0, 0.0, 0.0, 1.0],
                [0.999993, 0.001735, -0.000897, -0.0, -0.000898, 0.816035, 0.578008, 0.37472, 0.001735, -0.57801, 0.81603, -0.0, 0.0, 0.0, 0.0, 1.0],
                [0.999993, 0.001711, -0.000943, -0.0, -0.000943, 0.845357, 0.534208, 0.37472, 0.001711, -0.534209, 0.845352, 0.0, 0.0, 0.0, 0.0, 1.0],
                [0.999992, 0.001689, -0.000983, -0.0, -0.000983, 0.869676, 0.493631, 0.37472, 0.001689, -0.493632, 0.869671, -0.0, 0.0, 0.0, 0.0, 1.0],
                [0.999992, 0.001668, -0.00102, 0.0, -0.00102, 0.890094, 0.455785, 0.37472, 0.001668, -0.455786, 0.890089, 0.0, 0.0, 0.0, 0.0, 1.0],
                [0.999993, 0.001646, -0.001055, 0.0, -0.001056, 0.908874, 0.417079, 0.37472, 0.001645, -0.417079, 0.90887, -0.0, 0.0, 0.0, 0.0, 1.0],
                [0.999992, 0.001622, -0.00109, 0.0, -0.00109, 0.925967, 0.377618, 0.37472, 0.001622, -0.377618, 0.925961, 0.0, 0.0, 0.0, 0.0, 1.0],
                [0.999992, 0.001595, -0.001129, 0.0, -0.00113, 0.943407, 0.331652, 0.37472, 0.001594, -0.331652, 0.943401, 0.0, 0.0, 0.0, 0.0, 1.0],
                [0.999993, 0.00157, -0.001162, 0.0, -0.001163, 0.956493, 0.291769, 0.37472, 0.00157, -0.291769, 0.956488, -0.0, 0.0, 0.0, 0.0, 1.0],
                [0.999993, 0.001559, -0.001177, 0.0, -0.001178, 0.961822, 0.273691, 0.37472, 0.001559, -0.273691, 0.961817, -0.0, 0.0, 0.0, 0.0, 1.0],
                [0.999992, 0.001561, -0.001175, 0.0, -0.001176, 0.961247, 0.275703, 0.37472, 0.00156, -0.275703, 0.961242, -0.0, 0.0, 0.0, 0.0, 1.0],
                [0.999993, 0.001571, -0.001162, -0.0, -0.001162, 0.956289, 0.292436, 0.37472, 0.00157, -0.292436, 0.956284, -0.0, 0.0, 0.0, 0.0, 1.0],
                [0.999993, 0.001587, -0.00114, 0.0, -0.00114, 0.947641, 0.319351, 0.37472, 0.001587, -0.319351, 0.947635, -0.0, 0.0, 0.0, 0.0, 1.0],
                [0.999993, 0.001604, -0.001117, -0.0, -0.001118, 0.938172, 0.346181, 0.37472, 0.001603, -0.346181, 0.938167, -0.0, 0.0, 0.0, 0.0, 1.0],
                [0.999993, 0.001619, -0.001094, 0.0, -0.001095, 0.928077, 0.372398, 0.37472, 0.001619, -0.372398, 0.928072, -0.0, 0.0, 0.0, 0.0, 1.0],
                [0.999992, 0.001631, -0.001077, 0.0, -0.001077, 0.919726, 0.392573, 0.37472, 0.001631, -0.392574, 0.91972, 0.0, 0.0, 0.0, 0.0, 1.0],
                [0.999993, 0.001637, -0.001067, -0.0, -0.001067, 0.91495, 0.403577, 0.37472, 0.001637, -0.403578, 0.914945, 0.0, 0.0, 0.0, 0.0, 1.0],
                [0.999993, 0.001637, -0.001067, 0.0, -0.001067, 0.91495, 0.403577, 0.37472, 0.001637, -0.403578, 0.914945, -0.0, 0.0, 0.0, 0.0, 1.0]
            ]
        },
        {
            "name": "Knee_R",
            "time": [0.0, 2.5],
            "transform": [
                [1.0, 0.0, -0.0, 0.0, -0.0, 1e-06, -1.0, 0.37472, -0.0, 1.0, 1e-06, 0.0, 0.0, 0.0, 0.0, 1.0],
                [1.0, 0.0, -0.0, 0.0, -0.0, 1e-06, -1.0, 0.37472, -0.0, 1.0, 1e-06, -0.0, 0.0, 0.0, 0.0, 1.0]
            ]
        },
        {
            "name": "Thigh_L",
            "time": [0.0, 0.3333, 0.5, 0.5333, 0.5667, 0.6, 0.6333, 0.6667, 0.7, 0.7333, 0.7667, 0.8, 0.8333, 0.8667, 0.9, 0.9333, 0.9667, 1.0, 1.0333, 1.0667, 1.1, 1.1333, 1.1667, 1.2, 1.2333, 1.2667, 1.3, 1.3333, 1.3667, 1.4, 1.4333, 1.4667, 1.5, 1.5333, 1.5667, 1.6, 1.6333, 1.6667, 1.7, 1.7333, 1.7667, 1.8, 1.8333, 1.8667, 1.9, 1.9333, 1.9667, 2.0, 2.0333, 2.0667, 2.1, 2.1333, 2.1667, 2.2, 2.2333, 2.2667, 2.3, 2.3333, 2.3667, 2.4, 2.4333, 2.4667, 2.5],
            "transform": [
                [0.997778, 0.064189, -0.017522, -0.125006, 0.058834, -0.728149, 0.682893, -0.002831, 0.031075, -0.682414, -0.730308, -1.2e-05, 0.0, 0.0, 0.0, 1.0],
                [0.996813, 0.075947, -0.024188, -0.064273, 0.077193, -0.844299, 0.530291, -0.001502, 0.019852, -0.530474, -0.847471, -0.144887, 0.0, 0.0, 0.0, 1.0],
                [0.836482, -0.464161, -0.291288, -0.125006, -0.407968, -0.882376, 0.234476, -0.002831, -0.365857, -0.077299, -0.927455, -1.2e-05, 0.0, 0.0, 0.0, 1.0],
                [0.845794, -0.422419, -0.325869, -0.125006, -0.364388, -0.903545, 0.225462, -0.002831, -0.389673, -0.071952, -0.918137, -1.2e-05, 0.0, 0.0, 0.0, 1.0],
                [0.834033, -0.443697, -0.327899, -0.125006, -0.386339, -0.89399, 0.227003, -0.002831, -0.393855, -0.062648, -0.917034, -1.2e-05, 0.0, 0.0, 0.0, 1.0],
                [0.821913, -0.464264, -0.33002, -0.125006, -0.41502, -0.884942, 0.211286, -0.002831, -0.390136, -0.036694, -0.920025, -1.2e-05, 0.0, 0.0, 0.0, 1.0],
                [0.825777, -0.472649, -0.307716, -0.125006, -0.432891, -0.880908, 0.191343, -0.002831, -0.361504, -0.024799, -0.93204, -1.2e-05, 0.0, 0.0, 0.0, 1.0],
                [0.814574, -0.498184, -0.297114, -0.125006, -0.462353, -0.866962, 0.186044, -0.002831, -0.350267, -0.014174, -0.936542, -1.2e-05, 0.0, 0.0, 0.0, 1.0],
                [0.808202, -0.511748, -0.291409, -0.125006, -0.478395, -0.859108, 0.181868, -0.002831, -0.343419, -0.007577, -0.939151, -1.2e-05, 0.0, 0.0, 0.0, 1.0],
                [0.821438, -0.49038, -0.291139, -0.125006, -0.459681, -0.87149, 0.170894, -0.002831, -0.337524, -0.006548, -0.941293, -1.2e-05, 0.0, 0.0, 0.0, 1.0],
                [0.840173, -0.458283, -0.289968, -0.125006, -0.430288, -0.888776, 0.157906, -0.002831, -0.330079, -0.007899, -0.94392, -1.2e-05, 0.0, 0.0, 0.0, 1.0],
                [0.856415, -0.427062, -0.290115, -0.125006, -0.401286, -0.904184, 0.146382, -0.002831, -0.324828, -0.008944, -0.94573, -1.2e-05, 0.0, 0.0, 0.0, 1.0],
                [0.86283, -0.410792, -0.294565, -0.125006, -0.385347, -0.911685, 0.142637, -0.002831, -0.327141, -0.009562, -0.944927, -1.2e-05, 0.0, 0.0, 0.0, 1.0],
                [0.861997, -0.406579, -0.302737, -0.125006, -0.379874, -0.913564, 0.145273, -0.002831, -0.335631, -0.010223, -0.941938, -1.2e-05, 0.0, 0.0, 0.0, 1.0],
                [0.857893, -0.407378, -0.313141, -0.125006, -0.379077, -0.913215, 0.149483, -0.002831, -0.346858, -0.009536, -0.937869, -1.2e-05, 0.0, 0.0, 0.0, 1.0],
                [0.85143, -0.411663, -0.324955, -0.125006, -0.381322, -0.911303, 0.155327, -0.002831, -0.360072, -0.008338, -0.932887, -1.2e-05, 0.0, 0.0, 0.0, 1.0],
                [0.842828, -0.4238, -0.331706, -0.125006, -0.387645, -0.905612, 0.17206, -0.002831, -0.373313, -0.016432, -0.927559, -1.2e-05, 0.0, 0.0, 0.0, 1.0],
                [0.832679, -0.439312, -0.337114, -0.125006, -0.39553, -0.89792, 0.193136, -0.002831, -0.387544, -0.027481, -0.92144, -1.2e-05, 0.0, 0.0, 0.0, 1.0],
                [0.821625, -0.45627, -0.341681, -0.125006, -0.404538, -0.889039, 0.214397, -0.002831, -0.401586, -0.037931, -0.915035, -1.2e-05, 0.0, 0.0, 0.0, 1.0],
                [0.810342, -0.472981, -0.345877, -0.125006, -0.412864, -0.879757, 0.235748, -0.002831, -0.415788, -0.048237, -0.90818, -1.2e-05, 0.0, 0.0, 0.0, 1.0],
                [0.800204, -0.489185, -0.346942, -0.125006, -0.421484, -0.870272, 0.25492, -0.002831, -0.426632, -0.057757, -0.902578, -1.2e-05, 0.0, 0.0, 0.0, 1.0],
                [0.792424, -0.50381, -0.343856, -0.125006, -0.427186, -0.860781, 0.276718, -0.002831, -0.435394, -0.072388, -0.897324, -1.2e-05, 0.0, 0.0, 0.0, 1.0],
                [0.787287, -0.514647, -0.339579, -0.125006, -0.431109, -0.853212, 0.293563, -0.002831, -0.44081, -0.084723, -0.893592, -1.2e-05, 0.0, 0.0, 0.0, 1.0],
                [0.791077, -0.519088, -0.323637, -0.125006, -0.432454, -0.848769, 0.30427, -0.002831, -0.432631, -0.100744, -0.895924, -1.2e-05, 0.0, 0.0, 0.0, 1.0],
                [0.804073, -0.512677, -0.30104, -0.125006, -0.428572, -0.850778, 0.304152, -0.002831, -0.412045, -0.115544, -0.903807, -1.2e-05, 0.0, 0.0, 0.0, 1.0],
                [0.822852, -0.496605, -0.276213, -0.125006, -0.418758, -0.858509, 0.295989, -0.002831, -0.384117, -0.12789, -0.914383, -1.2e-05, 0.0, 0.0, 0.0, 1.0],
                [0.84237, -0.472378, -0.259358, -0.125006, -0.401697, -0.871239, 0.282114, -0.002831, -0.359223, -0.133462, -0.923659, -1.2e-05, 0.0, 0.0, 0.0, 1.0],
                [0.865592, -0.444008, -0.23152, -0.125006, -0.379806, -0.883471, 0.274287, -0.002831, -0.326323, -0.149489, -0.933362, -1.2e-05, 0.0, 0.0, 0.0, 1.0],
                [0.891458, -0.418285, -0.174163, -0.125006, -0.359399, -0.886871, 0.290345, -0.002831, -0.275904, -0.196239, -0.940939, -1.2e-05, 0.0, 0.0, 0.0, 1.0],
                [0.911565, -0.388012, -0.135975, -0.125006, -0.340731, -0.898033, 0.278293, -0.002831, -0.230088, -0.207353, -0.950823, -1.2e-05, 0.0, 0.0, 0.0, 1.0],
                [0.936449, -0.341766, -0.079058, -0.125006, -0.285131, -0.872883, 0.395959, -0.002831, -0.204331, -0.348257, -0.914859, -1.2e-05, 0.0, 0.0, 0.0, 1.0],
                [0.958323, -0.284738, -0.023061, -0.125006, -0.228372, -0.812122, 0.536947, -0.002831, -0.171615, -0.509307, -0.843301, -1.2e-05, 0.0, 0.0, 0.0, 1.0],
                [0.96844, -0.249218, 0.002758, -0.125006, -0.195375, -0.75226, 0.629236, -0.002831, -0.154741, -0.609921, -0.777209, -1.2e-05, 0.0, 0.0, 0.0, 1.0],
                [0.968006, -0.250606, -0.012392, -0.125006, -0.176984, -0.716981, 0.674255, -0.002831, -0.177855, -0.650495, -0.738395, -1.2e-05, 0.0, 0.0, 0.0, 1.0],
                [0.961442, -0.270059, -0.05187, -0.125006, -0.157485, -0.695354, 0.701203, -0.002831, -0.225432, -0.666003, -0.711072, -1.2e-05, 0.0, 0.0, 0.0, 1.0],
                [0.949072, -0.294813, -0.111088, -0.125006, -0.130066, -0.68782, 0.714136, -0.002831, -0.286943, -0.663324, -0.691136, -1.2e-05, 0.0, 0.0, 0.0, 1.0],
                [0.935602, -0.309143, -0.170503, -0.125006, -0.100346, -0.695897, 0.711099, -0.002831, -0.338481, -0.648203, -0.682105, -1.2e-05, 0.0, 0.0, 0.0, 1.0],
                [0.93162, -0.300451, -0.204468, -0.125006, -0.078156, -0.715088, 0.694654, -0.002831, -0.354919, -0.631179, -0.689672, -1.2e-05, 0.0, 0.0, 0.0, 1.0],
                [0.934897, -0.284987, -0.211522, -0.125006, -0.077411, -0.745393, 0.662119, -0.002831, -0.346359, -0.602646, -0.718927, -1.2e-05, 0.0, 0.0, 0.0, 1.0],
                [0.939125, -0.270235, -0.212158, -0.125006, -0.078655, -0.770233, 0.632898, -0.002831, -0.334439, -0.577687, -0.7446, -1.2e-05, 0.0, 0.0, 0.0, 1.0],
                [0.944487, -0.257167, -0.204452, -0.125006, -0.084379, -0.791328, 0.605546, -0.002831, -0.317512, -0.554685, -0.769099, -1.2e-05, 0.0, 0.0, 0.0, 1.0],
                [0.950154, -0.246582, -0.19078, -0.125006, -0.09366, -0.809429, 0.579705, -0.002831, -0.297365, -0.532946, -0.792177, -1.2e-05, 0.0, 0.0, 0.0, 1.0],
                [0.956759, -0.233414, -0.173558, -0.125006, -0.101023, -0.826212, 0.554233, -0.002831, -0.272759, -0.512739, -0.814066, -1.2e-05, 0.0, 0.0, 0.0, 1.0],
                [0.962653, -0.223231, -0.153158, -0.125006, -0.110867, -0.841213, 0.529223, -0.002831, -0.246975, -0.492483, -0.834545, -1.2e-05, 0.0, 0.0, 0.0, 1.0],
                [0.969075, -0.209582, -0.13023, -0.125006, -0.117076, -0.855149, 0.504995, -0.002831, -0.217202, -0.474136, -0.853241, -1.2e-05, 0.0, 0.0, 0.0, 1.0],
                [0.97485, -0.196726, -0.104678, -0.125006, -0.123656, -0.868345, 0.480304, -0.002831, -0.185383, -0.455285, -0.870833, -1.2e-05, 0.0, 0.0, 0.0, 1.0],
                [0.979605, -0.185066, -0.078208, -0.125006, -0.13012, -0.881004, 0.45487, -0.002831, -0.153082, -0.43542, -0.887117, -1.2e-05, 0.0, 0.0, 0.0, 1.0],
                [0.983384, -0.174147, -0.051191, -0.125006, -0.135861, -0.893206, 0.428639, -0.002831, -0.120369, -0.414566, -0.902024, -1.2e-05, 0.0, 0.0, 0.0, 1.0],
                [0.985868, -0.165573, -0.025347, -0.125006, -0.141778, -0.90545, 0.400082, -0.002831, -0.089193, -0.390838, -0.916129, -1.2e-05, 0.0, 0.0, 0.0, 1.0],
                [0.987583, -0.157058, -0.001912, -0.125006, -0.144929, -0.91589, 0.374364, -0.002831, -0.060548, -0.369441, -0.92728, -1.2e-05, 0.0, 0.0, 0.0, 1.0],
                [0.988249, -0.151836, 0.017353, -0.125006, -0.148436, -0.926664, 0.345351, -0.002831, -0.036356, -0.343871, -0.938313, -1.2e-05, 0.0, 0.0, 0.0, 1.0],
                [0.988141, -0.150272, 0.031417, -0.125006, -0.152443, -0.936262, 0.316516, -0.002831, -0.018149, -0.317554, -0.948067, -1.2e-05, 0.0, 0.0, 0.0, 1.0],
                [0.988046, -0.149276, 0.038394, -0.125006, -0.153986, -0.945137, 0.288116, -0.002831, -0.006721, -0.290586, -0.956826, -1.2e-05, 0.0, 0.0, 0.0, 1.0],
                [0.987397, -0.152686, 0.041539, -0.125006, -0.158231, -0.951231, 0.264821, -0.002831, -0.000922, -0.268058, -0.963403, -1.2e-05, 0.0, 0.0, 0.0, 1.0],
                [0.986529, -0.157376, 0.044576, -0.125006, -0.163542, -0.953708, 0.252391, -0.002831, 0.002793, -0.256283, -0.966598, -1.2e-05, 0.0, 0.0, 0.0, 1.0],
                [0.986188, -0.159557, 0.044363, -0.125006, -0.165582, -0.954711, 0.247217, -0.002831, 0.002909, -0.25115, -0.967944, -1.2e-05, 0.0, 0.0, 0.0, 1.0],
                [0.985663, -0.16246, 0.045462, -0.125006, -0.168678, -0.953395, 0.250185, -0.002831, 0.002699, -0.254268, -0.96713, -1.2e-05, 0.0, 0.0, 0.0, 1.0],
                [0.985387, -0.164242, 0.04507, -0.125006, -0.170311, -0.950817, 0.25874, -0.002831, 0.000357, -0.262636, -0.964895, -1.2e-05, 0.0, 0.0, 0.0, 1.0],
                [0.985102, -0.166049, 0.04468, -0.125006, -0.171942, -0.948145, 0.267325, -0.002831, -0.002026, -0.271026, -0.96257, -1.2e-05, 0.0, 0.0, 0.0, 1.0],
                [0.984813, -0.16785, 0.044302, -0.125006, -0.173541, -0.945429, 0.27578, -0.002831, -0.004406, -0.279282, -0.960199, -1.2e-05, 0.0, 0.0, 0.0, 1.0],
                [0.984561, -0.169286, 0.044416, -0.125006, -0.174916, -0.943354, 0.281948, -0.002831, -0.00583, -0.285366, -0.958401, -1.2e-05, 0.0, 0.0, 0.0, 1.0],
                [0.984335, -0.170833, 0.043514, -0.125006, -0.176131, -0.94267, 0.283474, -0.002831, -0.007407, -0.2867, -0.957992, -1.2e-05, 0.0, 0.0, 0.0, 1.0],
                [0.984335, -0.170833, 0.043514, -0.125006, -0.176131, -0.94267, 0.283474, -0.002831, -0.007407, -0.2867, -0.957992, -1.2e-05, 0.0, 0.0, 0.0, 1.0]
            ]
        },
        {
            "name": "Leg_L",
            "time": [0.0, 0.3333, 0.5, 0.5333, 0.5667, 0.6, 0.6333, 0.6667, 0.7, 0.7333, 0.7667, 0.8, 0.8333, 0.8667, 0.9, 0.9333, 0.9667, 1.0, 1.0333, 1.0667, 1.1, 1.1333, 1.1667, 1.2, 1.2333, 1.2667, 1.3, 1.3333, 1.3667, 1.4, 1.4333, 1.4667, 1.5, 1.5333, 1.5667, 1.6, 1.6333, 1.6667, 1.7, 1.7333, 1.7667, 1.8, 1.8333, 1.8667, 1.9, 1.9333, 1.9667, 2.0, 2.0333, 2.0667, 2.1, 2.1333, 2.1667, 2.2, 2.2333, 2.2667, 2.3, 2.3333, 2.3667, 2.4, 2.4333, 2.4667, 2.5],
            "transform": [
                [0.999998, -0.001938, -0.000259, 0.0, -0.00026, -0.26327, 0.964717, 0.37472, -0.001938, -0.964726, -0.263267, -0.0, 0.0, 0.0, 0.0, 1.0],
                [0.99269, -0.120345, -0.009196, 0.0, 0.096482, 0.745461, 0.659531, 0.37472, -0.072516, -0.655604, 0.751614, 0.0, 0.0, 0.0, 0.0, 1.0],
                [1.0, -0.001944, -0.000209, -0.0, -0.000218, -0.217289, 0.976104, 0.37472, -0.001943, -0.976107, -0.217288, -0.0, 0.0, 0.0, 0.0, 1.0],
                [0.999998, -0.001907, -0.000432, 0.0, -0.000438, -0.434015, 0.900903, 0.37472, -0.001905, -0.900908, -0.434012, -0.0, 0.0, 0.0, 0.0, 1.0],
                [0.999998, -0.00193, -0.00031, -0.0, -0.000314, -0.315158, 0.949035, 0.37472, -0.00193, -0.949043, -0.315155, 0.0, 0.0, 0.0, 0.0, 1.0],
                [0.999998, -0.001949, -0.000157, 0.0, -0.000161, -0.161887, 0.986804, 0.37472, -0.001949, -0.986813, -0.161885, -0.0, 0.0, 0.0, 0.0, 1.0],
                [0.999998, -0.001953, -0.000109, -0.0, -0.000112, -0.11289, 0.993602, 0.37472, -0.001953, -0.993612, -0.112888, 0.0, 0.0, 0.0, 0.0, 1.0],
                [0.999998, -0.001953, -9.2e-05, -0.0, -9.5e-05, -0.09532, 0.995441, 0.37472, -0.001953, -0.99545, -0.095319, -0.0, 0.0, 0.0, 0.0, 1.0],
                [0.999998, -0.001954, -8.3e-05, 0.0, -8.5e-05, -0.086003, 0.99629, 0.37472, -0.001954, -0.996298, -0.086003, 0.0, 0.0, 0.0, 0.0, 1.0],
                [0.999998, -0.001954, -7.7e-05, -0.0, -7.9e-05, -0.079748, 0.99681, 0.37472, -0.001954, -0.996818, -0.079747, 0.0, 0.0, 0.0, 0.0, 1.0],
                [0.999998, -0.001954, -7.2e-05, 0.0, -7.2e-05, -0.073489, 0.997292, 0.37472, -0.001954, -0.997299, -0.073488, 0.0, 0.0, 0.0, 0.0, 1.0],
                [0.999998, -0.001954, -6.6e-05, 0.0, -6.6e-05, -0.067229, 0.997733, 0.37472, -0.001954, -0.997741, -0.067228, -0.0, 0.0, 0.0, 0.0, 1.0],
                [0.999999, -0.001954, -6.9e-05, 0.0, -6.7e-05, -0.069114, 0.997604, 0.37472, -0.001954, -0.997612, -0.069114, 0.0, 0.0, 0.0, 0.0, 1.0],
                [0.999997, -0.001954, -7.5e-05, 0.0, -7.3e-05, -0.075702, 0.997126, 0.37472, -0.001954, -0.997134, -0.075701, 0.0, 0.0, 0.0, 0.0, 1.0],
                [0.999998, -0.001953, -8.6e-05, 0.0, -8.4e-05, -0.08691, 0.996211, 0.37472, -0.001953, -0.996219, -0.08691, -0.0, 0.0, 0.0, 0.0, 1.0],
                [0.999998, -0.001953, -9.7e-05, -0.0, -9.5e-05, -0.098108, 0.995171, 0.37472, -0.001953, -0.995179, -0.098107, -0.0, 0.0, 0.0, 0.0, 1.0],
                [0.999998, -0.001952, -0.000118, -0.0, -0.000117, -0.120026, 0.992766, 0.37472, -0.001953, -0.992774, -0.120025, -0.0, 0.0, 0.0, 0.0, 1.0],
                [0.999998, -0.001951, -0.00014, 0.0, -0.000138, -0.141888, 0.989877, 0.37472, -0.001951, -0.989887, -0.141886, 0.0, 0.0, 0.0, 0.0, 1.0],
                [0.999998, -0.001948, -0.000162, -0.0, -0.000159, -0.163678, 0.986508, 0.37472, -0.001948, -0.986518, -0.163676, 0.0, 0.0, 0.0, 0.0, 1.0],
                [0.999998, -0.001947, -0.000181, -0.0, -0.000179, -0.18314, 0.983082, 0.37472, -0.001947, -0.98309, -0.183138, 0.0, 0.0, 0.0, 0.0, 1.0],
                [0.999999, -0.001945, -0.0002, -0.0, -0.000198, -0.20253, 0.979271, 0.37472, -0.001945, -0.979279, -0.202527, 0.0, 0.0, 0.0, 0.0, 1.0],
                [0.999998, -0.001943, -0.000216, 0.0, -0.000214, -0.218965, 0.975728, 0.37472, -0.001943, -0.975735, -0.218963, 0.0, 0.0, 0.0, 0.0, 1.0],
                [0.999998, -0.001941, -0.000233, -0.0, -0.000231, -0.23534, 0.971908, 0.37472, -0.001941, -0.971918, -0.235337, -0.0, 0.0, 0.0, 0.0, 1.0],
                [0.999998, -0.00194, -0.000251, 0.0, -0.00025, -0.254371, 0.967101, 0.37472, -0.00194, -0.967111, -0.254368, -0.0, 0.0, 0.0, 0.0, 1.0],
                [0.999999, -0.001937, -0.000271, -0.0, -0.000269, -0.273302, 0.961923, 0.37472, -0.001938, -0.961932, -0.273299, -0.0, 0.0, 0.0, 0.0, 1.0],
                [0.999998, -0.001937, -0.000275, -0.0, -0.000275, -0.278291, 0.960492, 0.37472, -0.001937, -0.960501, -0.278288, 0.0, 0.0, 0.0, 0.0, 1.0],
                [0.999999, -0.001939, -0.000255, -0.0, -0.000254, -0.258232, 0.966078, 0.37472, -0.001939, -0.966086, -0.25823, 0.0, 0.0, 0.0, 0.0, 1.0],
                [0.999999, -0.00194, -0.000249, 0.0, -0.000249, -0.25233, 0.967637, 0.37472, -0.00194, -0.967644, -0.252327, -0.0, 0.0, 0.0, 0.0, 1.0],
                [0.999998, -0.001937, -0.000272, 0.0, -0.000271, -0.274966, 0.961449, 0.37472, -0.001937, -0.961459, -0.274963, 0.0, 0.0, 0.0, 0.0, 1.0],
                [0.999998, -0.001941, -0.000238, 0.0, -0.000238, -0.241305, 0.970445, 0.37472, -0.001941, -0.970453, -0.241302, -0.0, 0.0, 0.0, 0.0, 1.0],
                [0.999998, -0.001938, -0.000263, 0.0, -0.000262, -0.265848, 0.96401, 0.37472, -0.001938, -0.964019, -0.265845, 0.0, 0.0, 0.0, 0.0, 1.0],
