{
    "animation": [
        {
            "name": "Root",
            "time": [0.0, 0.3333, 0.6667, 1.0, 1.3333, 1.6667, 2.0],
            "transform": [
                [1.0, 0.0, 0.0, -5e-06, 0.0, 0.0, -1.0, 0.000946, 0.0, 1.0, 0.0, 0.629891, 0.0, 0.0, 0.0, 1.0],
                [1.0, 0.0, 0.0, -5e-06, 0.0, 0.0, -1.0, 0.000946, 0.0, 1.0, 0.0, 0.515611, 0.0, 0.0, 0.0, 1.0],
                [1.0, 0.0, 0.0, -5e-06, 0.0, 0.0, -1.0, 0.000946, 0.0, 1.0, 0.0, 0.406257, 0.0, 0.0, 0.0, 1.0],
                [1.0, 0.0, 0.0, -5e-06, 0.0, 0.0, -1.0, 0.000946, 0.0, 1.0, 0.0, 0.42347, 0.0, 0.0, 0.0, 1.0],
                [1.0, 0.0, 0.0, -5e-06, 0.0, 0.0, -1.0, 0.000946, 0.0, 1.0, 0.0, 0.59841, 0.0, 0.0, 0.0, 1.0],
                [1.0, 0.0, 0.0, -5e-06, 0.0, 0.0, -1.0, 0.168633, 0.0, 1.0, 0.0, 0.644583, 0.0, 0.0, 0.0, 1.0],
                [1.0, 0.0, 0.0, -5e-06, 0.0, 0.0, -1.0, 0.168633, 0.0, 1.0, 0.0, 0.644583, 0.0, 0.0, 0.0, 1.0]
            ]
        },
        {
            "name": "Thigh_R",
            "time": [0.0, 0.2667, 0.3333, 0.3667, 0.4, 0.4333, 0.4667, 0.5, 0.5333, 0.5667, 0.6, 0.6333, 0.6667, 0.7, 0.7333, 0.7667, 0.8, 0.8333, 0.8667, 0.9, 0.9333, 0.9667, 1.0, 1.0333, 1.0667, 1.1, 1.1333, 1.1667, 1.2, 1.2333, 1.2667, 1.3, 1.3333, 1.3667, 1.4, 1.4333, 1.4667, 1.5, 1.5333, 1.5667, 1.6, 1.6333, 1.6667, 1.7, 1.7333, 1.7667, 1.8, 1.8333, 1.8667, 1.9, 1.9333, 1.9667, 2.0],
            "transform": [
                [0.889701, 0.33182, 0.313564, 0.124994, 0.14295, -0.854774, 0.49893, -0.002831, 0.433578, -0.399078, -0.807927, -1.2e-05, 0.0, 0.0, 0.0, 1.0],
                [0.878013, 0.38263, 0.287548, 0.111296, -0.024909, -0.563429, 0.82579, -0.013642, 0.477981, -0.732221, -0.485168, 0.111457, 0.0, 0.0, 0.0, 1.0],
                [0.992611, 0.11973, -0.019637, 0.124994, 0.073495, -0.464569, 0.882482, -0.002831, 0.096537, -0.877406, -0.469936, -1.2e-05, 0.0, 0.0, 0.0, 1.0],
                [0.995327, 0.063087, -0.073095, 0.124994, 0.094793, -0.494503, 0.863991, -0.002831, 0.018361, -0.866884, -0.498173, -1.2e-05, 0.0, 0.0, 0.0, 1.0],
                [0.992702, 0.027633, -0.117383, 0.124994, 0.116609, -0.468065, 0.875967, -0.002831, -0.030738, -0.883263, -0.467871, -1.2e-05, 0.0, 0.0, 0.0, 1.0],
                [0.993049, 0.011992, -0.117086, 0.124994, 0.112263, -0.395345, 0.911646, -0.002831, -0.035357, -0.918454, -0.393943, -1.2e-05, 0.0, 0.0, 0.0, 1.0],
                [0.997884, 0.036667, -0.0537, 0.124994, 0.063289, -0.358173, 0.931507, -0.002831, 0.014921, -0.932934, -0.359736, -1.2e-05, 0.0, 0.0, 0.0, 1.0],
                [0.997426, 0.070489, -0.013191, 0.124994, 0.035711, -0.32869, 0.943762, -0.002831, 0.062189, -0.941803, -0.330362, -1.2e-05, 0.0, 0.0, 0.0, 1.0],
                [0.997904, 0.056512, -0.031519, 0.124994, 0.046421, -0.285865, 0.957145, -0.002831, 0.045079, -0.956602, -0.28789, -1.2e-05, 0.0, 0.0, 0.0, 1.0],
                [0.997585, 0.044218, -0.053561, 0.124994, 0.062678, -0.240856, 0.968535, -0.002831, 0.029926, -0.969553, -0.243046, -1.2e-05, 0.0, 0.0, 0.0, 1.0],
                [0.997018, 0.039122, -0.066511, 0.124994, 0.073393, -0.214629, 0.973934, -0.002831, 0.023827, -0.975912, -0.216861, -1.2e-05, 0.0, 0.0, 0.0, 1.0],
                [0.996764, 0.038777, -0.070393, 0.124994, 0.077019, -0.210715, 0.974509, -0.002831, 0.022956, -0.976779, -0.21302, -1.2e-05, 0.0, 0.0, 0.0, 1.0],
                [0.996633, 0.040082, -0.071518, 0.124994, 0.078634, -0.220543, 0.972202, -0.002831, 0.023195, -0.974554, -0.222952, -1.2e-05, 0.0, 0.0, 0.0, 1.0],
                [0.996497, 0.042162, -0.072215, 0.124994, 0.080161, -0.23576, 0.968499, -0.002831, 0.023809, -0.970897, -0.238314, -1.2e-05, 0.0, 0.0, 0.0, 1.0],
                [0.99645, 0.046283, -0.070305, 0.124994, 0.079764, -0.252453, 0.964316, -0.002831, 0.026882, -0.966503, -0.255249, -1.2e-05, 0.0, 0.0, 0.0, 1.0],
                [0.99659, 0.049668, -0.065879, 0.124994, 0.076681, -0.262929, 0.961763, -0.002831, 0.030448, -0.963536, -0.265842, -1.2e-05, 0.0, 0.0, 0.0, 1.0],
                [0.99668, 0.054844, -0.060165, 0.124994, 0.07278, -0.269082, 0.960363, -0.002831, 0.036481, -0.961555, -0.272181, -1.2e-05, 0.0, 0.0, 0.0, 1.0],
                [0.996898, 0.057574, -0.053644, 0.124994, 0.067416, -0.273216, 0.959587, -0.002831, 0.040591, -0.960229, -0.27625, -1.2e-05, 0.0, 0.0, 0.0, 1.0],
                [0.997159, 0.057707, -0.048407, 0.124994, 0.062514, -0.275559, 0.959249, -0.002831, 0.042016, -0.959551, -0.278384, -1.2e-05, 0.0, 0.0, 0.0, 1.0],
                [0.997416, 0.056772, -0.044028, 0.124994, 0.058223, -0.279715, 0.958316, -0.002831, 0.04209, -0.958403, -0.282298, -1.2e-05, 0.0, 0.0, 0.0, 1.0],
                [0.997656, 0.053828, -0.042239, 0.124994, 0.05592, -0.28573, 0.956677, -0.002831, 0.039427, -0.956798, -0.288071, -1.2e-05, 0.0, 0.0, 0.0, 1.0],
                [0.99781, 0.04997, -0.043324, 0.124994, 0.056124, -0.293227, 0.954394, -0.002831, 0.034987, -0.954736, -0.29539, -1.2e-05, 0.0, 0.0, 0.0, 1.0],
                [0.997999, 0.044204, -0.045193, 0.124994, 0.057121, -0.324228, 0.944253, -0.002831, 0.027087, -0.944946, -0.326105, -1.2e-05, 0.0, 0.0, 0.0, 1.0],
                [0.998203, 0.037487, -0.046746, 0.124994, 0.057723, -0.392222, 0.918057, -0.002831, 0.016081, -0.919106, -0.393682, -1.2e-05, 0.0, 0.0, 0.0, 1.0],
                [0.998183, 0.032329, -0.050836, 0.124994, 0.060096, -0.475033, 0.877913, -0.002831, 0.004233, -0.879374, -0.476113, -1.2e-05, 0.0, 0.0, 0.0, 1.0],
                [0.998212, 0.025596, -0.054008, 0.124994, 0.0592, -0.547608, 0.834638, -0.002831, -0.008211, -0.836344, -0.548144, -1.2e-05, 0.0, 0.0, 0.0, 1.0],
                [0.998257, 0.016586, -0.056625, 0.124994, 0.055083, -0.605964, 0.793583, -0.002831, -0.02115, -0.79532, -0.605822, -1.2e-05, 0.0, 0.0, 0.0, 1.0],
                [0.998276, 0.008509, -0.058061, 0.124994, 0.04923, -0.659924, 0.749718, -0.002831, -0.031936, -0.751285, -0.659205, -1.2e-05, 0.0, 0.0, 0.0, 1.0],
                [0.998365, 0.00452, -0.056984, 0.124994, 0.043479, -0.707231, 0.705644, -0.002831, -0.037111, -0.706968, -0.706272, -1.2e-05, 0.0, 0.0, 0.0, 1.0],
                [0.998712, 0.008964, -0.049898, 0.124994, 0.039834, -0.747581, 0.662976, -0.002831, -0.03136, -0.664112, -0.746976, -1.2e-05, 0.0, 0.0, 0.0, 1.0],
                [0.999171, 0.024079, -0.032756, 0.124994, 0.039264, -0.78045, 0.623985, -0.002831, -0.01054, -0.624757, -0.780749, -1.2e-05, 0.0, 0.0, 0.0, 1.0],
                [0.998829, 0.048297, -0.001943, 0.124994, 0.040082, -0.805135, 0.591738, -0.002831, 0.027015, -0.591125, -0.806128, -1.2e-05, 0.0, 0.0, 0.0, 1.0],
                [0.996392, 0.07787, 0.033674, 0.124994, 0.044401, -0.816857, 0.575132, -0.002831, 0.072292, -0.571564, -0.817367, -1.2e-05, 0.0, 0.0, 0.0, 1.0],
                [0.990865, 0.112266, 0.074686, 0.124994, 0.049277, -0.817074, 0.574426, -0.002831, 0.125512, -0.565501, -0.815142, -1.2e-05, 0.0, 0.0, 0.0, 1.0],
                [0.980958, 0.15553, 0.116303, 0.124994, 0.059183, -0.809791, 0.58373, -0.002831, 0.184967, -0.565735, -0.803575, -1.2e-05, 0.0, 0.0, 0.0, 1.0],
                [0.967001, 0.202063, 0.155164, 0.124994, 0.071759, -0.800418, 0.595134, -0.002831, 0.24445, -0.564363, -0.788505, -1.2e-05, 0.0, 0.0, 0.0, 1.0],
                [0.951079, 0.244322, 0.189079, 0.124994, 0.086703, -0.798521, 0.595694, -0.002831, 0.296523, -0.550161, -0.78064, -1.2e-05, 0.0, 0.0, 0.0, 1.0],
                [0.936239, 0.272902, 0.221309, 0.124994, 0.104045, -0.816954, 0.567243, -0.002831, 0.335599, -0.508051, -0.793258, -1.2e-05, 0.0, 0.0, 0.0, 1.0],
                [0.921216, 0.292192, 0.256866, 0.124994, 0.126184, -0.848964, 0.513168, -0.002831, 0.368012, -0.440329, -0.818949, -1.2e-05, 0.0, 0.0, 0.0, 1.0],
                [0.906009, 0.303802, 0.294696, 0.124994, 0.15134, -0.882773, 0.444762, -0.002831, 0.395266, -0.358362, -0.845778, -1.2e-05, 0.0, 0.0, 0.0, 1.0],
                [0.891674, 0.30893, 0.330866, 0.124994, 0.177158, -0.910784, 0.372955, -0.002831, 0.416561, -0.273941, -0.866852, -1.2e-05, 0.0, 0.0, 0.0, 1.0],
                [0.878453, 0.309684, 0.36388, 0.124994, 0.203533, -0.931522, 0.301414, -0.002831, 0.4323, -0.190718, -0.881329, -1.2e-05, 0.0, 0.0, 0.0, 1.0],
                [0.867205, 0.313601, 0.386786, 0.124994, 0.226746, -0.940265, 0.253961, -0.002831, 0.44332, -0.132535, -0.88651, -1.2e-05, 0.0, 0.0, 0.0, 1.0],
                [0.858282, 0.301275, 0.415428, 0.124994, 0.246579, -0.952072, 0.18101, -0.002831, 0.450047, -0.052922, -0.891434, -1.2e-05, 0.0, 0.0, 0.0, 1.0],
                [0.859033, 0.296629, 0.417214, 0.124994, 0.244155, -0.953751, 0.175375, -0.002831, 0.449935, -0.048788, -0.891726, -1.2e-05, 0.0, 0.0, 0.0, 1.0],
                [0.860429, 0.293062, 0.416857, 0.124994, 0.240809, -0.954815, 0.174201, -0.002831, 0.449069, -0.049505, -0.892123, -1.2e-05, 0.0, 0.0, 0.0, 1.0],
                [0.862688, 0.288396, 0.415442, 0.124994, 0.237899, -0.956327, 0.169853, -0.002831, 0.446279, -0.047697, -0.893621, -1.2e-05, 0.0, 0.0, 0.0, 1.0],
                [0.864926, 0.28375, 0.413982, 0.124994, 0.235004, -0.957807, 0.165494, -0.002831, 0.443469, -0.045852, -0.895115, -1.2e-05, 0.0, 0.0, 0.0, 1.0],
                [0.867147, 0.279122, 0.412481, 0.124994, 0.232122, -0.959253, 0.161124, -0.002831, 0.440642, -0.043973, -0.896604, -1.2e-05, 0.0, 0.0, 0.0, 1.0],
                [0.867536, 0.274988, 0.414435, 0.124994, 0.229242, -0.960552, 0.157468, -0.002831, 0.441384, -0.041603, -0.896352, -1.2e-05, 0.0, 0.0, 0.0, 1.0],
                [0.866325, 0.272129, 0.418832, 0.124994, 0.230216, -0.96172, 0.148668, -0.002831, 0.443253, -0.032373, -0.895811, -1.2e-05, 0.0, 0.0, 0.0, 1.0],
                [0.863747, 0.269053, 0.42608, 0.124994, 0.231116, -0.96288, 0.139491, -0.002831, 0.447789, -0.022011, -0.893867, -1.2e-05, 0.0, 0.0, 0.0, 1.0],
                [0.860657, 0.266699, 0.433744, 0.124994, 0.234033, -0.963745, 0.128193, -0.002831, 0.452203, -0.008819, -0.89187, -1.2e-05, 0.0, 0.0, 0.0, 1.0]
            ]
        },
        {
            "name": "Leg_R",
            "time": [0.0, 0.2667, 0.3333, 0.3667, 0.4, 0.4333, 0.4667, 0.5, 0.5333, 0.5667, 0.6, 0.6333, 0.6667, 0.7, 0.7333, 0.7667, 0.8, 0.8333, 0.8667, 0.9, 0.9333, 0.9667, 1.0, 1.0333, 1.0667, 1.1, 1.1333, 1.1667, 1.2, 1.2333, 1.2667, 1.3, 1.3333, 1.3667, 1.4, 1.4333, 1.4667, 1.5, 1.5333, 1.5667, 1.6, 1.6333, 1.6667, 1.7, 1.7333, 1.7667, 1.8, 1.8333, 1.8667, 1.9, 1.9333, 1.9667, 2.0],
            "transform": [
                [0.999993, 0.001941, -0.000212, 0.0, -0.000213, 0.216427, 0.976297, 0.37472, 0.001941, -0.976303, 0.216426, -0.0, 0.0, 0.0, 0.0, 1.0],
                [0.998971, 0.041523, 0.017999, -0.0, -0.01356, -0.104813, 0.994398, 0.37472, 0.043177, -0.993631, -0.104141, -0.0, 0.0, 0.0, 0.0, 1.0],
                [0.999994, 0.001781, -0.0008, 0.0, -0.000802, 0.748287, 0.663378, 0.37472, 0.001781, -0.663378, 0.748285, 0.0, 0.0, 0.0, 0.0, 1.0],
                [0.999992, 0.001936, -0.000254, -0.0, -0.000255, 0.258229, 0.966084, 0.37472, 0.001936, -0.966087, 0.258228, 0.0, 0.0, 0.0, 0.0, 1.0],
                [0.999992, 0.001951, -5.8e-05, -0.0, -6e-05, 0.060605, 0.998161, 0.37472, 0.001951, -0.998167, 0.060605, 0.0, 0.0, 0.0, 0.0, 1.0],
                [0.999993, 0.00195, 7.6e-05, -0.0, 7.6e-05, -0.077571, 0.996987, 0.37472, 0.00195, -0.996991, -0.077571, 0.0, 0.0, 0.0, 0.0, 1.0],
                [0.999993, 0.001946, 0.000137, -0.0, 0.000137, -0.140278, 0.990113, 0.37472, 0.001946, -0.990115, -0.140277, -0.0, 0.0, 0.0, 0.0, 1.0],
                [0.999993, 0.001945, 0.00016, 0.0, 0.00016, -0.163672, 0.986516, 0.37472, 0.001945, -0.986517, -0.163671, -0.0, 0.0, 0.0, 0.0, 1.0],
                [0.999992, 0.001939, 0.000224, 0.0, 0.000224, -0.227809, 0.973707, 0.37472, 0.001939, -0.97371, -0.227808, -0.0, 0.0, 0.0, 0.0, 1.0],
                [0.999993, 0.00193, 0.000289, 0.0, 0.000289, -0.293151, 0.956068, 0.37472, 0.00193, -0.956069, -0.29315, 0.0, 0.0, 0.0, 0.0, 1.0],
                [0.999992, 0.001924, 0.000324, 0.0, 0.000325, -0.328032, 0.944669, 0.37472, 0.001924, -0.94467, -0.328031, 0.0, 0.0, 0.0, 0.0, 1.0],
                [0.999991, 0.001924, 0.000325, 0.0, 0.000325, -0.328834, 0.944389, 0.37472, 0.001924, -0.944393, -0.328832, 0.0, 0.0, 0.0, 0.0, 1.0],
                [0.999993, 0.001927, 0.000311, -0.0, 0.000312, -0.315156, 0.949041, 0.37472, 0.001926, -0.949042, -0.315155, 0.0, 0.0, 0.0, 0.0, 1.0],
                [0.999993, 0.001931, 0.000289, 0.0, 0.00029, -0.29347, 0.955969, 0.37472, 0.001931, -0.955971, -0.293469, 0.0, 0.0, 0.0, 0.0, 1.0],
                [0.999992, 0.001934, 0.000268, 0.0, 0.000268, -0.271633, 0.962402, 0.37472, 0.001934, -0.962406, -0.271631, -0.0, 0.0, 0.0, 0.0, 1.0],
                [0.999992, 0.001936, 0.000252, 0.0, 0.000251, -0.255703, 0.966756, 0.37472, 0.001936, -0.96676, -0.255702, -0.0, 0.0, 0.0, 0.0, 1.0],
                [0.999992, 0.001936, 0.000244, 0.0, 0.000244, -0.248375, 0.968665, 0.37472, 0.001936, -0.968668, -0.248373, -0.0, 0.0, 0.0, 0.0, 1.0],
                [0.999992, 0.001937, 0.000238, 0.0, 0.000239, -0.242578, 0.970133, 0.37472, 0.001937, -0.970136, -0.242576, 0.0, 0.0, 0.0, 0.0, 1.0],
                [0.999992, 0.001937, 0.000234, 0.0, 0.000234, -0.23832, 0.971188, 0.37472, 0.001937, -0.971191, -0.238318, 0.0, 0.0, 0.0, 0.0, 1.0],
                [0.999992, 0.001938, 0.000228, -0.0, 0.000228, -0.232244, 0.972658, 0.37472, 0.001938, -0.972661, -0.232242, 0.0, 0.0, 0.0, 0.0, 1.0],
                [0.999991, 0.001939, 0.00022, 0.0, 0.000221, -0.224341, 0.974511, 0.37472, 0.001939, -0.974516, -0.22434, -0.0, 0.0, 0.0, 0.0, 1.0],
                [0.999992, 0.00194, 0.000213, -0.0, 0.000212, -0.216423, 0.9763, 0.37472, 0.00194, -0.976304, -0.216422, 0.0, 0.0, 0.0, 0.0, 1.0],
                [0.999992, 0.001943, 0.00018, 0.0, 0.000179, -0.183213, 0.983074, 0.37472, 0.001943, -0.983078, -0.183212, -0.0, 0.0, 0.0, 0.0, 1.0],
                [0.999992, 0.001949, 9.7e-05, -0.0, 9.7e-05, -0.099028, 0.995085, 0.37472, 0.001949, -0.995088, -0.099028, -0.0, 0.0, 0.0, 0.0, 1.0],
                [0.999992, 0.001953, -1.1e-05, -0.0, -1.2e-05, 0.011883, 0.999929, 0.37472, 0.001953, -0.999934, 0.011883, 0.0, 0.0, 0.0, 0.0, 1.0],
                [0.999992, 0.001949, -0.000118, -0.0, -0.000119, 0.121149, 0.992634, 0.37472, 0.001948, -0.992639, 0.121148, 0.0, 0.0, 0.0, 0.0, 1.0],
                [0.999991, 0.001942, -0.000213, -0.0, -0.000213, 0.21694, 0.976185, 0.37472, 0.001941, -0.97619, 0.216939, 0.0, 0.0, 0.0, 0.0, 1.0],
                [0.999993, 0.001928, -0.000306, 0.0, -0.000307, 0.310301, 0.950639, 0.37472, 0.001928, -0.950641, 0.3103, 0.0, 0.0, 0.0, 0.0, 1.0],
                [0.999993, 0.001912, -0.000398, -0.0, -0.0004, 0.399736, 0.916632, 0.37472, 0.001912, -0.916632, 0.399736, 0.0, 0.0, 0.0, 0.0, 1.0],
                [0.999992, 0.001891, -0.000486, 0.0, -0.000488, 0.48298, 0.875633, 0.37472, 0.001891, -0.875635, 0.482978, 0.0, 0.0, 0.0, 0.0, 1.0],
                [0.999992, 0.001869, -0.000567, 0.0, -0.000568, 0.55599, 0.831191, 0.37472, 0.001868, -0.831192, 0.555988, 0.0, 0.0, 0.0, 0.0, 1.0],
                [0.999992, 0.001848, -0.000631, -0.0, -0.000633, 0.612652, 0.790356, 0.37472, 0.001847, -0.790357, 0.61265, 0.0, 0.0, 0.0, 0.0, 1.0],
                [0.999992, 0.001845, -0.000641, 0.0, -0.000643, 0.621119, 0.78372, 0.37472, 0.001844, -0.783721, 0.621117, -0.0, 0.0, 0.0, 0.0, 1.0],
                [0.999992, 0.001854, -0.000613, 0.0, -0.000615, 0.596681, 0.802481, 0.37472, 0.001854, -0.802483, 0.596679, 0.0, 0.0, 0.0, 0.0, 1.0],
                [0.999991, 0.00187, -0.000562, -0.0, -0.000564, 0.552109, 0.833774, 0.37472, 0.00187, -0.833778, 0.552106, -0.0, 0.0, 0.0, 0.0, 1.0],
                [0.999992, 0.001886, -0.000508, 0.0, -0.000509, 0.502818, 0.864394, 0.37472, 0.001885, -0.864396, 0.502816, 0.0, 0.0, 0.0, 0.0, 1.0],
                [0.999992, 0.001895, -0.000474, -0.0, -0.000475, 0.471594, 0.881817, 0.37472, 0.001895, -0.881821, 0.471591, -0.0, 0.0, 0.0, 0.0, 1.0],
                [0.999993, 0.001893, -0.00048, -0.0, -0.000481, 0.477261, 0.878763, 0.37472, 0.001893, -0.878765, 0.477258, -0.0, 0.0, 0.0, 0.0, 1.0],
                [0.999993, 0.001879, -0.000533, 0.0, -0.000534, 0.525541, 0.85077, 0.37472, 0.001879, -0.850772, 0.525538, 0.0, 0.0, 0.0, 0.0, 1.0],
                [0.999993, 0.001854, -0.000617, -0.0, -0.000617, 0.599162, 0.800629, 0.37472, 0.001853, -0.800632, 0.599159, 0.0, 0.0, 0.0, 0.0, 1.0],
                [0.999993, 0.001818, -0.000719, 0.0, -0.000719, 0.683854, 0.729622, 0.37472, 0.001818, -0.729624, 0.68385, -0.0, 0.0, 0.0, 0.0, 1.0],
                [0.999993, 0.001773, -0.000821, -0.0, -0.000821, 0.762311, 0.647215, 0.37472, 0.001773, -0.647217, 0.762306, -0.0, 0.0, 0.0, 0.0, 1.0],
                [0.999993, 0.001738, -0.000893, 0.0, -0.000893, 0.813091, 0.582142, 0.37472, 0.001738, -0.582143, 0.813087, -0.0, 0.0, 0.0, 0.0, 1.0],
                [0.999993, 0.001677, -0.001003, -0.0, -0.001004, 0.881392, 0.472393, 0.37472, 0.001676, -0.472393, 0.881387, 0.0, 0.0, 0.0, 0.0, 1.0],
                [0.999993, 0.001676, -0.001005, -0.0, -0.001005, 0.882399, 0.470509, 0.37472, 0.001676, -0.470509, 0.882394, 0.0, 0.0, 0.0, 0.0, 1.0],
                [0.999994, 0.001676, -0.001005, 0.0, -0.001005, 0.882111, 0.471048, 0.37472, 0.001676, -0.471048, 0.882107, 0.0, 0.0, 0.0, 0.0, 1.0],
                [0.999994, 0.001676, -0.001005, -0.0, -0.001004, 0.881823, 0.471586, 0.37472, 0.001676, -0.471586, 0.881819, -0.0, 0.0, 0.0, 0.0, 1.0],
                [0.999993, 0.001676, -0.001004, 0.0, -0.001004, 0.881537, 0.472123, 0.37472, 0.001676, -0.472124, 0.881531, 0.0, 0.0, 0.0, 0.0, 1.0],
                [0.999994, 0.001675, -0.001006, 0.0, -0.001006, 0.882622, 0.470091, 0.37472, 0.001676, -0.470091, 0.882617, -0.0, 0.0, 0.0, 0.0, 1.0],
                [0.999993, 0.001673, -0.00101, -0.0, -0.00101, 0.885065, 0.465475, 0.37472, 0.001673, -0.465476, 0.885059, 0.0, 0.0, 0.0, 0.0, 1.0],
                [0.999994, 0.001664, -0.001024, -0.0, -0.001024, 0.892556, 0.450944, 0.37472, 0.001664, -0.450944, 0.892551, -0.0, 0.0, 0.0, 0.0, 1.0],
                [0.999993, 0.001651, -0.001046, 0.0, -0.001046, 0.904065, 0.427406, 0.37472, 0.001651, -0.427407, 0.904059, -0.0, 0.0, 0.0, 0.0, 1.0],
                [0.999994, 0.001637, -0.001067, -0.0, -0.001067, 0.914949, 0.403577, 0.37472, 0.001637, -0.403577, 0.914944, 0.0, 0.0, 0.0, 0.0, 1.0]
            ]
        },
        {
            "name": "Knee_R",
            "time": [0.0, 2.0],
            "transform": [
                [1.0, 0.0, -0.0, 0.0, -0.0, 1e-06, -1.0, 0.37472, -0.0, 1.0, 1e-06, -0.0, 0.0, 0.0, 0.0, 1.0],
                [1.0, 0.0, -0.0, -0.0, -0.0, 1e-06, -1.0, 0.37472, -0.0, 1.0, 1e-06, 0.0, 0.0, 0.0, 0.0, 1.0]
            ]
        },
        {
            "name": "Thigh_L",
            "time": [0.0, 0.2667, 0.3333, 0.3667, 0.4, 0.4333, 0.4667, 0.5, 0.5333, 0.5667, 0.6, 0.6333, 0.6667, 0.7, 0.7333, 0.7667, 0.8, 0.8333, 0.8667, 0.9, 0.9333, 0.9667, 1.0, 1.0333, 1.0667, 1.1, 1.1333, 1.1667, 1.2, 1.2333, 1.2667, 1.3, 1.3333, 1.3667, 1.4, 1.4333, 1.4667, 1.5, 1.5333, 1.5667, 1.6, 1.6333, 1.6667, 1.7, 1.7333, 1.7667, 1.8, 1.8333, 1.8667, 1.9, 1.9333, 1.9667, 2.0],
            "transform": [
                [0.993088, -0.084144, 0.08184, -0.125006, -0.11722, -0.747277, 0.654092, -0.002831, 0.006119, -0.659163, -0.751975, -1.2e-05, 0.0, 0.0, 0.0, 1.0],
                [0.985644, -0.096784, 0.138342, -0.125006, -0.166624, -0.425406, 0.889531, -0.002831, -0.027241, -0.899812, -0.435426, -1.2e-05, 0.0, 0.0, 0.0, 1.0],
                [0.922869, -0.264683, -0.279747, -0.125006, -0.253189, -0.964334, 0.077152, -0.002831, -0.290191, -0.000372, -0.956969, -1.2e-05, 0.0, 0.0, 0.0, 1.0],
                [0.827848, -0.286683, -0.482164, -0.125006, -0.401542, -0.903056, -0.152486, -0.002831, -0.391707, 0.319843, -0.862709, -1.2e-05, 0.0, 0.0, 0.0, 1.0],
                [0.902307, -0.229589, -0.364872, -0.125006, -0.337943, -0.902197, -0.26802, -0.002831, -0.267652, 0.365142, -0.891647, -1.2e-05, 0.0, 0.0, 0.0, 1.0],
                [0.968177, -0.146668, -0.202788, -0.125006, -0.215892, -0.899309, -0.380304, -0.002831, -0.126591, 0.411981, -0.902356, -1.2e-05, 0.0, 0.0, 0.0, 1.0],
                [0.980956, -0.13106, -0.143351, -0.125006, -0.180529, -0.887514, -0.423942, -0.002831, -0.071664, 0.441748, -0.894273, -1.2e-05, 0.0, 0.0, 0.0, 1.0],
                [0.979838, -0.143636, -0.138878, -0.125006, -0.188718, -0.893596, -0.407271, -0.002831, -0.065602, 0.425268, -0.902687, -1.2e-05, 0.0, 0.0, 0.0, 1.0],
                [0.973511, -0.161416, -0.161933, -0.125006, -0.212507, -0.900113, -0.38031, -0.002831, -0.08437, 0.404647, -0.910573, -1.2e-05, 0.0, 0.0, 0.0, 1.0],
                [0.966696, -0.179578, -0.182353, -0.125006, -0.234312, -0.907607, -0.348345, -0.002831, -0.10295, 0.379471, -0.919458, -1.2e-05, 0.0, 0.0, 0.0, 1.0],
                [0.961467, -0.191817, -0.196951, -0.125006, -0.248778, -0.911941, -0.326299, -0.002831, -0.117018, 0.362722, -0.924522, -1.2e-05, 0.0, 0.0, 0.0, 1.0],
                [0.958422, -0.197183, -0.206269, -0.125006, -0.254872, -0.9166, -0.308033, -0.002831, -0.128328, 0.347798, -0.928746, -1.2e-05, 0.0, 0.0, 0.0, 1.0],
                [0.955228, -0.20333, -0.214934, -0.125006, -0.261024, -0.921174, -0.288623, -0.002831, -0.139306, 0.331804, -0.933006, -1.2e-05, 0.0, 0.0, 0.0, 1.0],
                [0.95277, -0.207391, -0.22186, -0.125006, -0.264162, -0.926352, -0.26849, -0.002831, -0.149839, 0.314416, -0.937385, -1.2e-05, 0.0, 0.0, 0.0, 1.0],
                [0.951015, -0.210607, -0.226308, -0.125006, -0.266045, -0.930396, -0.252156, -0.002831, -0.15745, 0.300012, -0.940852, -1.2e-05, 0.0, 0.0, 0.0, 1.0],
                [0.949606, -0.212638, -0.230293, -0.125006, -0.266958, -0.933679, -0.238695, -0.002831, -0.164264, 0.288145, -0.943393, -1.2e-05, 0.0, 0.0, 0.0, 1.0],
                [0.94974, -0.212379, -0.22998, -0.125006, -0.265704, -0.935347, -0.233508, -0.002831, -0.165519, 0.282879, -0.944766, -1.2e-05, 0.0, 0.0, 0.0, 1.0],
                [0.951139, -0.211072, -0.225355, -0.125006, -0.262671, -0.936765, -0.231244, -0.002831, -0.162295, 0.279139, -0.946436, -1.2e-05, 0.0, 0.0, 0.0, 1.0],
                [0.953364, -0.208206, -0.218513, -0.125006, -0.258095, -0.937706, -0.232579, -0.002831, -0.156476, 0.27813, -0.947713, -1.2e-05, 0.0, 0.0, 0.0, 1.0],
                [0.955495, -0.206131, -0.211047, -0.125006, -0.254412, -0.937919, -0.235755, -0.002831, -0.149349, 0.278955, -0.948619, -1.2e-05, 0.0, 0.0, 0.0, 1.0],
                [0.957743, -0.204035, -0.202729, -0.125006, -0.25007, -0.938916, -0.23643, -0.002831, -0.142106, 0.277136, -0.950264, -1.2e-05, 0.0, 0.0, 0.0, 1.0],
                [0.960839, -0.187432, -0.204105, -0.125006, -0.235336, -0.940812, -0.243902, -0.002831, -0.14631, 0.282384, -0.948079, -1.2e-05, 0.0, 0.0, 0.0, 1.0],
                [0.964596, -0.164603, -0.206062, -0.125006, -0.214421, -0.944374, -0.249356, -0.002831, -0.153555, 0.284712, -0.946235, -1.2e-05, 0.0, 0.0, 0.0, 1.0],
                [0.968792, -0.13844, -0.205618, -0.125006, -0.186203, -0.953991, -0.235005, -0.002831, -0.163624, 0.265957, -0.949997, -1.2e-05, 0.0, 0.0, 0.0, 1.0],
                [0.972053, -0.120338, -0.201578, -0.125006, -0.160999, -0.966618, -0.199319, -0.002831, -0.170864, 0.226202, -0.958978, -1.2e-05, 0.0, 0.0, 0.0, 1.0],
                [0.97418, -0.114419, -0.194637, -0.125006, -0.144319, -0.978537, -0.147093, -0.002831, -0.17363, 0.171385, -0.969784, -1.2e-05, 0.0, 0.0, 0.0, 1.0],
                [0.975586, -0.12701, -0.17917, -0.125006, -0.140732, -0.987842, -0.066026, -0.002831, -0.168606, 0.08963, -0.9816, -1.2e-05, 0.0, 0.0, 0.0, 1.0],
                [0.976042, -0.158039, -0.14956, -0.125006, -0.147936, -0.986032, 0.076496, -0.002831, -0.159561, -0.052537, -0.985789, -1.2e-05, 0.0, 0.0, 0.0, 1.0],
                [0.97603, -0.189051, -0.107833, -0.125006, -0.158353, -0.956744, 0.244054, -0.002831, -0.149308, -0.221128, -0.963748, -1.2e-05, 0.0, 0.0, 0.0, 1.0],
                [0.976257, -0.207624, -0.061773, -0.125006, -0.169569, -0.909933, 0.378507, -0.002831, -0.134797, -0.359045, -0.923535, -1.2e-05, 0.0, 0.0, 0.0, 1.0],
                [0.977767, -0.20889, -0.01837, -0.125006, -0.176488, -0.86707, 0.465876, -0.002831, -0.113245, -0.452275, -0.884659, -1.2e-05, 0.0, 0.0, 0.0, 1.0],
                [0.979771, -0.198608, 0.024581, -0.125006, -0.182454, -0.836042, 0.51744, -0.002831, -0.082217, -0.511457, -0.855367, -1.2e-05, 0.0, 0.0, 0.0, 1.0],
                [0.980701, -0.187285, 0.056143, -0.125006, -0.187758, -0.822003, 0.537641, -0.002831, -0.054542, -0.537805, -0.841303, -1.2e-05, 0.0, 0.0, 0.0, 1.0],
                [0.983215, -0.170782, 0.064219, -0.125006, -0.179972, -0.849874, 0.4953, -0.002831, -0.030011, -0.498542, -0.866345, -1.2e-05, 0.0, 0.0, 0.0, 1.0],
                [0.985732, -0.152703, 0.070814, -0.125006, -0.168033, -0.868016, 0.46724, -0.002831, -0.009881, -0.472472, -0.88129, -1.2e-05, 0.0, 0.0, 0.0, 1.0],
                [0.987483, -0.137388, 0.077484, -0.125006, -0.157578, -0.880917, 0.446265, -0.002831, 0.006945, -0.452887, -0.89154, -1.2e-05, 0.0, 0.0, 0.0, 1.0],
                [0.988326, -0.127927, 0.082745, -0.125006, -0.151171, -0.890983, 0.428131, -0.002831, 0.018955, -0.435642, -0.89992, -1.2e-05, 0.0, 0.0, 0.0, 1.0],
                [0.988349, -0.125752, 0.085764, -0.125006, -0.150024, -0.900013, 0.409228, -0.002831, 0.025728, -0.417325, -0.908393, -1.2e-05, 0.0, 0.0, 0.0, 1.0],
                [0.988228, -0.125772, 0.087119, -0.125006, -0.15017, -0.906328, 0.394989, -0.002831, 0.02928, -0.40342, -0.914546, -1.2e-05, 0.0, 0.0, 0.0, 1.0],
                [0.98779, -0.128789, 0.087672, -0.125006, -0.152781, -0.910945, 0.383191, -0.002831, 0.030514, -0.391905, -0.919499, -1.2e-05, 0.0, 0.0, 0.0, 1.0],
                [0.987332, -0.13206, 0.087971, -0.125006, -0.155624, -0.914147, 0.374318, -0.002831, 0.030987, -0.383265, -0.923118, -1.2e-05, 0.0, 0.0, 0.0, 1.0],
                [0.986841, -0.136308, 0.086988, -0.125006, -0.158906, -0.917078, 0.36567, -0.002831, 0.029932, -0.37468, -0.926671, -1.2e-05, 0.0, 0.0, 0.0, 1.0],
                [0.986501, -0.13973, 0.085402, -0.125006, -0.161257, -0.919729, 0.357899, -0.002831, 0.028538, -0.366839, -0.929847, -1.2e-05, 0.0, 0.0, 0.0, 1.0],
                [0.986174, -0.143859, 0.08227, -0.125006, -0.163776, -0.921867, 0.351194, -0.002831, 0.02532, -0.359811, -0.932681, -1.2e-05, 0.0, 0.0, 0.0, 1.0],
                [0.985691, -0.149737, 0.077423, -0.125006, -0.167371, -0.924001, 0.343814, -0.002831, 0.020058, -0.351852, -0.935841, -1.2e-05, 0.0, 0.0, 0.0, 1.0],
                [0.985278, -0.154818, 0.072528, -0.125006, -0.170359, -0.924736, 0.34035, -0.002831, 0.014377, -0.347694, -0.937497, -1.2e-05, 0.0, 0.0, 0.0, 1.0],
                [0.984895, -0.159848, 0.066566, -0.125006, -0.172966, -0.926144, 0.33517, -0.002831, 0.008074, -0.34162, -0.939803, -1.2e-05, 0.0, 0.0, 0.0, 1.0],
                [0.984469, -0.164796, 0.060536, -0.125006, -0.175554, -0.927513, 0.329999, -0.002831, 0.001766, -0.3355, -0.942038, -1.2e-05, 0.0, 0.0, 0.0, 1.0],
                [0.983998, -0.169661, 0.054442, -0.125006, -0.178124, -0.928844, 0.324838, -0.002831, -0.004544, -0.329336, -0.944202, -1.2e-05, 0.0, 0.0, 0.0, 1.0],
                [0.983577, -0.172863, 0.051923, -0.125006, -0.180354, -0.92998, 0.320325, -0.002831, -0.007085, -0.324428, -0.945884, -1.2e-05, 0.0, 0.0, 0.0, 1.0],
                [0.983716, -0.172914, 0.049062, -0.125006, -0.179572, -0.933702, 0.309761, -0.002831, -0.007753, -0.313526, -0.949548, -1.2e-05, 0.0, 0.0, 0.0, 1.0],
                [0.984126, -0.170976, 0.047592, -0.125006, -0.177376, -0.938518, 0.296175, -0.002831, -0.005973, -0.299914, -0.953947, -1.2e-05, 0.0, 0.0, 0.0, 1.0],
                [0.984675, -0.168264, 0.045873, -0.125006, -0.174362, -0.943935, 0.280327, -0.002831, -0.003868, -0.284028, -0.958808, -1.2e-05, 0.0, 0.0, 0.0, 1.0]
            ]
        },
        {
            "name": "Leg_L",
            "time": [0.0, 0.2667, 0.3333, 0.3667, 0.4, 0.4333, 0.4667, 0.5, 0.5333, 0.5667, 0.6, 0.6333, 0.6667, 0.7, 0.7333, 0.7667, 0.8, 0.8333, 0.8667, 0.9, 0.9333, 0.9667, 1.0, 1.0333, 1.0667, 1.1, 1.1333, 1.1667, 1.2, 1.2333, 1.2667, 1.3, 1.3333, 1.3667, 1.4, 1.4333, 1.4667, 1.5, 1.5333, 1.5667, 1.6, 1.6333, 1.6667, 1.7, 1.7333, 1.7667, 1.8, 1.8333, 1.8667, 1.9, 1.9333, 1.9667, 2.0],
            "transform": [
                [0.999998, -0.001903, 0.00045, -0.0, 0.000449, 0.447165, 0.894451, 0.37472, -0.001903, -0.894449, 0.447166, 0.0, 0.0, 0.0, 0.0, 1.0],
                [0.998937, 0.045077, 0.009632, 0.0, -0.019941, 0.234202, 0.971983, 0.37472, 0.041559, -0.971142, 0.234852, -0.0, 0.0, 0.0, 0.0, 1.0],
                [0.999999, -0.001931, 0.000302, -0.0, 0.000301, 0.304606, 0.95248, 0.37472, -0.001931, -0.952475, 0.304607, 0.0, 0.0, 0.0, 0.0, 1.0],
                [0.999999, -0.001851, 0.000627, 0.0, 0.000627, 0.607769, 0.794114, 0.37472, -0.001851, -0.794111, 0.60777, 0.0, 0.0, 0.0, 0.0, 1.0],
                [0.999998, -0.001855, 0.000615, -0.0, 0.000614, 0.596677, 0.802482, 0.37472, -0.001856, -0.802479, 0.596678, -0.0, 0.0, 0.0, 0.0, 1.0],
                [0.999999, -0.001856, 0.000615, -0.0, 0.000614, 0.596676, 0.802482, 0.37472, -0.001856, -0.802478, 0.596677, -0.0, 0.0, 0.0, 0.0, 1.0],
                [0.999999, -0.00186, 0.000602, -0.0, 0.000602, 0.586059, 0.810268, 0.37472, -0.00186, -0.810265, 0.58606, 0.0, 0.0, 0.0, 0.0, 1.0],
                [0.999999, -0.001883, 0.000526, 0.0, 0.000526, 0.518103, 0.855319, 0.37472, -0.001883, -0.855315, 0.518104, 0.0, 0.0, 0.0, 0.0, 1.0],
                [0.999999, -0.001901, 0.00046, -0.0, 0.00046, 0.457628, 0.889144, 0.37472, -0.001901, -0.88914, 0.457629, 0.0, 0.0, 0.0, 0.0, 1.0],
                [0.999999, -0.001916, 0.000389, 0.0, 0.000389, 0.389813, 0.920894, 0.37472, -0.001916, -0.92089, 0.389814, 0.0, 0.0, 0.0, 0.0, 1.0],
                [0.999999, -0.001924, 0.000347, -0.0, 0.000347, 0.349481, 0.936944, 0.37472, -0.001924, -0.93694, 0.349482, -0.0, 0.0, 0.0, 0.0, 1.0],
                [0.999997, -0.001926, 0.000335, -0.0, 0.000335, 0.33786, 0.941196, 0.37472, -0.001926, -0.941195, 0.33786, -0.0, 0.0, 0.0, 0.0, 1.0],
                [0.999998, -0.001928, 0.000326, -0.0, 0.000326, 0.32883, 0.944389, 0.37472, -0.001928, -0.944386, 0.32883, 0.0, 0.0, 0.0, 0.0, 1.0],
                [0.999998, -0.001929, 0.000322, 0.0, 0.000321, 0.324622, 0.945845, 0.37472, -0.001929, -0.945841, 0.324623, 0.0, 0.0, 0.0, 0.0, 1.0],
                [0.999997, -0.001928, 0.00032, 0.0, 0.00032, 0.322614, 0.946531, 0.37472, -0.001928, -0.946529, 0.322614, 0.0, 0.0, 0.0, 0.0, 1.0],
                [0.999998, -0.001928, 0.00032, 0.0, 0.000319, 0.322212, 0.946668, 0.37472, -0.001928, -0.946666, 0.322212, 0.0, 0.0, 0.0, 0.0, 1.0],
                [0.999998, -0.001928, 0.000321, 0.0, 0.00032, 0.323417, 0.946257, 0.37472, -0.001929, -0.946254, 0.323417, 0.0, 0.0, 0.0, 0.0, 1.0],
                [0.999998, -0.001928, 0.000323, 0.0, 0.000322, 0.325142, 0.945666, 0.37472, -0.001928, -0.945662, 0.325143, -0.0, 0.0, 0.0, 0.0, 1.0],
                [0.999998, -0.001928, 0.000325, -0.0, 0.000324, 0.327385, 0.944892, 0.37472, -0.001928, -0.944889, 0.327385, 0.0, 0.0, 0.0, 0.0, 1.0],
                [0.999997, -0.001927, 0.000327, -0.0, 0.000326, 0.329626, 0.944112, 0.37472, -0.001928, -0.94411, 0.329626, -0.0, 0.0, 0.0, 0.0, 1.0],
                [0.999998, -0.001927, 0.00033, 0.0, 0.000328, 0.331865, 0.943327, 0.37472, -0.001927, -0.943324, 0.331866, 0.0, 0.0, 0.0, 0.0, 1.0],
                [0.999998, -0.001927, 0.000332, -0.0, 0.000331, 0.334102, 0.942537, 0.37472, -0.001927, -0.942535, 0.334102, -0.0, 0.0, 0.0, 0.0, 1.0],
                [0.999998, -0.001926, 0.000337, 0.0, 0.000337, 0.339197, 0.940716, 0.37472, -0.001926, -0.940712, 0.339197, 0.0, 0.0, 0.0, 0.0, 1.0],
                [0.999998, -0.001923, 0.000351, -0.0, 0.000351, 0.353378, 0.935481, 0.37472, -0.001923, -0.935477, 0.35338, 0.0, 0.0, 0.0, 0.0, 1.0],
                [0.999998, -0.00192, 0.000366, 0.0, 0.000365, 0.36748, 0.930032, 0.37472, -0.00192, -0.930029, 0.367481, 0.0, 0.0, 0.0, 0.0, 1.0],
                [0.999998, -0.001916, 0.000385, -0.0, 0.000385, 0.385963, 0.922514, 0.37472, -0.001916, -0.922512, 0.385963, -0.0, 0.0, 0.0, 0.0, 1.0],
                [0.999998, -0.001913, 0.0004, 0.0, 0.0004, 0.400455, 0.916317, 0.37472, -0.001913, -0.916314, 0.400455, -0.0, 0.0, 0.0, 0.0, 1.0],
                [0.999999, -0.001922, 0.00036, 0.0, 0.00036, 0.362033, 0.932166, 0.37472, -0.001922, -0.932161, 0.362034, -0.0, 0.0, 0.0, 0.0, 1.0],
                [0.999999, -0.001929, 0.000318, -0.0, 0.000317, 0.320804, 0.947147, 0.37472, -0.001929, -0.947141, 0.320805, -0.0, 0.0, 0.0, 0.0, 1.0],
                [0.999999, -0.001925, 0.00034, -0.0, 0.00034, 0.34237, 0.939565, 0.37472, -0.001925, -0.939562, 0.342371, -0.0, 0.0, 0.0, 0.0, 1.0],
                [0.999998, -0.00191, 0.000414, 0.0, 0.000414, 0.413992, 0.910281, 0.37472, -0.00191, -0.910278, 0.413992, 0.0, 0.0, 0.0, 0.0, 1.0],
                [0.999999, -0.001887, 0.000513, -0.0, 0.000511, 0.505815, 0.862642, 0.37472, -0.001887, -0.862639, 0.505815, 0.0, 0.0, 0.0, 0.0, 1.0],
                [0.999999, -0.001854, 0.000619, 0.0, 0.000617, 0.599774, 0.800169, 0.37472, -0.001855, -0.800166, 0.599775, -0.0, 0.0, 0.0, 0.0, 1.0],
                [1.0, -0.001837, 0.000669, 0.0, 0.000667, 0.642458, 0.76632, 0.37472, -0.001837, -0.766317, 0.642459, -0.0, 0.0, 0.0, 0.0, 1.0],
                [0.999998, -0.001825, 0.000701, 0.0, 0.000699, 0.668826, 0.743418, 0.37472, -0.001825, -0.743417, 0.668826, -0.0, 0.0, 0.0, 0.0, 1.0],
                [1.0, -0.001816, 0.000722, 0.0, 0.000721, 0.685929, 0.727667, 0.37472, -0.001817, -0.727664, 0.685931, 0.0, 0.0, 0.0, 0.0, 1.0],
                [0.999999, -0.001807, 0.000744, -0.0, 0.000742, 0.703253, 0.710939, 0.37472, -0.001808, -0.710936, 0.703253, 0.0, 0.0, 0.0, 0.0, 1.0],
                [0.999999, -0.001798, 0.000766, -0.0, 0.000766, 0.721052, 0.692879, 0.37472, -0.001799, -0.692876, 0.721053, 0.0, 0.0, 0.0, 0.0, 1.0],
                [1.0, -0.001788, 0.000789, -0.0, 0.000788, 0.738386, 0.674376, 0.37472, -0.001789, -0.674372, 0.738388, -0.0, 0.0, 0.0, 0.0, 1.0],
                [1.0, -0.00178, 0.000808, 0.0, 0.000807, 0.752408, 0.658696, 0.37472, -0.00178, -0.658693, 0.752409, 0.0, 0.0, 0.0, 0.0, 1.0],
                [0.999999, -0.001771, 0.000827, -0.0, 0.000826, 0.766097, 0.642724, 0.37472, -0.001772, -0.642721, 0.766098, -0.0, 0.0, 0.0, 0.0, 1.0],
                [0.999999, -0.001764, 0.000841, 0.0, 0.00084, 0.776539, 0.630068, 0.37472, -0.001765, -0.630065, 0.77654, 0.0, 0.0, 0.0, 0.0, 1.0],
                [0.999999, -0.001758, 0.000856, -0.0, 0.000855, 0.786772, 0.617241, 0.37472, -0.001758, -0.617238, 0.786774, 0.0, 0.0, 0.0, 0.0, 1.0],
                [1.0, -0.001751, 0.000868, 0.0, 0.000867, 0.795651, 0.605753, 0.37472, -0.001752, -0.60575, 0.795652, 0.0, 0.0, 0.0, 0.0, 1.0],
                [0.999999, -0.001746, 0.000879, -0.0, 0.000878, 0.803242, 0.595651, 0.37472, -0.001746, -0.595649, 0.803242, -0.0, 0.0, 0.0, 0.0, 1.0],
                [1.0, -0.00174, 0.000891, 0.0, 0.000889, 0.810703, 0.585455, 0.37472, -0.001741, -0.585452, 0.810704, 0.0, 0.0, 0.0, 0.0, 1.0],
                [0.999999, -0.001734, 0.000902, 0.0, 0.0009, 0.818035, 0.575166, 0.37472, -0.001735, -0.575164, 0.818036, -0.0, 0.0, 0.0, 0.0, 1.0],
                [0.999999, -0.001728, 0.000913, 0.0, 0.00091, 0.825237, 0.564785, 0.37472, -0.00173, -0.564783, 0.825238, -0.0, 0.0, 0.0, 0.0, 1.0],
                [0.999999, -0.001722, 0.000924, -0.0, 0.000923, 0.833, 0.553272, 0.37472, -0.001723, -0.55327, 0.833, -0.0, 0.0, 0.0, 0.0, 1.0],
                [1.0, -0.001715, 0.000937, -0.0, 0.000936, 0.84128, 0.540598, 0.37472, -0.001716, -0.540595, 0.841281, 0.0, 0.0, 0.0, 0.0, 1.0],
                [1.0, -0.001705, 0.000954, 0.0, 0.000953, 0.851805, 0.523856, 0.37472, -0.001706, -0.523854, 0.851806, 0.0, 0.0, 0.0, 0.0, 1.0],
                [0.999999, -0.001693, 0.000977, 0.0, 0.000976, 0.865623, 0.500694, 0.37472, -0.001694, -0.500692, 0.865624, 0.0, 0.0, 0.0, 0.0, 1.0],
                [0.999998, -0.001678, 0.001002, 0.0, 0.001001, 0.880034, 0.474909, 0.37472, -0.001679, -0.474907, 0.880034, 0.0, 0.0, 0.0, 0.0, 1.0]
            ]
        },
        {
            "name": "Knee_L",
            "time": [0.0, 2.0],
            "transform": [
                [1.0, 0.0, -0.0, -0.0, -0.0, 1e-06, -1.0, 0.37472, -0.0, 1.0, 1e-06, 0.0, 0.0, 0.0, 0.0, 1.0],
                [1.0, 0.0, -0.0, 0.0, -0.0, 1e-06, -1.0, 0.37472, -0.0, 1.0, 1e-06, 0.0, 0.0, 0.0, 0.0, 1.0]
            ]
        },
        {
            "name": "Torso",
            "time": [0.0, 0.0333, 0.0667, 0.1, 0.1333, 0.1667, 0.2, 0.2333, 0.2667, 0.3, 0.3333, 0.3667, 0.4, 0.4333, 0.4667, 0.5, 0.5333, 0.5667, 0.6, 0.6333, 0.6667, 0.7, 0.7333, 0.7667, 0.8, 0.8333, 0.8667, 0.9, 0.9333, 0.9667, 1.0, 1.0333, 1.0667, 1.1, 1.1333, 1.1667, 1.2, 1.2333, 1.2667, 1.3, 1.3333, 1.3667, 1.4, 1.4333, 1.4667, 1.5, 1.5333, 1.5667, 1.6, 1.6333, 1.6667, 1.7, 1.7333, 1.7667, 1.8, 1.8333, 1.8667, 1.9, 1.9333, 1.9667, 2.0],
            "transform": [
                [0.99804, 0.032427, 0.053514, 0.0, -0.062563, 0.53167, 0.844638, 0.05, -0.001063, -0.846331, 0.532657, 0.0, 0.0, 0.0, 0.0, 1.0],
                [0.986731, 0.10058, -0.127455, 0.0, 0.049762, 0.559881, 0.827077, 0.05, 0.154547, -0.822446, 0.547447, 0.0, 0.0, 0.0, 0.0, 1.0],
                [0.915391, 0.165443, -0.366999, 0.0, 0.19438, 0.616683, 0.762835, 0.05, 0.352527, -0.76963, 0.532348, 0.0, 0.0, 0.0, 0.0, 1.0],
                [0.82473, 0.189496, -0.532834, 0.0, 0.275245, 0.688564, 0.670909, 0.05, 0.494026, -0.699979, 0.515721, 0.0, 0.0, 0.0, 0.0, 1.0],
                [0.785424, 0.187422, -0.5899, 0.0, 0.246343, 0.779665, 0.575707, 0.05, 0.567824, -0.597492, 0.566197, 0.0, 0.0, 0.0, 0.0, 1.0],
                [0.782229, 0.16549, -0.600609, 0.0, 0.162507, 0.876495, 0.453154, 0.05, 0.601423, -0.452073, 0.658726, 0.0, 0.0, 0.0, 0.0, 1.0],
                [0.788133, 0.116361, -0.604406, 0.0, 0.092868, 0.948245, 0.303656, 0.05, 0.608459, -0.295451, 0.736537, 0.0, 0.0, 0.0, 0.0, 1.0],
                [0.783325, 0.069041, -0.617767, 0.0, 0.009486, 0.992368, 0.122934, 0.05, 0.621541, -0.102157, 0.776692, 0.0, 0.0, 0.0, 0.0, 1.0],
                [0.798642, 0.040905, -0.600414, 0.0, -0.094856, 0.993772, -0.058469, 0.05, 0.594284, 0.103649, 0.797549, 0.0, 0.0, 0.0, 0.0, 1.0],
                [0.879759, 0.04777, -0.473016, 0.0, -0.144246, 0.974858, -0.16983, 0.05, 0.453011, 0.21764, 0.864531, 0.0, 0.0, 0.0, 0.0, 1.0],
                [0.993952, -0.104987, 0.032221, 0.0, 0.105233, 0.994429, -0.006023, 0.05, -0.031409, 0.009377, 0.999463, 0.0, 0.0, 0.0, 0.0, 1.0],
                [0.841727, -0.185725, 0.506954, 0.0, 0.051528, 0.962319, 0.266994, 0.05, -0.53744, -0.198614, 0.81958, 0.0, 0.0, 0.0, 0.0, 1.0],
                [0.852458, -0.166705, 0.495504, 0.0, -0.061529, 0.909218, 0.411747, 0.05, -0.519162, -0.381485, 0.764814, 0.0, 0.0, 0.0, 0.0, 1.0],
                [0.941501, -0.069754, 0.329711, 0.0, -0.12938, 0.828563, 0.544743, 0.05, -0.311185, -0.555534, 0.771068, 0.0, 0.0, 0.0, 0.0, 1.0],
                [0.992963, 0.081049, -0.086346, 0.0, 0.001321, 0.721489, 0.692425, 0.05, 0.118418, -0.687666, 0.716305, 0.0, 0.0, 0.0, 0.0, 1.0],
                [0.888468, 0.177253, -0.423327, 0.0, 0.271421, 0.540859, 0.796117, 0.05, 0.370074, -0.822225, 0.432426, 0.0, 0.0, 0.0, 0.0, 1.0],
                [0.862467, 0.192491, -0.468079, 0.0, 0.324152, 0.500176, 0.802963, 0.05, 0.388685, -0.844258, 0.368989, 0.0, 0.0, 0.0, 0.0, 1.0],
                [0.860609, 0.192611, -0.471438, 0.0, 0.335244, 0.482583, 0.809151, 0.05, 0.383359, -0.854409, 0.350743, 0.0, 0.0, 0.0, 0.0, 1.0],
