{
    "animation": [
        {
            "name": "Root",
            "time": [0.0, 0.0417, 0.0833, 0.125, 0.1667, 0.2083, 0.25, 0.2917, 0.3333, 0.375, 0.4167, 0.4583, 0.5, 0.5417, 0.5833, 0.625, 0.6667, 0.7083, 0.75, 0.7917, 0.8333, 0.875, 0.9167, 0.9583, 1.0, 1.0417, 1.0833, 1.125, 1.1667, 1.2083, 1.25, 1.2917, 1.3333, 1.375, 1.4167, 1.4583, 1.5, 1.5417, 1.5833, 1.625, 1.6667, 1.7083, 1.75, 1.7917, 1.8333, 1.875, 1.9167, 1.9583, 2.0, 2.0417, 2.0833, 2.125, 2.1667, 2.2083, 2.25, 2.2917, 2.3333, 2.375, 2.4167, 2.4583, 2.5, 2.5417, 2.5833, 2.625, 2.6667, 2.7083, 2.75, 2.7917, 3.0417],
            "transform": [
                [0.999994, -0.00122, 0.003096, 0.01901, 0.003101, 0.003713, -0.999988, 0.1136, 0.001208, 0.999992, 0.003717, 0.301541, 0.0, 0.0, 0.0, 1.0],
                [0.999994, -0.001234, 0.00309, 0.007627, 0.003095, 0.003708, -0.999988, 0.218127, 0.001223, 0.999992, 0.003712, 0.344411, 0.0, 0.0, 0.0, 1.0],
                [0.999994, -0.001264, 0.003078, -0.003035, 0.003083, 0.003698, -0.999988, 0.312879, 0.001252, 0.999992, 0.003702, 0.379177, 0.0, 0.0, 0.0, 1.0],
                [0.999994, -0.001332, 0.003051, -0.003569, 0.003056, 0.003674, -0.999989, 0.358989, 0.001321, 0.999992, 0.003678, 0.367509, 0.0, 0.0, 0.0, 1.0],
                [0.999994, -0.001445, 0.003008, 0.004451, 0.003013, 0.003631, -0.999989, 0.365352, 0.001434, 0.999992, 0.003635, 0.327056, 0.0, 0.0, 0.0, 1.0],
                [0.999994, -0.00159, 0.002959, 0.015847, 0.002965, 0.00357, -0.999989, 0.36772, 0.001579, 0.999992, 0.003575, 0.307345, 0.0, 0.0, 0.0, 1.0],
                [0.999994, -0.001747, 0.002912, 0.028441, 0.002918, 0.003496, -0.99999, 0.368388, 0.001737, 0.999992, 0.003502, 0.293475, 0.0, 0.0, 0.0, 1.0],
                [0.999994, -0.001944, 0.002862, 0.044685, 0.002869, 0.00339, -0.99999, 0.366831, 0.001934, 0.999992, 0.003396, 0.279716, 0.0, 0.0, 0.0, 1.0],
                [0.999993, -0.002126, 0.002823, 0.060934, 0.00283, 0.003279, -0.999991, 0.364395, 0.002117, 0.999992, 0.003285, 0.266645, 0.0, 0.0, 0.0, 1.0],
                [0.999993, -0.002249, 0.002802, 0.073943, 0.002809, 0.003196, -0.999991, 0.362957, 0.00224, 0.999992, 0.003202, 0.256188, 0.0, 0.0, 0.0, 1.0],
                [0.999993, -0.002314, 0.002792, 0.083715, 0.0028, 0.003149, -0.999991, 0.361244, 0.002305, 0.999992, 0.003156, 0.246532, 0.0, 0.0, 0.0, 1.0],
                [0.999993, -0.002316, 0.002792, 0.091765, 0.002799, 0.003148, -0.999991, 0.359555, 0.002308, 0.999992, 0.003154, 0.239278, 0.0, 0.0, 0.0, 1.0],
                [0.999993, -0.002362, 0.002787, 0.098964, 0.002794, 0.003113, -0.999991, 0.361917, 0.002353, 0.999992, 0.00312, 0.231434, 0.0, 0.0, 0.0, 1.0],
                [0.999993, -0.002455, 0.002776, 0.103387, 0.002783, 0.00304, -0.999991, 0.378475, 0.002447, 0.999992, 0.003047, 0.222702, 0.0, 0.0, 0.0, 1.0],
                [0.999993, -0.002075, 0.002836, 0.090875, 0.002843, 0.003307, -0.99999, 0.449774, 0.002065, 0.999992, 0.003313, 0.216622, 0.0, 0.0, 0.0, 1.0],
                [0.999994, -0.001328, 0.003059, 0.070462, 0.003064, 0.003668, -0.999989, 0.586176, 0.001316, 0.999992, 0.003672, 0.215168, 0.0, 0.0, 0.0, 1.0],
                [0.999993, -0.000444, 0.003534, 0.039721, 0.003536, 0.003883, -0.999986, 0.870981, 0.000431, 0.999992, 0.003885, 0.221333, 0.0, 0.0, 0.0, 1.0],
                [1.0, 0.000401, 1e-06, 0.033601, -0.0, 0.003888, -0.999992, 1.127352, -0.000401, 0.999992, 0.003888, 0.244808, 0.0, 0.0, 0.0, 1.0],
                [0.999999, 0.001156, 3e-06, 0.082699, -2e-06, 0.003733, -0.999993, 1.264816, -0.001156, 0.999992, 0.003733, 0.298784, 0.0, 0.0, 0.0, 1.0],
                [0.999998, 0.001837, 4e-06, 0.150629, -3e-06, 0.00345, -0.999994, 1.366914, -0.001837, 0.999992, 0.00345, 0.364498, 0.0, 0.0, 0.0, 1.0],
                [0.999997, 0.002341, 4e-06, 0.198162, -3e-06, 0.003129, -0.999995, 1.467158, -0.002341, 0.999992, 0.003129, 0.419938, 0.0, 0.0, 0.0, 1.0],
                [0.999996, 0.002569, 4e-06, 0.188184, -4e-06, 0.002945, -0.999996, 1.583657, -0.002569, 0.999992, 0.002945, 0.451998, 0.0, 0.0, 0.0, 1.0],
                [0.999996, 0.002617, 4e-06, 0.155396, -4e-06, 0.002902, -0.999996, 1.673418, -0.002617, 0.999992, 0.002902, 0.457811, 0.0, 0.0, 0.0, 1.0],
                [0.999996, 0.002654, 4e-06, 0.132544, -4e-06, 0.002869, -0.999996, 1.727017, -0.002654, 0.999992, 0.002869, 0.44382, 0.0, 0.0, 0.0, 1.0],
                [0.999996, 0.002689, 4e-06, 0.109748, -4e-06, 0.002836, -0.999996, 1.778439, -0.002689, 0.999992, 0.002836, 0.424092, 0.0, 0.0, 0.0, 1.0],
                [0.999996, 0.002715, 4e-06, 0.087075, -4e-06, 0.002812, -0.999996, 1.826304, -0.002715, 0.999992, 0.002812, 0.40125, 0.0, 0.0, 0.0, 1.0],
                [0.999996, 0.00274, 4e-06, 0.064601, -4e-06, 0.002787, -0.999996, 1.869221, -0.00274, 0.999992, 0.002787, 0.378408, 0.0, 0.0, 0.0, 1.0],
                [0.999996, 0.002756, 4e-06, 0.043384, -3e-06, 0.002771, -0.999996, 1.905808, -0.002756, 0.999992, 0.002771, 0.355566, 0.0, 0.0, 0.0, 1.0],
                [0.999996, 0.002764, 4e-06, 0.024476, -3e-06, 0.002764, -0.999996, 1.93468, -0.002764, 0.999992, 0.002764, 0.337953, 0.0, 0.0, 0.0, 1.0],
                [0.999996, 0.002765, 4e-06, 0.009188, -4e-06, 0.002762, -0.999996, 1.954452, -0.002765, 0.999992, 0.002762, 0.32713, 0.0, 0.0, 0.0, 1.0],
                [0.999996, 0.002758, 4e-06, -0.003945, -4e-06, 0.002769, -0.999996, 1.963551, -0.002758, 0.999992, 0.002769, 0.322144, 0.0, 0.0, 0.0, 1.0],
                [0.999996, 0.002745, 4e-06, -0.016083, -4e-06, 0.002782, -0.999996, 1.963057, -0.002745, 0.999992, 0.002782, 0.317158, 0.0, 0.0, 0.0, 1.0],
                [0.999996, 0.002732, 4e-06, -0.027056, -4e-06, 0.002795, -0.999996, 1.955573, -0.002732, 0.999992, 0.002795, 0.314897, 0.0, 0.0, 0.0, 1.0],
                [0.999996, 0.00271, 4e-06, -0.036703, -4e-06, 0.002817, -0.999996, 1.943703, -0.00271, 0.999992, 0.002816, 0.314716, 0.0, 0.0, 0.0, 1.0],
                [0.999996, 0.002687, 4e-06, -0.045009, -4e-06, 0.002838, -0.999996, 1.930043, -0.002687, 0.999992, 0.002838, 0.31683, 0.0, 0.0, 0.0, 1.0],
                [0.999996, 0.002657, 4e-06, -0.052567, -4e-06, 0.002866, -0.999996, 1.917202, -0.002657, 0.999992, 0.002866, 0.321443, 0.0, 0.0, 0.0, 1.0],
                [0.999996, 0.002627, 4e-06, -0.056448, -4e-06, 0.002894, -0.999996, 1.907774, -0.002627, 0.999992, 0.002894, 0.328763, 0.0, 0.0, 0.0, 1.0],
                [0.999996, 0.002588, 4e-06, -0.060329, -4e-06, 0.002929, -0.999996, 1.904368, -0.002588, 0.999992, 0.002929, 0.338986, 0.0, 0.0, 0.0, 1.0],
                [0.999996, 0.002548, 5e-06, -0.060473, -3e-06, 0.002964, -0.999996, 1.90958, -0.002548, 0.999992, 0.002964, 0.352314, 0.0, 0.0, 0.0, 1.0],
                [0.999996, 0.002502, 4e-06, -0.058803, -3e-06, 0.003004, -0.999995, 1.922628, -0.002502, 0.999992, 0.003004, 0.369425, 0.0, 0.0, 0.0, 1.0],
                [0.999996, 0.002454, 4e-06, -0.055351, -3e-06, 0.003042, -0.999995, 1.940374, -0.002454, 0.999992, 0.003042, 0.390338, 0.0, 0.0, 0.0, 1.0],
                [0.999997, 0.002401, 4e-06, -0.050469, -3e-06, 0.003085, -0.999995, 1.961893, -0.002401, 0.999992, 0.003085, 0.414288, 0.0, 0.0, 0.0, 1.0],
                [0.999997, 0.002347, 4e-06, -0.044063, -4e-06, 0.003126, -0.999995, 1.986259, -0.002347, 0.999992, 0.003126, 0.440512, 0.0, 0.0, 0.0, 1.0],
                [0.999997, 0.002287, 4e-06, -0.036606, -3e-06, 0.00317, -0.999995, 2.012551, -0.002287, 0.999992, 0.00317, 0.468641, 0.0, 0.0, 0.0, 1.0],
                [0.999997, 0.002226, 4e-06, -0.028829, -3e-06, 0.003213, -0.999995, 2.039838, -0.002226, 0.999992, 0.003213, 0.49677, 0.0, 0.0, 0.0, 1.0],
                [0.999997, 0.00216, 4e-06, -0.021056, -3e-06, 0.003258, -0.999995, 2.067198, -0.00216, 0.999992, 0.003258, 0.5249, 0.0, 0.0, 0.0, 1.0],
                [0.999997, 0.002092, 3e-06, -0.013285, -4e-06, 0.003301, -0.999995, 2.093706, -0.002092, 0.999992, 0.003301, 0.553029, 0.0, 0.0, 0.0, 1.0],
                [0.999998, 0.002021, 4e-06, -0.005521, -3e-06, 0.003347, -0.999994, 2.118435, -0.002021, 0.999992, 0.003347, 0.57926, 0.0, 0.0, 0.0, 1.0],
                [0.999998, 0.001947, 4e-06, 0.001916, -3e-06, 0.003388, -0.999994, 2.140575, -0.001947, 0.999992, 0.003388, 0.603346, 0.0, 0.0, 0.0, 1.0],
                [0.999998, 0.001871, 4e-06, 0.008226, -3e-06, 0.003432, -0.999994, 2.158857, -0.001871, 0.999992, 0.003432, 0.62413, 0.0, 0.0, 0.0, 1.0],
                [0.999998, 0.001793, 3e-06, 0.013175, -3e-06, 0.003473, -0.999994, 2.172698, -0.001793, 0.999992, 0.003473, 0.641247, 0.0, 0.0, 0.0, 1.0],
                [0.999998, 0.001708, 3e-06, 0.016889, -3e-06, 0.003516, -0.999994, 2.180161, -0.001708, 0.999992, 0.003516, 0.652922, 0.0, 0.0, 0.0, 1.0],
                [0.999998, 0.00161, 3e-06, 0.019627, -3e-06, 0.003561, -0.999994, 2.181067, -0.00161, 0.999992, 0.003561, 0.658937, 0.0, 0.0, 0.0, 1.0],
                [0.999998, 0.001505, 3e-06, 0.021514, -2e-06, 0.003607, -0.999993, 2.176946, -0.001505, 0.999992, 0.003607, 0.660625, 0.0, 0.0, 0.0, 1.0],
                [0.999999, 0.001396, 3e-06, 0.022637, -2e-06, 0.003652, -0.999993, 2.169331, -0.001396, 0.999992, 0.003652, 0.659348, 0.0, 0.0, 0.0, 1.0],
                [0.999999, 0.001285, 3e-06, 0.023082, -2e-06, 0.003691, -0.999993, 2.159757, -0.001285, 0.999992, 0.003691, 0.656643, 0.0, 0.0, 0.0, 1.0],
                [0.999999, 0.00118, 2e-06, 0.023181, -2e-06, 0.003728, -0.999993, 2.149754, -0.00118, 0.999992, 0.003728, 0.653938, 0.0, 0.0, 0.0, 1.0],
                [0.999999, 0.001072, 2e-06, 0.023198, -2e-06, 0.003758, -0.999993, 2.140856, -0.001072, 0.999992, 0.003758, 0.651233, 0.0, 0.0, 0.0, 1.0],
                [0.999999, 0.000979, 2e-06, 0.023143, -1e-06, 0.003784, -0.999993, 2.1346, -0.000979, 0.999992, 0.003784, 0.651603, 0.0, 0.0, 0.0, 1.0],
                [0.999999, 0.000896, 2e-06, 0.023011, -1e-06, 0.003804, -0.999993, 2.130103, -0.000896, 0.999992, 0.003804, 0.655101, 0.0, 0.0, 0.0, 1.0],
                [0.999999, 0.000823, 2e-06, 0.020753, -1e-06, 0.00382, -0.999993, 2.125639, -0.000823, 0.999992, 0.00382, 0.658598, 0.0, 0.0, 0.0, 1.0],
                [0.999999, 0.000763, 2e-06, 0.018578, -1e-06, 0.003833, -0.999993, 2.121484, -0.000763, 0.999992, 0.003833, 0.662096, 0.0, 0.0, 0.0, 1.0],
                [0.999999, 0.000717, 1e-06, 0.016566, -1e-06, 0.003842, -0.999993, 2.117917, -0.000717, 0.999992, 0.003842, 0.665594, 0.0, 0.0, 0.0, 1.0],
                [0.999999, 0.000684, 2e-06, 0.014784, -1e-06, 0.003848, -0.999993, 2.115199, -0.000684, 0.999992, 0.003848, 0.666991, 0.0, 0.0, 0.0, 1.0],
                [0.999999, 0.000665, 1e-06, 0.013197, -1e-06, 0.003851, -0.999993, 2.113191, -0.000665, 0.999992, 0.003851, 0.668371, 0.0, 0.0, 0.0, 1.0],
                [0.999999, 0.000653, 1e-06, 0.011648, -1e-06, 0.003853, -0.999992, 2.111459, -0.000653, 0.999992, 0.003853, 0.66976, 0.0, 0.0, 0.0, 1.0],
                [0.999999, 0.000642, 1e-06, 0.010139, -1e-06, 0.003856, -0.999992, 2.109963, -0.000642, 0.999992, 0.003856, 0.669972, 0.0, 0.0, 0.0, 1.0],
                [1.0, 0.000639, 2e-06, 0.008669, -1e-06, 0.003856, -0.999992, 2.108655, -0.000639, 0.999992, 0.003856, 0.670184, 0.0, 0.0, 0.0, 1.0],
                [1.0, 0.000632, 1e-06, 0.001674, -2e-06, 0.003857, -0.999992, 2.103134, -0.000632, 0.999992, 0.003857, 0.666162, 0.0, 0.0, 0.0, 1.0]
            ]
        },
        {
            "name": "Thigh_R",
            "time": [0.0, 0.0417, 0.0833, 0.125, 0.1667, 0.2083, 0.25, 0.2917, 0.3333, 0.375, 0.4167, 0.4583, 0.5, 0.5417, 0.5833, 0.625, 0.6667, 0.7083, 0.75, 0.7917, 0.8333, 0.875, 0.9167, 0.9583, 1.0, 1.0417, 1.0833, 1.125, 1.1667, 1.2083, 1.25, 1.2917, 1.3333, 1.375, 1.4167, 1.4583, 1.5, 1.5417, 1.5833, 1.625, 1.6667, 1.7083, 1.75, 1.7917, 1.8333, 1.875, 1.9167, 1.9583, 2.0, 2.0417, 2.0833, 2.125, 2.1667, 2.2083, 2.25, 2.2917, 2.3333, 2.375, 2.4167, 2.4583, 2.5, 2.5417, 2.5833, 2.625, 2.6667, 2.7083, 2.75, 2.7917, 3.0417],
            "transform": [
                [0.984795, 0.161995, -0.062688, 0.09227, 0.119773, -0.371914, 0.920508, 0.046175, 0.125803, -0.914026, -0.385663, 0.028516, 0.0, 0.0, 0.0, 1.0],
                [0.98143, 0.18585, -0.047421, 0.09227, 0.151098, -0.596861, 0.78799, 0.046175, 0.118144, -0.780527, -0.61386, 0.028516, 0.0, 0.0, 0.0, 1.0],
                [0.972722, 0.186009, -0.138586, 0.09227, 0.221809, -0.571099, 0.790347, 0.046175, 0.067865, -0.799533, -0.59678, 0.028516, 0.0, 0.0, 0.0, 1.0],
                [0.938979, 0.134105, -0.316747, 0.09227, 0.343848, -0.341894, 0.874573, 0.046175, 0.008991, -0.930124, -0.367143, 0.028516, 0.0, 0.0, 0.0, 1.0],
                [0.914713, 0.072979, -0.397454, 0.09227, 0.402062, -0.26295, 0.877042, 0.046175, -0.040505, -0.962049, -0.269866, 0.028516, 0.0, 0.0, 0.0, 1.0],
                [0.893407, 0.02427, -0.448586, 0.09227, 0.438447, -0.26468, 0.8589, 0.046175, -0.097886, -0.964034, -0.247108, 0.028516, 0.0, 0.0, 0.0, 1.0],
                [0.868606, -0.016058, -0.495239, 0.09227, 0.472066, -0.276904, 0.836945, 0.046175, -0.150573, -0.960767, -0.23294, 0.028516, 0.0, 0.0, 0.0, 1.0],
                [0.83861, -0.066476, -0.540657, 0.09227, 0.504414, -0.279949, 0.816819, 0.046175, -0.205654, -0.957714, -0.201237, 0.028516, 0.0, 0.0, 0.0, 1.0],
                [0.81997, -0.094745, -0.564508, 0.09227, 0.525784, -0.265169, 0.80823, 0.046175, -0.226265, -0.959539, -0.167615, 0.028516, 0.0, 0.0, 0.0, 1.0],
                [0.812914, -0.103058, -0.57319, 0.09227, 0.537927, -0.244266, 0.806826, 0.046175, -0.223159, -0.96422, -0.14313, 0.028516, 0.0, 0.0, 0.0, 1.0],
                [0.815369, -0.102889, -0.569722, 0.09227, 0.541212, -0.213956, 0.81321, 0.046175, -0.205565, -0.971412, -0.118769, 0.028516, 0.0, 0.0, 0.0, 1.0],
                [0.822437, -0.105371, -0.559009, 0.09227, 0.536375, -0.183643, 0.823758, 0.046175, -0.189458, -0.977332, -0.094517, 0.028516, 0.0, 0.0, 0.0, 1.0],
                [0.805993, -0.145597, -0.573736, 0.09227, 0.54717, -0.186446, 0.815992, 0.046175, -0.225776, -0.97162, -0.070608, 0.028516, 0.0, 0.0, 0.0, 1.0],
                [0.75448, -0.221992, -0.617638, 0.09227, 0.570157, -0.244421, 0.784333, 0.046175, -0.325077, -0.94392, -0.057841, 0.028516, 0.0, 0.0, 0.0, 1.0],
                [0.795261, -0.22808, -0.561727, 0.09227, 0.490711, -0.301955, 0.817328, 0.046175, -0.35603, -0.92564, -0.128212, 0.028516, 0.0, 0.0, 0.0, 1.0],
                [0.900017, -0.158378, -0.406054, 0.092269, 0.303246, -0.441624, 0.8444, 0.046175, -0.313055, -0.883115, -0.349442, 0.028516, 0.0, 0.0, 0.0, 1.0],
                [0.968039, 0.23624, -0.084172, 0.09227, 0.243894, -0.808693, 0.535291, 0.046175, 0.058387, -0.538715, -0.840464, 0.028516, 0.0, 0.0, 0.0, 1.0],
                [0.865456, 0.443811, 0.232411, 0.09227, 0.411464, -0.89435, 0.175609, 0.046175, 0.285792, -0.056353, -0.956633, 0.028516, 0.0, 0.0, 0.0, 1.0],
                [0.762653, 0.443138, 0.471155, 0.073302, 0.44744, -0.887473, 0.110424, 0.056107, 0.467067, 0.1266, -0.875111, 0.079095, 0.0, 0.0, 0.0, 1.0],
                [0.602734, 0.435144, 0.66885, 0.054334, 0.491204, -0.862914, 0.118745, 0.066039, 0.628828, 0.256972, -0.733853, 0.129674, 0.0, 0.0, 0.0, 1.0],
                [0.347153, 0.504986, 0.790237, 0.035367, 0.49329, -0.814982, 0.304092, 0.075971, 0.797586, 0.284252, -0.532029, 0.180254, 0.0, 0.0, 0.0, 1.0],
                [0.131657, 0.594985, 0.792882, 0.033968, 0.483267, -0.736882, 0.472714, 0.073978, 0.865513, 0.320939, -0.384553, 0.179869, 0.0, 0.0, 0.0, 1.0],
                [0.008399, 0.623469, 0.781805, 0.03257, 0.489773, -0.684199, 0.540366, 0.071984, 0.871805, 0.378371, -0.311105, 0.179484, 0.0, 0.0, 0.0, 1.0],
                [-0.068327, 0.619091, 0.782343, 0.031172, 0.49998, -0.657345, 0.563843, 0.069991, 0.863334, 0.429683, -0.264619, 0.1791, 0.0, 0.0, 0.0, 1.0],
                [-0.095819, 0.631549, 0.769395, 0.029774, 0.555488, -0.607471, 0.567814, 0.067997, 0.825981, 0.4818, -0.292611, 0.178715, 0.0, 0.0, 0.0, 1.0],
                [-0.10769, 0.645549, 0.756091, 0.028376, 0.606252, -0.560109, 0.564567, 0.066004, 0.787943, 0.519183, -0.331048, 0.17833, 0.0, 0.0, 0.0, 1.0],
                [-0.107232, 0.65859, 0.744825, 0.026978, 0.651413, -0.519412, 0.553057, 0.06401, 0.751103, 0.544498, -0.373316, 0.177946, 0.0, 0.0, 0.0, 1.0],
                [-0.100726, 0.668182, 0.73715, 0.02558, 0.6888, -0.487805, 0.536284, 0.062017, 0.717915, 0.56177, -0.41111, 0.177561, 0.0, 0.0, 0.0, 1.0],
                [-0.090642, 0.67297, 0.734098, 0.024181, 0.718293, -0.466404, 0.516256, 0.060023, 0.689805, 0.574096, -0.441114, 0.177176, 0.0, 0.0, 0.0, 1.0],
                [-0.082948, 0.673453, 0.734564, 0.022783, 0.736619, -0.455022, 0.500346, 0.05803, 0.671197, 0.5826, -0.458335, 0.176792, 0.0, 0.0, 0.0, 1.0],
                [-0.077136, 0.677071, 0.731867, 0.021385, 0.747211, -0.446734, 0.492039, 0.056036, 0.66009, 0.584816, -0.471456, 0.176407, 0.0, 0.0, 0.0, 1.0],
                [-0.072231, 0.690649, 0.719577, 0.019987, 0.74989, -0.438075, 0.495736, 0.054043, 0.657603, 0.575414, -0.486268, 0.176022, 0.0, 0.0, 0.0, 1.0],
                [-0.063333, 0.709811, 0.701542, 0.018589, 0.748599, -0.431086, 0.503748, 0.052049, 0.659986, 0.557081, -0.504063, 0.175638, 0.0, 0.0, 0.0, 1.0],
                [-0.055547, 0.729259, 0.681982, 0.017191, 0.74393, -0.425339, 0.515415, 0.050056, 0.66594, 0.53598, -0.518892, 0.175253, 0.0, 0.0, 0.0, 1.0],
                [-0.042478, 0.747064, 0.663397, 0.015792, 0.737354, -0.424608, 0.525371, 0.048063, 0.674164, 0.511478, -0.532815, 0.174868, 0.0, 0.0, 0.0, 1.0],
                [-0.027731, 0.757798, 0.651904, 0.014394, 0.730374, -0.429895, 0.530793, 0.046069, 0.682479, 0.490856, -0.541555, 0.174484, 0.0, 0.0, 0.0, 1.0],
                [-0.006885, 0.762033, 0.647505, 0.012996, 0.725557, -0.441779, 0.527633, 0.044076, 0.688122, 0.473437, -0.549858, 0.174099, 0.0, 0.0, 0.0, 1.0],
                [0.016001, 0.752405, 0.65851, 0.011598, 0.723431, -0.463339, 0.511824, 0.042082, 0.690207, 0.468199, -0.551727, 0.173714, 0.0, 0.0, 0.0, 1.0],
                [0.045939, 0.727419, 0.684657, 0.0102, 0.726233, -0.494926, 0.477107, 0.040089, 0.685907, 0.475306, -0.551013, 0.17333, 0.0, 0.0, 0.0, 1.0],
                [0.09395, 0.676117, 0.730782, 0.015525, 0.7353, -0.54199, 0.406914, 0.040377, 0.671193, 0.499118, -0.54807, 0.167418, 0.0, 0.0, 0.0, 1.0],
                [0.164379, 0.587456, 0.792387, 0.02085, 0.74753, -0.598305, 0.288493, 0.040665, 0.643562, 0.544915, -0.53749, 0.161508, 0.0, 0.0, 0.0, 1.0],
                [0.236946, 0.483028, 0.842937, 0.026176, 0.750249, -0.642215, 0.157113, 0.040953, 0.617233, 0.595189, -0.514562, 0.155597, 0.0, 0.0, 0.0, 1.0],
                [0.305078, 0.442663, 0.843195, 0.031501, 0.750321, -0.656983, 0.073426, 0.041241, 0.586464, 0.61027, -0.532571, 0.149686, 0.0, 0.0, 0.0, 1.0],
                [0.386231, 0.503161, 0.773082, 0.036826, 0.712178, -0.695302, 0.096731, 0.041529, 0.586193, 0.513214, -0.626888, 0.143774, 0.0, 0.0, 0.0, 1.0],
                [0.463147, 0.554136, 0.691686, 0.042151, 0.654258, -0.740231, 0.154936, 0.041817, 0.597859, 0.380786, -0.705384, 0.137864, 0.0, 0.0, 0.0, 1.0],
                [0.523798, 0.563407, 0.638913, 0.047476, 0.564667, -0.791222, 0.23478, 0.042105, 0.637794, 0.237797, -0.732577, 0.131953, 0.0, 0.0, 0.0, 1.0],
                [0.580294, 0.548993, 0.601553, 0.052802, 0.453898, -0.831303, 0.320804, 0.042393, 0.676187, 0.086884, -0.731588, 0.126042, 0.0, 0.0, 0.0, 1.0],
                [0.624372, 0.514358, 0.587874, 0.058127, 0.355466, -0.857253, 0.37251, 0.042681, 0.695556, -0.023615, -0.718083, 0.120131, 0.0, 0.0, 0.0, 1.0],
                [0.652872, 0.4607, 0.601259, 0.063452, 0.284808, -0.884835, 0.368721, 0.042969, 0.701881, -0.069484, -0.708896, 0.11422, 0.0, 0.0, 0.0, 1.0],
                [0.665384, 0.400917, 0.629705, 0.068777, 0.237488, -0.913407, 0.330593, 0.043257, 0.707712, -0.070424, -0.70298, 0.108309, 0.0, 0.0, 0.0, 1.0],
                [0.670435, 0.361495, 0.647948, 0.074103, 0.215654, -0.930526, 0.296006, 0.043545, 0.709933, -0.05872, -0.701816, 0.102398, 0.0, 0.0, 0.0, 1.0],
                [0.674193, 0.314755, 0.668126, 0.079428, 0.217094, -0.949136, 0.22807, 0.043833, 0.705923, -0.008717, -0.708233, 0.096487, 0.0, 0.0, 0.0, 1.0],
                [0.681196, 0.283271, 0.675076, 0.084753, 0.21352, -0.958896, 0.186906, 0.044121, 0.700268, 0.016823, -0.71368, 0.090576, 0.0, 0.0, 0.0, 1.0],
                [0.68868, 0.271773, 0.672204, 0.090078, 0.210876, -0.962097, 0.17293, 0.044409, 0.693719, 0.022659, -0.719888, 0.084665, 0.0, 0.0, 0.0, 1.0],
                [0.696309, 0.274565, 0.663148, 0.095403, 0.20734, -0.961498, 0.180381, 0.044697, 0.687137, 0.011897, -0.726429, 0.078754, 0.0, 0.0, 0.0, 1.0],
                [0.704307, 0.284359, 0.650454, 0.100729, 0.204589, -0.958701, 0.197585, 0.044985, 0.679772, -0.006084, -0.733397, 0.072843, 0.0, 0.0, 0.0, 1.0],
                [0.710776, 0.293079, 0.639453, 0.102357, 0.200734, -0.95578, 0.214934, 0.045091, 0.674164, -0.024409, -0.738176, 0.069821, 0.0, 0.0, 0.0, 1.0],
                [0.717334, 0.300321, 0.628679, 0.103985, 0.199951, -0.953115, 0.227152, 0.045197, 0.667417, -0.037239, -0.743751, 0.066799, 0.0, 0.0, 0.0, 1.0],
                [0.722092, 0.300371, 0.623184, 0.105613, 0.200803, -0.953047, 0.226685, 0.045303, 0.662009, -0.03855, -0.748503, 0.063777, 0.0, 0.0, 0.0, 1.0],
                [0.726333, 0.295202, 0.62072, 0.107241, 0.204246, -0.954983, 0.215168, 0.045409, 0.65629, -0.029504, -0.75393, 0.060755, 0.0, 0.0, 0.0, 1.0],
                [0.730767, 0.288448, 0.618688, 0.108869, 0.209092, -0.95736, 0.199371, 0.045515, 0.64981, -0.016331, -0.75992, 0.057733, 0.0, 0.0, 0.0, 1.0],
                [0.736337, 0.279723, 0.616085, 0.110497, 0.215308, -0.960083, 0.178572, 0.045621, 0.64144, 0.001159, -0.767171, 0.054711, 0.0, 0.0, 0.0, 1.0],
                [0.752661, 0.274543, 0.598435, 0.112126, 0.217307, -0.961571, 0.167824, 0.045727, 0.621508, 0.00373, -0.783398, 0.051688, 0.0, 0.0, 0.0, 1.0],
                [0.782916, 0.269434, 0.560754, 0.110681, 0.216926, -0.963015, 0.159841, 0.046903, 0.583078, -0.0035, -0.812408, 0.049838, 0.0, 0.0, 0.0, 1.0],
                [0.816788, 0.267586, 0.511128, 0.109236, 0.218633, -0.963423, 0.154989, 0.048079, 0.533901, -0.014843, -0.845416, 0.047988, 0.0, 0.0, 0.0, 1.0],
                [0.8454, 0.265631, 0.463395, 0.107791, 0.220358, -0.963752, 0.150432, 0.049255, 0.486554, -0.025062, -0.87329, 0.046137, 0.0, 0.0, 0.0, 1.0],
                [0.865836, 0.265716, 0.423934, 0.106346, 0.224158, -0.96354, 0.146112, 0.050431, 0.447299, -0.031481, -0.89383, 0.044287, 0.0, 0.0, 0.0, 1.0],
                [0.865729, 0.264977, 0.424613, 0.104901, 0.224518, -0.96382, 0.143698, 0.051607, 0.447324, -0.02907, -0.893899, 0.042437, 0.0, 0.0, 0.0, 1.0],
                [0.860512, 0.267303, 0.433663, 0.096232, 0.232827, -0.963535, 0.131904, 0.058663, 0.453105, -0.012536, -0.891368, 0.031335, 0.0, 0.0, 0.0, 1.0]
            ]
        },
        {
            "name": "Leg_R",
            "time": [0.0, 0.0417, 0.0833, 0.125, 0.1667, 0.2083, 0.25, 0.2917, 0.3333, 0.375, 0.4167, 0.4583, 0.5, 0.5417, 0.5833, 0.625, 0.6667, 0.7083, 0.75, 0.7917, 0.8333, 0.875, 0.9167, 0.9583, 1.0, 1.0417, 1.0833, 1.125, 1.1667, 1.2083, 1.25, 1.2917, 1.3333, 1.375, 1.4167, 1.4583, 1.5, 1.5417, 1.5833, 1.625, 1.6667, 1.7083, 1.75, 1.7917, 1.8333, 1.875, 1.9167, 1.9583, 2.0, 2.0417, 2.0833, 2.125, 2.1667, 2.2083, 2.25, 2.2917, 2.3333, 2.375, 2.4167, 2.4583, 2.5, 2.5417, 2.5833, 2.625, 2.6667, 2.7083, 2.75, 2.7917, 3.0417],
            "transform": [
                [0.999994, -0.001912, -0.00041, -0.0, -0.00041, -0.409859, 0.912149, 0.37472, -0.001912, -0.912151, -0.409857, -0.0, 0.0, 0.0, 0.0, 1.0],
                [0.999994, -0.001929, -0.000324, -0.0, -0.000324, -0.32665, 0.945145, 0.37472, -0.001929, -0.945148, -0.326649, 0.0, 0.0, 0.0, 0.0, 1.0],
                [0.999994, -0.001944, -0.000214, 0.0, -0.000214, -0.217515, 0.976057, 0.37472, -0.001944, -0.976059, -0.217514, 0.0, 0.0, 0.0, 0.0, 1.0],
                [0.999994, -0.001953, -9.3e-05, -0.0, -9.3e-05, -0.09475, 0.995501, 0.37472, -0.001953, -0.995503, -0.09475, -0.0, 0.0, 0.0, 0.0, 1.0],
                [0.999994, -0.001949, -0.000161, -0.0, -0.000161, -0.164457, 0.986384, 0.37472, -0.001949, -0.986386, -0.164457, 0.0, 0.0, 0.0, 0.0, 1.0],
                [0.999994, -0.001943, -0.000219, 0.0, -0.00022, -0.222872, 0.974847, 0.37472, -0.001943, -0.97485, -0.222871, -0.0, 0.0, 0.0, 0.0, 1.0],
                [0.999994, -0.001938, -0.000259, 0.0, -0.000258, -0.261958, 0.96508, 0.37472, -0.001938, -0.965081, -0.261957, 0.0, 0.0, 0.0, 0.0, 1.0],
                [0.999994, -0.001932, -0.000305, 0.0, -0.000305, -0.307873, 0.951428, 0.37472, -0.001932, -0.951429, -0.307872, 0.0, 0.0, 0.0, 0.0, 1.0],
                [0.999994, -0.001925, -0.000345, -0.0, -0.000346, -0.347841, 0.937554, 0.37472, -0.001925, -0.937555, -0.34784, 0.0, 0.0, 0.0, 0.0, 1.0],
                [0.999994, -0.00192, -0.000374, -0.0, -0.000375, -0.375867, 0.926674, 0.37472, -0.001919, -0.926675, -0.375866, -0.0, 0.0, 0.0, 0.0, 1.0],
                [0.999995, -0.001914, -0.000402, 0.0, -0.000401, -0.401566, 0.915831, 0.37472, -0.001914, -0.915831, -0.401565, 0.0, 0.0, 0.0, 0.0, 1.0],
                [0.999994, -0.00191, -0.000422, 0.0, -0.000421, -0.421056, 0.907036, 0.37472, -0.00191, -0.907036, -0.421055, -0.0, 0.0, 0.0, 0.0, 1.0],
                [0.999994, -0.001903, -0.000448, 0.0, -0.000448, -0.44569, 0.895188, 0.37472, -0.001904, -0.895189, -0.445689, -0.0, 0.0, 0.0, 0.0, 1.0],
                [0.999994, -0.001893, -0.000491, 0.0, -0.000491, -0.485996, 0.873962, 0.37472, -0.001893, -0.873962, -0.485995, -0.0, 0.0, 0.0, 0.0, 1.0],
                [0.999994, -0.001867, -0.000583, 0.0, -0.000582, -0.568858, 0.822437, 0.37472, -0.001867, -0.822437, -0.568857, -0.0, 0.0, 0.0, 0.0, 1.0],
                [0.999994, -0.001844, -0.000653, -0.0, -0.000652, -0.628892, 0.777495, 0.37472, -0.001844, -0.777495, -0.628891, 0.0, 0.0, 0.0, 0.0, 1.0],
                [0.999993, -0.001889, -0.000508, -0.0, -0.000508, -0.50169, 0.865049, 0.37472, -0.001889, -0.86505, -0.501688, -0.0, 0.0, 0.0, 0.0, 1.0],
                [0.999994, -0.001952, -0.000125, 0.0, -0.000127, -0.128461, 0.991714, 0.37472, -0.001951, -0.991716, -0.128461, 0.0, 0.0, 0.0, 0.0, 1.0],
                [0.999994, -0.001953, 9.9e-05, 0.0, 9.8e-05, 0.100882, 0.994898, 0.37472, -0.001953, -0.9949, 0.100882, -0.0, 0.0, 0.0, 0.0, 1.0],
                [0.999994, -0.001933, 0.000292, 0.0, 0.000291, 0.294792, 0.955562, 0.37472, -0.001934, -0.955563, 0.294791, 0.0, 0.0, 0.0, 0.0, 1.0],
                [0.999994, -0.001937, 0.000268, 0.0, 0.000266, 0.270511, 0.962717, 0.37472, -0.001937, -0.962718, 0.27051, -0.0, 0.0, 0.0, 0.0, 1.0],
                [0.999995, -0.001945, 0.000201, -0.0, 0.000199, 0.203395, 0.979097, 0.37472, -0.001945, -0.979098, 0.203395, -0.0, 0.0, 0.0, 0.0, 1.0],
                [0.999994, -0.001945, 0.000203, 0.0, 0.000202, 0.206009, 0.97855, 0.37472, -0.001945, -0.978552, 0.206008, 0.0, 0.0, 0.0, 0.0, 1.0],
                [0.999995, -0.001942, 0.000223, -0.0, 0.000222, 0.225907, 0.974149, 0.37472, -0.001942, -0.97415, 0.225906, 0.0, 0.0, 0.0, 0.0, 1.0],
                [0.999994, -0.001938, 0.000263, 0.0, 0.000261, 0.265476, 0.964118, 0.37472, -0.001938, -0.964119, 0.265476, 0.0, 0.0, 0.0, 0.0, 1.0],
                [0.999995, -0.001932, 0.000302, 0.0, 0.000301, 0.304603, 0.95248, 0.37472, -0.001932, -0.952481, 0.304602, 0.0, 0.0, 0.0, 0.0, 1.0],
                [0.999995, -0.001925, 0.000344, -0.0, 0.000344, 0.346326, 0.938115, 0.37472, -0.001925, -0.938115, 0.346325, -0.0, 0.0, 0.0, 0.0, 1.0],
                [0.999995, -0.001916, 0.00039, 0.0, 0.00039, 0.390612, 0.920556, 0.37472, -0.001916, -0.920556, 0.390611, 0.0, 0.0, 0.0, 0.0, 1.0],
                [0.999994, -0.001906, 0.000436, 0.0, 0.000435, 0.434013, 0.900908, 0.37472, -0.001907, -0.900908, 0.434012, 0.0, 0.0, 0.0, 0.0, 1.0],
                [0.999994, -0.001895, 0.000479, 0.0, 0.000477, 0.474427, 0.880296, 0.37472, -0.001896, -0.880296, 0.474426, -0.0, 0.0, 0.0, 0.0, 1.0],
                [0.999995, -0.00189, 0.000502, -0.0, 0.000501, 0.496156, 0.868234, 0.37472, -0.00189, -0.868234, 0.496155, -0.0, 0.0, 0.0, 0.0, 1.0],
                [0.999994, -0.001891, 0.000501, -0.0, 0.000498, 0.494073, 0.869422, 0.37472, -0.001891, -0.869422, 0.494072, -0.0, 0.0, 0.0, 0.0, 1.0],
                [0.999995, -0.001895, 0.00048, -0.0, 0.000479, 0.475843, 0.879531, 0.37472, -0.001895, -0.879531, 0.475841, -0.0, 0.0, 0.0, 0.0, 1.0],
                [0.999995, -0.001902, 0.000454, 0.0, 0.000452, 0.450316, 0.89287, 0.37472, -0.001903, -0.89287, 0.450315, 0.0, 0.0, 0.0, 0.0, 1.0],
                [0.999995, -0.001908, 0.000426, -0.0, 0.000424, 0.424416, 0.905468, 0.37472, -0.001909, -0.905468, 0.424415, 0.0, 0.0, 0.0, 0.0, 1.0],
                [0.999994, -0.001912, 0.000407, -0.0, 0.000405, 0.40649, 0.913656, 0.37472, -0.001912, -0.913657, 0.406489, -0.0, 0.0, 0.0, 0.0, 1.0],
                [0.999994, -0.001912, 0.000403, 0.0, 0.000402, 0.403475, 0.914991, 0.37472, -0.001912, -0.914992, 0.403474, -0.0, 0.0, 0.0, 0.0, 1.0],
                [0.999995, -0.001909, 0.000424, -0.0, 0.000423, 0.422933, 0.906161, 0.37472, -0.001909, -0.906162, 0.422932, -0.0, 0.0, 0.0, 0.0, 1.0],
                [0.999995, -0.001896, 0.000477, -0.0, 0.000475, 0.472301, 0.881439, 0.37472, -0.001896, -0.881439, 0.4723, -0.0, 0.0, 0.0, 0.0, 1.0],
                [0.999994, -0.00187, 0.000572, 0.0, 0.00057, 0.558589, 0.829446, 0.37472, -0.00187, -0.829446, 0.558588, -0.0, 0.0, 0.0, 0.0, 1.0],
                [0.999994, -0.001816, 0.000723, 0.0, 0.000722, 0.687122, 0.726544, 0.37472, -0.001817, -0.726543, 0.687121, 0.0, 0.0, 0.0, 0.0, 1.0],
                [0.999995, -0.00173, 0.00091, 0.0, 0.000908, 0.823493, 0.567328, 0.37472, -0.001731, -0.567326, 0.823493, 0.0, 0.0, 0.0, 0.0, 1.0],
                [0.999994, -0.001694, 0.000976, 0.0, 0.000973, 0.863963, 0.503558, 0.37472, -0.001696, -0.503556, 0.863963, 0.0, 0.0, 0.0, 0.0, 1.0],
                [0.999995, -0.001772, 0.000827, 0.0, 0.000824, 0.765151, 0.643853, 0.37472, -0.001774, -0.643852, 0.765151, 0.0, 0.0, 0.0, 0.0, 1.0],
                [0.999995, -0.001841, 0.000657, 0.0, 0.000656, 0.633049, 0.774113, 0.37472, -0.001841, -0.774112, 0.633048, -0.0, 0.0, 0.0, 0.0, 1.0],
                [0.999994, -0.001879, 0.000541, -0.0, 0.000539, 0.530904, 0.847433, 0.37472, -0.001879, -0.847433, 0.530903, 0.0, 0.0, 0.0, 0.0, 1.0],
                [0.999994, -0.001903, 0.000446, -0.0, 0.000444, 0.443528, 0.896262, 0.37472, -0.001903, -0.896263, 0.443526, -0.0, 0.0, 0.0, 0.0, 1.0],
                [0.999995, -0.001908, 0.000427, -0.0, 0.000425, 0.425157, 0.90512, 0.37472, -0.001908, -0.905121, 0.425156, -0.0, 0.0, 0.0, 0.0, 1.0],
                [0.999995, -0.001875, 0.000551, -0.0, 0.000548, 0.539791, 0.8418, 0.37472, -0.001876, -0.8418, 0.53979, 0.0, 0.0, 0.0, 0.0, 1.0],
                [0.999994, -0.001808, 0.000743, 0.0, 0.000741, 0.702238, 0.711945, 0.37472, -0.001809, -0.711944, 0.702237, 0.0, 0.0, 0.0, 0.0, 1.0],
                [0.999995, -0.001756, 0.00086, 0.0, 0.000858, 0.789575, 0.613656, 0.37472, -0.001756, -0.613654, 0.789575, -0.0, 0.0, 0.0, 0.0, 1.0],
                [0.999994, -0.001708, 0.00095, -0.0, 0.000949, 0.849166, 0.528129, 0.37472, -0.001709, -0.528127, 0.849166, 0.0, 0.0, 0.0, 0.0, 1.0],
                [0.999994, -0.001681, 0.000999, -0.0, 0.000997, 0.877654, 0.479297, 0.37472, -0.001682, -0.479295, 0.877654, -0.0, 0.0, 0.0, 0.0, 1.0],
                [0.999995, -0.001677, 0.001005, -0.0, 0.001003, 0.881384, 0.472403, 0.37472, -0.001678, -0.472401, 0.881384, 0.0, 0.0, 0.0, 0.0, 1.0],
                [0.999995, -0.00169, 0.000981, -0.0, 0.00098, 0.867897, 0.496746, 0.37472, -0.001691, -0.496744, 0.867897, -0.0, 0.0, 0.0, 0.0, 1.0],
                [0.999994, -0.001713, 0.000944, -0.0, 0.000941, 0.844497, 0.535561, 0.37472, -0.001714, -0.535559, 0.844498, 0.0, 0.0, 0.0, 0.0, 1.0],
                [0.999994, -0.001733, 0.000904, -0.0, 0.000902, 0.819364, 0.573275, 0.37472, -0.001734, -0.573273, 0.819364, 0.0, 0.0, 0.0, 0.0, 1.0],
                [0.999994, -0.001748, 0.000876, 0.0, 0.000874, 0.800631, 0.59916, 0.37472, -0.001749, -0.599158, 0.800631, -0.0, 0.0, 0.0, 0.0, 1.0],
                [0.999994, -0.001751, 0.000868, -0.0, 0.000866, 0.794919, 0.606718, 0.37472, -0.001752, -0.606716, 0.794919, -0.0, 0.0, 0.0, 0.0, 1.0],
                [0.999994, -0.001746, 0.00088, -0.0, 0.000878, 0.80324, 0.595657, 0.37472, -0.001747, -0.595655, 0.80324, 0.0, 0.0, 0.0, 0.0, 1.0],
                [0.999995, -0.001733, 0.000903, 0.0, 0.000901, 0.818949, 0.573868, 0.37472, -0.001734, -0.573866, 0.81895, -0.0, 0.0, 0.0, 0.0, 1.0],
                [0.999995, -0.001717, 0.000935, -0.0, 0.000933, 0.839138, 0.543921, 0.37472, -0.001718, -0.543918, 0.839138, 0.0, 0.0, 0.0, 0.0, 1.0],
                [0.999993, -0.001706, 0.000956, -0.0, 0.000954, 0.852187, 0.52324, 0.37472, -0.001707, -0.523238, 0.852187, 0.0, 0.0, 0.0, 0.0, 1.0],
                [0.999995, -0.001698, 0.00097, 0.0, 0.000968, 0.861108, 0.508424, 0.37472, -0.001699, -0.508422, 0.861108, 0.0, 0.0, 0.0, 0.0, 1.0],
                [0.999994, -0.001688, 0.000984, -0.0, 0.000982, 0.869668, 0.49364, 0.37472, -0.001689, -0.493638, 0.869668, 0.0, 0.0, 0.0, 0.0, 1.0],
                [0.999994, -0.001678, 0.001003, 0.0, 0.001001, 0.880189, 0.474625, 0.37472, -0.001679, -0.474623, 0.88019, -0.0, 0.0, 0.0, 0.0, 1.0],
                [0.999994, -0.001667, 0.001021, 0.0, 0.001019, 0.890295, 0.455385, 0.37472, -0.001668, -0.455382, 0.890296, 0.0, 0.0, 0.0, 0.0, 1.0],
                [0.999994, -0.001663, 0.001028, -0.0, 0.001026, 0.89401, 0.448049, 0.37472, -0.001664, -0.448047, 0.894011, 0.0, 0.0, 0.0, 0.0, 1.0],
                [0.999995, -0.001635, 0.001071, 0.0, 0.001069, 0.91608, 0.400996, 0.37472, -0.001637, -0.400993, 0.916082, -0.0, 0.0, 0.0, 0.0, 1.0]
            ]
        },
        {
            "name": "Knee_R",
            "time": [0.0, 3.0417],
            "transform": [
                [1.0, 0.0, -0.0, -0.0, -0.0, 1e-06, -1.0, 0.37472, -0.0, 1.0, 1e-06, -0.0, 0.0, 0.0, 0.0, 1.0],
                [1.0, 0.0, -0.0, 0.0, -0.0, 1e-06, -1.0, 0.37472, -0.0, 1.0, 1e-06, -0.0, 0.0, 0.0, 0.0, 1.0]
            ]
        },
        {
            "name": "Thigh_L",
            "time": [0.0, 0.0417, 0.0833, 0.125, 0.1667, 0.2083, 0.25, 0.2917, 0.3333, 0.375, 0.4167, 0.4583, 0.5, 0.5417, 0.5833, 0.625, 0.6667, 0.7083, 0.75, 0.7917, 0.8333, 0.875, 0.9167, 0.9583, 1.0, 1.0417, 1.0833, 1.125, 1.1667, 1.2083, 1.25, 1.2917, 1.3333, 1.375, 1.4167, 1.4583, 1.5, 1.5417, 1.5833, 1.625, 1.6667, 1.7083, 1.75, 1.7917, 1.8333, 1.875, 1.9167, 1.9583, 2.0, 2.0417, 2.0833, 2.125, 2.1667, 2.2083, 2.25, 2.2917, 2.3333, 2.375, 2.4167, 2.4583, 2.5, 2.5417, 2.5833, 2.625, 2.6667, 2.7083, 2.75, 2.7917, 3.0417],
            "transform": [
                [0.534477, -0.79879, -0.276167, -0.056037, -0.063496, -0.363778, 0.929319, 0.069919, -0.842799, -0.479161, -0.245151, 0.110751, 0.0, 0.0, 0.0, 1.0],
                [0.502548, -0.779141, -0.37468, -0.037903, -0.112932, -0.488827, 0.86504, 0.072595, -0.857146, -0.392408, -0.333649, 0.136324, 0.0, 0.0, 0.0, 1.0],
                [0.485868, -0.746843, -0.454045, -0.01977, -0.234982, -0.61197, 0.755165, 0.075271, -0.841858, -0.260216, -0.472831, 0.161898, 0.0, 0.0, 0.0, 1.0],
                [0.456218, -0.760645, -0.461826, 0.004842, -0.300205, -0.620114, 0.7248, 0.075018, -0.837705, -0.192022, -0.511257, 0.167117, 0.0, 0.0, 0.0, 1.0],
                [0.405741, -0.816438, -0.410855, 0.029454, -0.327392, -0.549513, 0.768668, 0.074764, -0.853345, -0.177367, -0.490255, 0.172336, 0.0, 0.0, 0.0, 1.0],
                [0.345838, -0.859787, -0.375711, 0.054065, -0.335814, -0.487312, 0.806075, 0.074511, -0.876147, -0.152601, -0.45726, 0.177555, 0.0, 0.0, 0.0, 1.0],
                [0.290261, -0.89417, -0.340889, 0.078677, -0.33386, -0.428465, 0.839617, 0.074257, -0.896824, -0.129898, -0.422895, 0.182774, 0.0, 0.0, 0.0, 1.0],
                [0.239783, -0.925657, -0.292678, 0.103289, -0.325054, -0.360621, 0.874239, 0.074004, -0.914796, -0.11449, -0.387359, 0.187993, 0.0, 0.0, 0.0, 1.0],
                [0.214817, -0.946393, -0.241227, 0.138581, -0.320533, -0.301629, 0.897931, 0.082091, -0.922561, -0.115568, -0.368145, 0.195357, 0.0, 0.0, 0.0, 1.0],
                [0.21401, -0.956263, -0.199391, 0.173873, -0.326392, -0.26239, 0.908087, 0.090179, -0.920693, -0.129259, -0.368271, 0.202721, 0.0, 0.0, 0.0, 1.0],
                [0.241421, -0.95693, -0.161241, 0.159639, -0.341564, -0.239316, 0.908881, 0.098615, -0.908326, -0.164347, -0.384629, 0.202601, 0.0, 0.0, 0.0, 1.0],
                [0.292109, -0.947901, -0.127101, 0.145406, -0.365708, -0.233504, 0.900964, 0.107051, -0.883706, -0.216696, -0.414864, 0.202481, 0.0, 0.0, 0.0, 1.0],
                [0.317074, -0.943779, -0.093507, 0.118044, -0.387945, -0.219035, 0.895279, 0.098585, -0.86543, -0.247592, -0.435584, 0.167055, 0.0, 0.0, 0.0, 1.0],
                [0.295072, -0.952398, -0.076606, 0.090683, -0.406833, -0.197778, 0.891837, 0.090119, -0.864538, -0.231989, -0.445825, 0.131628, 0.0, 0.0, 0.0, 1.0],
                [0.325914, -0.929223, -0.174131, 0.063322, -0.544468, -0.335061, 0.768955, 0.081653, -0.772879, -0.155803, -0.615133, 0.096201, 0.0, 0.0, 0.0, 1.0],
                [0.520614, -0.779964, -0.347299, 0.035961, -0.697137, -0.623168, 0.35449, 0.073187, -0.492917, 0.057562, -0.868172, 0.060774, 0.0, 0.0, 0.0, 1.0],
                [0.751454, -0.386922, -0.534427, 0.0086, -0.632537, -0.652867, -0.416728, 0.064721, -0.187669, 0.651192, -0.735342, 0.025347, 0.0, 0.0, 0.0, 1.0],
                [0.852208, -0.260686, -0.45364, -0.018762, -0.52225, -0.476297, -0.707388, 0.056255, -0.031661, 0.83975, -0.542047, -0.01008, 0.0, 0.0, 0.0, 1.0],
                [0.858188, -0.336035, -0.38807, -0.021329, -0.507184, -0.438298, -0.742066, 0.055444, 0.07927, 0.83365, -0.546574, -0.027181, 0.0, 0.0, 0.0, 1.0],
                [0.846977, -0.529642, 0.045958, -0.023896, -0.506827, -0.830527, -0.230979, 0.054634, 0.160506, 0.17234, -0.971874, -0.044283, 0.0, 0.0, 0.0, 1.0],
                [0.794418, -0.280921, 0.538504, -0.026463, -0.549103, -0.711124, 0.439078, 0.053823, 0.259598, -0.644502, -0.719184, -0.061385, 0.0, 0.0, 0.0, 1.0],
                [0.684978, -0.20211, 0.699971, -0.02903, -0.65797, -0.584175, 0.475201, 0.053013, 0.312864, -0.786059, -0.53313, -0.078486, 0.0, 0.0, 0.0, 1.0],
                [0.742968, -0.210423, 0.635394, -0.031597, -0.588617, -0.657333, 0.470578, 0.052202, 0.318647, -0.723623, -0.612236, -0.095588, 0.0, 0.0, 0.0, 1.0],
                [0.750479, -0.092943, 0.65433, -0.034164, -0.567607, -0.597794, 0.566096, 0.051392, 0.338542, -0.79624, -0.501388, -0.11269, 0.0, 0.0, 0.0, 1.0],
                [0.731675, 0.003383, 0.681649, -0.036731, -0.569425, -0.546675, 0.613925, 0.050582, 0.37472, -0.837335, -0.398062, -0.129791, 0.0, 0.0, 0.0, 1.0],
                [0.705274, 0.088579, 0.703383, -0.034698, -0.574927, -0.509042, 0.640576, 0.050449, 0.414795, -0.856169, -0.308087, -0.129935, 0.0, 0.0, 0.0, 1.0],
                [0.679549, 0.164223, 0.715016, -0.033108, -0.577948, -0.480479, 0.659634, 0.049384, 0.451879, -0.861491, -0.231597, -0.13007, 0.0, 0.0, 0.0, 1.0],
                [0.666276, 0.229327, 0.70957, -0.03189, -0.571109, -0.454919, 0.68329, 0.048065, 0.479496, -0.860495, -0.172131, -0.13017, 0.0, 0.0, 0.0, 1.0],
                [0.664518, 0.280224, 0.692744, -0.03124, -0.556242, -0.43356, 0.708959, 0.046907, 0.499016, -0.856443, -0.132236, -0.130224, 0.0, 0.0, 0.0, 1.0],
                [0.668411, 0.315754, 0.673447, -0.031199, -0.539242, -0.417903, 0.731148, 0.046453, 0.512301, -0.851852, -0.109064, -0.130235, 0.0, 0.0, 0.0, 1.0],
