{
    "animation": [
        {
            "name": "Root",
            "time": [0.0, 0.0333, 0.0667, 0.1, 0.1333, 0.1667, 0.2, 0.2333, 0.2667, 0.3, 0.3333, 0.3667, 0.4, 0.4333, 0.4667, 0.5, 0.5333, 0.5667, 0.6, 0.6333, 0.6667, 0.7, 0.7333, 0.7667, 0.8, 0.8333, 0.8667, 0.9, 0.9333, 0.9667, 1.0, 1.0333, 1.0667, 1.1, 1.1333, 1.1667, 1.2, 1.2333, 1.2667, 1.3, 1.3333, 1.3667, 1.4, 1.4333, 1.4667, 1.5, 1.5333, 1.5667, 1.6, 1.6333, 1.6667, 1.7, 1.7333, 1.7667, 1.8, 1.8333, 1.8667, 1.9, 1.9333, 1.9667, 2.0, 2.0333, 2.0667, 2.1, 2.1333, 2.1667, 2.2, 2.2333, 2.2667, 2.3, 2.3333, 2.3667, 2.4, 2.4333, 2.4667, 2.5, 2.5333, 2.5667, 2.6, 2.6333, 2.6667, 2.7, 2.7333, 2.7667, 2.8, 2.8333, 2.8667, 2.9, 2.9333, 2.9667, 3.0],
            "transform": [
                [0.977998, -0.000205, 0.208619, -0.000202, 0.208619, 0.001943, -0.977995, 0.002078, -0.000205, 0.999998, 0.001943, 0.678792, 0.0, 0.0, 0.0, 1.0],
                [0.977918, -0.000205, 0.20899, -0.000575, 0.20899, 0.001943, -0.977915, 0.001288, -0.000205, 0.999998, 0.001943, 0.677374, 0.0, 0.0, 0.0, 1.0],
                [0.977834, -0.000206, 0.209383, -0.000985, 0.209384, 0.001943, -0.977831, 0.000498, -0.000206, 0.999998, 0.001943, 0.675878, 0.0, 0.0, 0.0, 1.0],
                [0.977745, -0.000206, 0.209798, -0.001423, 0.209798, 0.001943, -0.977742, -0.000292, -0.000206, 0.999998, 0.001943, 0.674325, 0.0, 0.0, 0.0, 1.0],
                [0.977653, -0.000206, 0.21023, -0.001878, 0.210231, 0.001943, -0.977649, -0.001079, -0.000207, 0.999998, 0.001943, 0.672736, 0.0, 0.0, 0.0, 1.0],
                [0.977556, -0.000207, 0.210679, -0.002337, 0.210679, 0.001943, -0.977553, -0.001864, -0.000207, 0.999998, 0.001943, 0.671134, 0.0, 0.0, 0.0, 1.0],
                [0.977456, -0.000207, 0.211141, -0.002791, 0.211141, 0.001943, -0.977453, -0.002645, -0.000208, 0.999998, 0.001943, 0.66954, 0.0, 0.0, 0.0, 1.0],
                [0.977354, -0.000208, 0.211615, -0.003229, 0.211616, 0.001943, -0.97735, -0.003419, -0.000208, 0.999998, 0.001943, 0.667976, 0.0, 0.0, 0.0, 1.0],
                [0.977249, -0.000208, 0.212099, -0.003639, 0.212099, 0.001943, -0.977245, -0.004187, -0.000209, 0.999998, 0.001943, 0.666465, 0.0, 0.0, 0.0, 1.0],
                [0.977142, -0.000209, 0.212591, -0.004011, 0.212591, 0.001943, -0.977139, -0.004946, -0.000209, 0.999998, 0.001943, 0.665026, 0.0, 0.0, 0.0, 1.0],
                [0.977034, -0.000209, 0.213087, -0.004334, 0.213087, 0.001943, -0.977031, -0.005696, -0.00021, 0.999998, 0.001943, 0.663683, 0.0, 0.0, 0.0, 1.0],
                [0.976925, -0.00021, 0.213586, -0.004597, 0.213587, 0.001943, -0.976921, -0.006434, -0.00021, 0.999998, 0.001943, 0.662458, 0.0, 0.0, 0.0, 1.0],
                [0.976815, -0.00021, 0.214087, -0.004788, 0.214087, 0.001943, -0.976812, -0.00716, -0.000211, 0.999998, 0.001942, 0.661371, 0.0, 0.0, 0.0, 1.0],
                [0.976706, -0.000211, 0.214586, -0.004898, 0.214587, 0.001943, -0.976703, -0.007873, -0.000211, 0.999998, 0.001942, 0.660446, 0.0, 0.0, 0.0, 1.0],
                [0.976596, -0.000211, 0.215083, -0.004914, 0.215083, 0.001942, -0.976593, -0.00857, -0.000211, 0.999998, 0.001942, 0.659695, 0.0, 0.0, 0.0, 1.0],
                [0.976488, -0.000212, 0.215574, -0.004827, 0.215574, 0.001942, -0.976485, -0.009252, -0.000212, 0.999998, 0.001942, 0.659106, 0.0, 0.0, 0.0, 1.0],
                [0.976381, -0.000212, 0.216057, -0.004625, 0.216057, 0.001942, -0.976378, -0.009915, -0.000212, 0.999998, 0.001942, 0.658656, 0.0, 0.0, 0.0, 1.0],
                [0.976276, -0.000213, 0.216531, -0.004297, 0.216531, 0.001942, -0.976273, -0.01056, -0.000213, 0.999998, 0.001942, 0.658324, 0.0, 0.0, 0.0, 1.0],
                [0.976174, -0.000213, 0.216993, -0.003838, 0.216993, 0.001942, -0.976171, -0.011186, -0.000213, 0.999998, 0.001942, 0.658087, 0.0, 0.0, 0.0, 1.0],
                [0.976074, -0.000213, 0.217441, -0.003263, 0.217441, 0.001942, -0.976071, -0.011792, -0.000214, 0.999998, 0.001942, 0.657925, 0.0, 0.0, 0.0, 1.0],
                [0.975978, -0.000214, 0.217872, -0.002592, 0.217873, 0.001942, -0.975975, -0.012378, -0.000214, 0.999998, 0.001942, 0.657815, 0.0, 0.0, 0.0, 1.0],
                [0.975885, -0.000214, 0.218286, -0.001845, 0.218286, 0.001942, -0.975882, -0.012946, -0.000215, 0.999998, 0.001942, 0.65774, 0.0, 0.0, 0.0, 1.0],
                [0.975797, -0.000215, 0.218679, -0.001043, 0.218679, 0.001942, -0.975795, -0.013495, -0.000215, 0.999998, 0.001942, 0.657696, 0.0, 0.0, 0.0, 1.0],
                [0.975714, -0.000215, 0.21905, -0.000206, 0.21905, 0.001942, -0.975711, -0.014027, -0.000215, 0.999998, 0.001942, 0.65768, 0.0, 0.0, 0.0, 1.0],
                [0.975636, -0.000216, 0.219396, 0.000644, 0.219396, 0.001942, -0.975634, -0.01454, -0.000216, 0.999998, 0.001942, 0.657693, 0.0, 0.0, 0.0, 1.0],
                [0.975565, -0.000216, 0.219715, 0.001489, 0.219715, 0.001942, -0.975562, -0.015037, -0.000216, 0.999998, 0.001942, 0.657735, 0.0, 0.0, 0.0, 1.0],
                [0.975499, -0.000216, 0.220005, 0.002308, 0.220005, 0.001942, -0.975496, -0.015516, -0.000216, 0.999998, 0.001942, 0.657803, 0.0, 0.0, 0.0, 1.0],
                [0.975441, -0.000216, 0.220265, 0.003079, 0.220265, 0.001942, -0.975438, -0.015978, -0.000217, 0.999998, 0.001942, 0.657899, 0.0, 0.0, 0.0, 1.0],
                [0.97539, -0.000217, 0.220491, 0.003784, 0.220491, 0.001942, -0.975387, -0.016425, -0.000217, 0.999998, 0.001942, 0.65802, 0.0, 0.0, 0.0, 1.0],
                [0.975346, -0.000217, 0.220681, 0.0044, 0.220682, 0.001942, -0.975343, -0.016855, -0.000217, 0.999998, 0.001942, 0.658166, 0.0, 0.0, 0.0, 1.0],
                [0.97531, -0.000217, 0.220845, 0.004971, 0.220845, 0.001942, -0.975306, -0.017286, -0.000217, 0.999998, 0.001942, 0.658337, 0.0, 0.0, 0.0, 1.0],
                [0.975277, -0.000217, 0.220988, 0.005549, 0.220988, 0.001942, -0.975274, -0.01773, -0.000217, 0.999998, 0.001942, 0.658531, 0.0, 0.0, 0.0, 1.0],
                [0.975249, -0.000217, 0.221112, 0.006128, 0.221113, 0.001942, -0.975246, -0.01818, -0.000218, 0.999998, 0.001942, 0.658749, 0.0, 0.0, 0.0, 1.0],
                [0.975225, -0.000217, 0.221218, 0.006705, 0.221219, 0.001942, -0.975222, -0.018631, -0.000218, 0.999998, 0.001942, 0.658989, 0.0, 0.0, 0.0, 1.0],
                [0.975205, -0.000217, 0.221307, 0.007275, 0.221307, 0.001942, -0.975202, -0.019076, -0.000218, 0.999998, 0.001942, 0.65925, 0.0, 0.0, 0.0, 1.0],
                [0.975189, -0.000218, 0.221377, 0.007833, 0.221377, 0.001942, -0.975186, -0.019509, -0.000218, 0.999998, 0.001942, 0.659532, 0.0, 0.0, 0.0, 1.0],
                [0.975177, -0.000218, 0.22143, 0.008374, 0.221431, 0.001942, -0.975174, -0.019924, -0.000218, 0.999998, 0.001942, 0.659834, 0.0, 0.0, 0.0, 1.0],
                [0.975169, -0.000218, 0.221466, 0.008894, 0.221466, 0.001942, -0.975166, -0.020314, -0.000218, 0.999998, 0.001942, 0.660156, 0.0, 0.0, 0.0, 1.0],
                [0.975164, -0.000218, 0.221485, 0.009387, 0.221486, 0.001942, -0.975161, -0.020674, -0.000218, 0.999998, 0.001942, 0.660496, 0.0, 0.0, 0.0, 1.0],
                [0.975164, -0.000218, 0.221489, 0.009851, 0.221489, 0.001942, -0.97516, -0.020998, -0.000218, 0.999998, 0.001942, 0.660854, 0.0, 0.0, 0.0, 1.0],
                [0.975167, -0.000218, 0.221475, 0.010279, 0.221475, 0.001942, -0.975164, -0.021278, -0.000218, 0.999998, 0.001942, 0.66123, 0.0, 0.0, 0.0, 1.0],
                [0.975172, -0.000218, 0.221447, 0.010667, 0.221447, 0.001942, -0.97517, -0.02151, -0.000218, 0.999998, 0.001942, 0.661622, 0.0, 0.0, 0.0, 1.0],
                [0.975183, -0.000218, 0.221404, 0.01101, 0.221404, 0.001942, -0.97518, -0.021687, -0.000218, 0.999998, 0.001942, 0.662029, 0.0, 0.0, 0.0, 1.0],
                [0.975196, -0.000217, 0.221345, 0.011306, 0.221345, 0.001942, -0.975193, -0.021802, -0.000218, 0.999998, 0.001942, 0.662455, 0.0, 0.0, 0.0, 1.0],
                [0.975213, -0.000217, 0.221272, 0.011545, 0.221273, 0.001942, -0.975209, -0.02185, -0.000218, 0.999998, 0.001942, 0.662889, 0.0, 0.0, 0.0, 1.0],
                [0.975232, -0.000217, 0.221186, 0.011727, 0.221186, 0.001942, -0.975229, -0.021824, -0.000218, 0.999998, 0.001942, 0.66334, 0.0, 0.0, 0.0, 1.0],
                [0.975255, -0.000217, 0.221085, 0.011845, 0.221085, 0.001942, -0.975252, -0.021718, -0.000218, 0.999998, 0.001942, 0.663803, 0.0, 0.0, 0.0, 1.0],
                [0.975281, -0.000217, 0.220971, 0.011896, 0.220971, 0.001942, -0.975278, -0.021526, -0.000218, 0.999998, 0.001942, 0.664307, 0.0, 0.0, 0.0, 1.0],
                [0.97531, -0.000217, 0.220845, 0.011875, 0.220845, 0.001942, -0.975306, -0.021242, -0.000217, 0.999998, 0.001942, 0.664873, 0.0, 0.0, 0.0, 1.0],
                [0.975341, -0.000217, 0.220705, 0.011797, 0.220705, 0.001942, -0.975338, -0.020896, -0.000217, 0.999998, 0.001942, 0.665496, 0.0, 0.0, 0.0, 1.0],
                [0.975376, -0.000217, 0.220553, 0.011683, 0.220553, 0.001942, -0.975372, -0.020521, -0.000217, 0.999998, 0.001942, 0.66617, 0.0, 0.0, 0.0, 1.0],
                [0.975413, -0.000217, 0.220389, 0.011536, 0.22039, 0.001942, -0.97541, -0.02012, -0.000217, 0.999998, 0.001942, 0.66689, 0.0, 0.0, 0.0, 1.0],
                [0.975452, -0.000216, 0.220214, 0.011357, 0.220214, 0.001942, -0.975449, -0.019692, -0.000217, 0.999998, 0.001942, 0.66765, 0.0, 0.0, 0.0, 1.0],
                [0.975494, -0.000216, 0.220028, 0.011148, 0.220028, 0.001942, -0.975492, -0.019238, -0.000216, 0.999998, 0.001942, 0.668442, 0.0, 0.0, 0.0, 1.0],
                [0.975538, -0.000216, 0.219831, 0.010911, 0.219831, 0.001942, -0.975536, -0.018759, -0.000216, 0.999998, 0.001942, 0.669263, 0.0, 0.0, 0.0, 1.0],
                [0.975585, -0.000216, 0.219623, 0.010649, 0.219623, 0.001942, -0.975582, -0.018256, -0.000216, 0.999998, 0.001942, 0.670106, 0.0, 0.0, 0.0, 1.0],
                [0.975634, -0.000216, 0.219405, 0.010363, 0.219405, 0.001942, -0.975631, -0.017729, -0.000216, 0.999998, 0.001942, 0.670964, 0.0, 0.0, 0.0, 1.0],
                [0.975686, -0.000215, 0.219178, 0.010055, 0.219178, 0.001942, -0.975682, -0.017179, -0.000216, 0.999998, 0.001942, 0.671833, 0.0, 0.0, 0.0, 1.0],
                [0.975739, -0.000215, 0.218941, 0.009727, 0.218941, 0.001942, -0.975735, -0.016607, -0.000215, 0.999998, 0.001942, 0.672706, 0.0, 0.0, 0.0, 1.0],
                [0.975794, -0.000215, 0.218695, 0.009382, 0.218696, 0.001942, -0.975791, -0.016013, -0.000215, 0.999998, 0.001942, 0.673578, 0.0, 0.0, 0.0, 1.0],
                [0.975851, -0.000215, 0.218441, 0.00902, 0.218441, 0.001942, -0.975848, -0.015398, -0.000215, 0.999998, 0.001942, 0.674443, 0.0, 0.0, 0.0, 1.0],
                [0.975909, -0.000214, 0.218179, 0.008645, 0.218179, 0.001942, -0.975907, -0.014763, -0.000215, 0.999998, 0.001942, 0.675294, 0.0, 0.0, 0.0, 1.0],
                [0.97597, -0.000214, 0.217908, 0.008257, 0.217908, 0.001942, -0.975967, -0.014108, -0.000214, 0.999998, 0.001942, 0.676126, 0.0, 0.0, 0.0, 1.0],
                [0.976032, -0.000214, 0.21763, 0.00786, 0.217631, 0.001942, -0.976029, -0.013434, -0.000214, 0.999998, 0.001942, 0.676934, 0.0, 0.0, 0.0, 1.0],
                [0.976095, -0.000213, 0.217345, 0.007455, 0.217345, 0.001942, -0.976092, -0.012743, -0.000214, 0.999998, 0.001942, 0.67771, 0.0, 0.0, 0.0, 1.0],
                [0.97616, -0.000213, 0.217053, 0.007044, 0.217053, 0.001942, -0.976157, -0.012034, -0.000213, 0.999998, 0.001942, 0.67845, 0.0, 0.0, 0.0, 1.0],
                [0.976227, -0.000213, 0.216755, 0.006629, 0.216755, 0.001942, -0.976224, -0.011308, -0.000213, 0.999998, 0.001942, 0.679148, 0.0, 0.0, 0.0, 1.0],
                [0.976294, -0.000213, 0.21645, 0.006211, 0.216451, 0.001942, -0.976291, -0.010566, -0.000213, 0.999998, 0.001942, 0.679797, 0.0, 0.0, 0.0, 1.0],
                [0.976363, -0.000212, 0.216141, 0.005794, 0.216141, 0.001942, -0.97636, -0.009808, -0.000212, 0.999998, 0.001942, 0.680393, 0.0, 0.0, 0.0, 1.0],
                [0.976432, -0.000212, 0.215825, 0.005379, 0.215825, 0.001942, -0.97643, -0.009036, -0.000212, 0.999998, 0.001942, 0.680933, 0.0, 0.0, 0.0, 1.0],
                [0.976503, -0.000212, 0.215505, 0.004967, 0.215505, 0.001942, -0.9765, -0.008251, -0.000212, 0.999998, 0.001942, 0.681417, 0.0, 0.0, 0.0, 1.0],
                [0.976576, -0.000211, 0.215177, 0.00456, 0.215178, 0.001942, -0.976572, -0.007446, -0.000211, 0.999998, 0.001942, 0.681845, 0.0, 0.0, 0.0, 1.0],
                [0.976648, -0.000211, 0.214851, 0.004164, 0.214851, 0.001942, -0.976644, -0.006639, -0.000211, 0.999998, 0.001942, 0.682211, 0.0, 0.0, 0.0, 1.0],
                [0.976721, -0.000211, 0.214518, 0.003777, 0.214518, 0.001943, -0.976718, -0.005815, -0.000211, 0.999998, 0.001942, 0.682517, 0.0, 0.0, 0.0, 1.0],
                [0.976795, -0.00021, 0.214181, 0.003401, 0.214181, 0.001943, -0.976792, -0.00498, -0.000211, 0.999998, 0.001942, 0.682763, 0.0, 0.0, 0.0, 1.0],
                [0.976869, -0.00021, 0.213841, 0.003039, 0.213841, 0.001943, -0.976866, -0.004134, -0.000211, 0.999998, 0.001942, 0.682946, 0.0, 0.0, 0.0, 1.0],
                [0.976944, -0.00021, 0.213499, 0.002692, 0.213499, 0.001943, -0.976941, -0.003278, -0.00021, 0.999998, 0.001942, 0.683065, 0.0, 0.0, 0.0, 1.0],
                [0.977019, -0.000209, 0.213154, 0.002364, 0.213154, 0.001943, -0.977016, -0.002413, -0.00021, 0.999998, 0.001942, 0.683119, 0.0, 0.0, 0.0, 1.0],
                [0.977095, -0.000209, 0.212807, 0.002055, 0.212808, 0.001942, -0.977091, -0.00154, -0.000209, 0.999998, 0.001942, 0.683107, 0.0, 0.0, 0.0, 1.0],
                [0.97717, -0.000208, 0.212459, 0.001771, 0.212459, 0.001943, -0.977168, -0.000753, -0.000209, 0.999998, 0.001943, 0.683028, 0.0, 0.0, 0.0, 1.0],
                [0.977247, -0.000208, 0.212109, 0.001513, 0.212109, 0.001943, -0.977244, -0.000131, -0.000209, 0.999998, 0.001943, 0.68288, 0.0, 0.0, 0.0, 1.0],
                [0.977323, -0.000208, 0.211758, 0.001279, 0.211758, 0.001943, -0.97732, 0.000348, -0.000208, 0.999998, 0.001943, 0.682662, 0.0, 0.0, 0.0, 1.0],
                [0.977399, -0.000207, 0.211406, 0.001066, 0.211406, 0.001943, -0.977396, 0.000708, -0.000208, 0.999998, 0.001943, 0.682376, 0.0, 0.0, 0.0, 1.0],
                [0.977475, -0.000207, 0.211055, 0.000871, 0.211055, 0.001943, -0.977472, 0.000972, -0.000208, 0.999998, 0.001943, 0.682029, 0.0, 0.0, 0.0, 1.0],
                [0.97755, -0.000207, 0.210703, 0.000692, 0.210704, 0.001943, -0.977548, 0.001162, -0.000207, 0.999998, 0.001943, 0.681631, 0.0, 0.0, 0.0, 1.0],
                [0.977626, -0.000207, 0.210352, 0.000525, 0.210353, 0.001943, -0.977623, 0.001304, -0.000207, 0.999998, 0.001943, 0.681195, 0.0, 0.0, 0.0, 1.0],
                [0.977702, -0.000206, 0.21, 0.000369, 0.210001, 0.001943, -0.977699, 0.001419, -0.000206, 0.999998, 0.001943, 0.680727, 0.0, 0.0, 0.0, 1.0],
                [0.977776, -0.000206, 0.209654, 0.000222, 0.209654, 0.001943, -0.977773, 0.00153, -0.000206, 0.999998, 0.001943, 0.680246, 0.0, 0.0, 0.0, 1.0],
                [0.977851, -0.000205, 0.209306, 7.9e-05, 0.209306, 0.001943, -0.977848, 0.001662, -0.000206, 0.999998, 0.001943, 0.679755, 0.0, 0.0, 0.0, 1.0],
                [0.977925, -0.000205, 0.208961, -6.1e-05, 0.208961, 0.001943, -0.977921, 0.001836, -0.000205, 0.999998, 0.001943, 0.679266, 0.0, 0.0, 0.0, 1.0],
                [0.977998, -0.000205, 0.208619, -0.000202, 0.208619, 0.001943, -0.977995, 0.002078, -0.000205, 0.999998, 0.001943, 0.678792, 0.0, 0.0, 0.0, 1.0]
            ]
        },
        {
            "name": "Thigh_R",
            "time": [0.0, 0.0333, 0.0667, 0.1, 0.1333, 0.1667, 0.2, 0.2333, 0.2667, 0.3, 0.3333, 0.3667, 0.4, 0.4333, 0.4667, 0.5, 0.5333, 0.5667, 0.6, 0.6333, 0.6667, 0.7, 0.7333, 0.7667, 0.8, 0.8333, 0.8667, 0.9, 0.9333, 0.9667, 1.0, 1.0333, 1.0667, 1.1, 1.1333, 1.1667, 1.2, 1.2333, 1.2667, 1.3, 1.3333, 1.3667, 1.4, 1.4333, 1.4667, 1.5, 1.5333, 1.5667, 1.6, 1.6333, 1.6667, 1.7, 1.7333, 1.7667, 1.8, 1.8333, 1.8667, 1.9, 1.9333, 1.9667, 2.0, 2.0333, 2.0667, 2.1, 2.1333, 2.1667, 2.2, 2.2333, 2.2667, 2.3, 2.3333, 2.3667, 2.4, 2.4333, 2.4667, 2.5, 2.5333, 2.5667, 2.6, 2.6333, 2.6667, 2.7, 2.7333, 2.7667, 2.8, 2.8333, 2.8667, 2.9, 2.9333, 2.9667, 3.0],
            "transform": [
                [0.915903, 0.281388, 0.286257, 0.124994, 0.107083, -0.858583, 0.501364, -0.002831, 0.386854, -0.428547, -0.816511, -1.2e-05, 0.0, 0.0, 0.0, 1.0],
                [0.915519, 0.283471, 0.285429, 0.124994, 0.107508, -0.85614, 0.505436, -0.00283, 0.387644, -0.432049, -0.814288, -1.2e-05, 0.0, 0.0, 0.0, 1.0],
                [0.915105, 0.28559, 0.284646, 0.124994, 0.108002, -0.853744, 0.509367, -0.002831, 0.388486, -0.435381, -0.812109, -1.2e-05, 0.0, 0.0, 0.0, 1.0],
                [0.914663, 0.287749, 0.28389, 0.124994, 0.108545, -0.851365, 0.51322, -0.002831, 0.389373, -0.438607, -0.809946, -1.2e-05, 0.0, 0.0, 0.0, 1.0],
                [0.914201, 0.289943, 0.283145, 0.124994, 0.109114, -0.848969, 0.517053, -0.002831, 0.390298, -0.441794, -0.807765, -1.2e-05, 0.0, 0.0, 0.0, 1.0],
                [0.913722, 0.292173, 0.282396, 0.124994, 0.109688, -0.846523, 0.520928, -0.002831, 0.391256, -0.445007, -0.805535, -1.2e-05, 0.0, 0.0, 0.0, 1.0],
                [0.913232, 0.29444, 0.281625, 0.124994, 0.110244, -0.843991, 0.524904, -0.00283, 0.392242, -0.448312, -0.80322, -1.2e-05, 0.0, 0.0, 0.0, 1.0],
                [0.912738, 0.296739, 0.280816, 0.124994, 0.110761, -0.841337, 0.529039, -0.002831, 0.393248, -0.451769, -0.800787, -1.2e-05, 0.0, 0.0, 0.0, 1.0],
                [0.912241, 0.299072, 0.279953, 0.124994, 0.111215, -0.838524, 0.533392, -0.002831, 0.394271, -0.455445, -0.798197, -1.2e-05, 0.0, 0.0, 0.0, 1.0],
                [0.911747, 0.301427, 0.279035, 0.124994, 0.111586, -0.835536, 0.537982, -0.002831, 0.395308, -0.459366, -0.795433, -1.2e-05, 0.0, 0.0, 0.0, 1.0],
                [0.911258, 0.303746, 0.278116, 0.124994, 0.111854, -0.832455, 0.542683, -0.00283, 0.396358, -0.463414, -0.792557, -1.2e-05, 0.0, 0.0, 0.0, 1.0],
                [0.910776, 0.305964, 0.277262, 0.124994, 0.112003, -0.829388, 0.54733, -0.00283, 0.397421, -0.46744, -0.789655, -1.2e-05, 0.0, 0.0, 0.0, 1.0],
                [0.910303, 0.308012, 0.276543, 0.124994, 0.112015, -0.826443, 0.551764, -0.00283, 0.398497, -0.471296, -0.786816, -1.2e-05, 0.0, 0.0, 0.0, 1.0],
                [0.909847, 0.309822, 0.276028, 0.124994, 0.111874, -0.823735, 0.555827, -0.00283, 0.399582, -0.474836, -0.784133, -1.2e-05, 0.0, 0.0, 0.0, 1.0],
                [0.909406, 0.311328, 0.275784, 0.124994, 0.111564, -0.821381, 0.55936, -0.00283, 0.400669, -0.477917, -0.781703, -1.2e-05, 0.0, 0.0, 0.0, 1.0],
                [0.908989, 0.312462, 0.275878, 0.124994, 0.11107, -0.8195, 0.56221, -0.00283, 0.401753, -0.4804, -0.779622, -1.2e-05, 0.0, 0.0, 0.0, 1.0],
                [0.908599, 0.313302, 0.276209, 0.124994, 0.110412, -0.81795, 0.564594, -0.00283, 0.402814, -0.482492, -0.77778, -1.2e-05, 0.0, 0.0, 0.0, 1.0],
                [0.908238, 0.313982, 0.27662, 0.124994, 0.109631, -0.816505, 0.566833, -0.00283, 0.403838, -0.484492, -0.776004, -1.2e-05, 0.0, 0.0, 0.0, 1.0],
                [0.907906, 0.314517, 0.277104, 0.124994, 0.108746, -0.815164, 0.568929, -0.00283, 0.404823, -0.4864, -0.774295, -1.2e-05, 0.0, 0.0, 0.0, 1.0],
                [0.907601, 0.314918, 0.277648, 0.124994, 0.107774, -0.813924, 0.570885, -0.002831, 0.405767, -0.488211, -0.772659, -1.2e-05, 0.0, 0.0, 0.0, 1.0],
                [0.907321, 0.315201, 0.278241, 0.124994, 0.106734, -0.812784, 0.572702, -0.00283, 0.406667, -0.489926, -0.771099, -1.2e-05, 0.0, 0.0, 0.0, 1.0],
                [0.907065, 0.315378, 0.278875, 0.124994, 0.105643, -0.81174, 0.574383, -0.00283, 0.407523, -0.491541, -0.769618, -1.2e-05, 0.0, 0.0, 0.0, 1.0],
                [0.906832, 0.315462, 0.279536, 0.124994, 0.104519, -0.810789, 0.575929, -0.00283, 0.40833, -0.493053, -0.768222, -1.2e-05, 0.0, 0.0, 0.0, 1.0],
                [0.90662, 0.315468, 0.280215, 0.124994, 0.103381, -0.809929, 0.577344, -0.002831, 0.409088, -0.494462, -0.766912, -1.2e-05, 0.0, 0.0, 0.0, 1.0],
                [0.90643, 0.315407, 0.280899, 0.124994, 0.102246, -0.809158, 0.578627, -0.002831, 0.409795, -0.495763, -0.765694, -1.2e-05, 0.0, 0.0, 0.0, 1.0],
                [0.906259, 0.315292, 0.281578, 0.124994, 0.101131, -0.80847, 0.579782, -0.002831, 0.410449, -0.496955, -0.764569, -1.2e-05, 0.0, 0.0, 0.0, 1.0],
                [0.906107, 0.315134, 0.282243, 0.124994, 0.100052, -0.807867, 0.580809, -0.002831, 0.411048, -0.498035, -0.763544, -1.2e-05, 0.0, 0.0, 0.0, 1.0],
                [0.905975, 0.314931, 0.282895, 0.124994, 0.099009, -0.807351, 0.581704, -0.00283, 0.411594, -0.498998, -0.762621, -1.2e-05, 0.0, 0.0, 0.0, 1.0],
                [0.905861, 0.314679, 0.283539, 0.124994, 0.098, -0.80693, 0.582459, -0.00283, 0.412084, -0.499839, -0.761805, -1.2e-05, 0.0, 0.0, 0.0, 1.0],
                [0.905767, 0.314372, 0.284177, 0.124994, 0.097023, -0.806606, 0.58307, -0.002831, 0.412521, -0.500553, -0.761099, -1.2e-05, 0.0, 0.0, 0.0, 1.0],
                [0.905693, 0.31401, 0.284813, 0.124994, 0.096077, -0.806385, 0.583533, -0.002831, 0.412905, -0.501136, -0.760507, -1.2e-05, 0.0, 0.0, 0.0, 1.0],
                [0.905638, 0.313596, 0.285445, 0.124994, 0.095163, -0.806262, 0.583853, -0.002831, 0.413238, -0.501594, -0.760024, -1.2e-05, 0.0, 0.0, 0.0, 1.0],
                [0.905601, 0.313134, 0.286071, 0.124994, 0.094283, -0.806231, 0.584038, -0.002831, 0.413522, -0.501932, -0.759646, -1.2e-05, 0.0, 0.0, 0.0, 1.0],
                [0.90558, 0.312631, 0.286686, 0.124994, 0.09344, -0.806285, 0.584098, -0.00283, 0.413759, -0.502158, -0.759368, -1.2e-05, 0.0, 0.0, 0.0, 1.0],
                [0.905573, 0.312092, 0.28729, 0.124994, 0.092636, -0.806421, 0.584041, -0.00283, 0.413951, -0.502278, -0.759184, -1.2e-05, 0.0, 0.0, 0.0, 1.0],
                [0.905582, 0.311524, 0.287879, 0.124994, 0.091874, -0.806628, 0.583875, -0.00283, 0.414103, -0.502297, -0.759089, -1.2e-05, 0.0, 0.0, 0.0, 1.0],
                [0.905604, 0.310931, 0.288451, 0.124994, 0.091154, -0.806903, 0.583607, -0.002831, 0.414214, -0.502223, -0.759077, -1.2e-05, 0.0, 0.0, 0.0, 1.0],
                [0.905638, 0.31032, 0.289003, 0.124994, 0.090481, -0.807238, 0.583248, -0.002831, 0.414289, -0.502061, -0.759143, -1.2e-05, 0.0, 0.0, 0.0, 1.0],
                [0.905681, 0.309698, 0.289533, 0.124994, 0.089856, -0.807628, 0.582804, -0.002831, 0.414329, -0.501818, -0.759282, -1.2e-05, 0.0, 0.0, 0.0, 1.0],
                [0.905734, 0.309071, 0.290038, 0.124994, 0.089281, -0.808067, 0.582285, -0.00283, 0.414338, -0.5015, -0.759488, -1.2e-05, 0.0, 0.0, 0.0, 1.0],
                [0.905795, 0.308442, 0.290517, 0.124994, 0.088759, -0.808547, 0.581698, -0.00283, 0.414318, -0.501111, -0.759755, -1.2e-05, 0.0, 0.0, 0.0, 1.0],
                [0.905861, 0.307822, 0.290967, 0.124994, 0.088294, -0.809063, 0.581051, -0.002831, 0.414272, -0.50066, -0.760078, -1.2e-05, 0.0, 0.0, 0.0, 1.0],
                [0.905933, 0.307214, 0.291385, 0.124994, 0.087885, -0.809608, 0.580352, -0.002831, 0.414201, -0.500151, -0.760451, -1.2e-05, 0.0, 0.0, 0.0, 1.0],
                [0.906009, 0.306622, 0.291773, 0.124994, 0.087534, -0.810181, 0.579606, -0.00283, 0.41411, -0.499587, -0.760871, -1.2e-05, 0.0, 0.0, 0.0, 1.0],
                [0.906086, 0.306062, 0.292121, 0.124994, 0.087249, -0.810764, 0.578833, -0.00283, 0.414001, -0.498985, -0.761326, -1.2e-05, 0.0, 0.0, 0.0, 1.0],
                [0.906166, 0.305509, 0.292454, 0.124994, 0.087006, -0.811376, 0.578011, -0.00283, 0.413879, -0.498328, -0.761823, -1.2e-05, 0.0, 0.0, 0.0, 1.0],
                [0.90625, 0.304891, 0.292837, 0.124994, 0.086805, -0.812153, 0.576949, -0.002831, 0.413736, -0.49744, -0.76248, -1.2e-05, 0.0, 0.0, 0.0, 1.0],
                [0.90634, 0.304159, 0.293317, 0.124994, 0.086659, -0.813204, 0.57549, -0.002831, 0.413567, -0.496172, -0.763397, -1.2e-05, 0.0, 0.0, 0.0, 1.0],
                [0.906438, 0.303326, 0.293875, 0.124994, 0.086567, -0.814493, 0.573678, -0.00283, 0.413371, -0.494564, -0.764546, -1.2e-05, 0.0, 0.0, 0.0, 1.0],
                [0.906543, 0.30241, 0.294496, 0.124994, 0.08653, -0.815988, 0.571554, -0.00283, 0.41315, -0.492655, -0.765897, -1.2e-05, 0.0, 0.0, 0.0, 1.0],
                [0.906654, 0.301425, 0.295164, 0.124994, 0.086547, -0.817658, 0.56916, -0.00283, 0.412903, -0.490484, -0.767421, -1.2e-05, 0.0, 0.0, 0.0, 1.0],
                [0.906771, 0.300389, 0.295862, 0.124994, 0.086619, -0.81947, 0.566537, -0.002831, 0.412632, -0.48809, -0.769091, -1.2e-05, 0.0, 0.0, 0.0, 1.0],
                [0.906893, 0.299317, 0.296575, 0.124994, 0.086746, -0.821392, 0.563728, -0.00283, 0.412338, -0.485513, -0.770879, -1.2e-05, 0.0, 0.0, 0.0, 1.0],
                [0.907019, 0.298225, 0.297286, 0.124994, 0.086928, -0.82339, 0.560777, -0.002831, 0.41202, -0.482792, -0.772755, -1.2e-05, 0.0, 0.0, 0.0, 1.0],
                [0.907151, 0.29713, 0.29798, 0.124994, 0.087164, -0.825435, 0.557726, -0.002831, 0.411681, -0.479968, -0.774693, -1.2e-05, 0.0, 0.0, 0.0, 1.0],
                [0.907287, 0.296047, 0.298643, 0.124994, 0.087454, -0.827496, 0.554617, -0.00283, 0.41132, -0.477078, -0.776667, -1.2e-05, 0.0, 0.0, 0.0, 1.0],
                [0.907426, 0.294995, 0.299258, 0.124994, 0.0878, -0.829543, 0.551497, -0.00283, 0.410937, -0.474167, -0.77865, -1.2e-05, 0.0, 0.0, 0.0, 1.0],
                [0.90757, 0.29399, 0.299812, 0.124994, 0.0882, -0.831546, 0.548407, -0.00283, 0.410534, -0.471274, -0.780617, -1.2e-05, 0.0, 0.0, 0.0, 1.0],
                [0.907717, 0.293049, 0.300287, 0.124994, 0.088657, -0.833477, 0.545394, -0.00283, 0.41011, -0.46844, -0.782543, -1.2e-05, 0.0, 0.0, 0.0, 1.0],
                [0.907867, 0.292188, 0.300671, 0.124994, 0.089168, -0.835308, 0.542501, -0.002831, 0.409666, -0.465708, -0.784403, -1.2e-05, 0.0, 0.0, 0.0, 1.0],
                [0.908021, 0.291426, 0.300948, 0.124994, 0.089737, -0.837011, 0.539775, -0.00283, 0.409203, -0.46312, -0.786176, -1.2e-05, 0.0, 0.0, 0.0, 1.0],
                [0.908238, 0.290793, 0.300906, 0.124994, 0.090265, -0.838301, 0.537681, -0.002831, 0.408605, -0.46118, -0.787626, -1.2e-05, 0.0, 0.0, 0.0, 1.0],
                [0.90847, 0.290119, 0.300855, 0.124994, 0.090798, -0.839638, 0.535502, -0.002831, 0.40797, -0.459169, -0.789128, -1.2e-05, 0.0, 0.0, 0.0, 1.0],
                [0.908715, 0.289419, 0.300789, 0.124994, 0.091344, -0.841006, 0.533258, -0.00283, 0.407301, -0.457103, -0.790672, -1.2e-05, 0.0, 0.0, 0.0, 1.0],
                [0.908974, 0.288706, 0.300694, 0.124994, 0.091911, -0.84239, 0.530969, -0.002831, 0.406597, -0.454999, -0.792246, -1.2e-05, 0.0, 0.0, 0.0, 1.0],
                [0.909243, 0.287993, 0.300564, 0.124994, 0.092505, -0.843781, 0.528654, -0.002831, 0.405859, -0.45287, -0.793843, -1.2e-05, 0.0, 0.0, 0.0, 1.0],
                [0.909522, 0.287294, 0.300388, 0.124994, 0.093133, -0.845161, 0.526334, -0.00283, 0.40509, -0.450735, -0.795449, -1.2e-05, 0.0, 0.0, 0.0, 1.0],
                [0.90981, 0.286624, 0.300157, 0.124994, 0.093802, -0.846518, 0.524028, -0.002831, 0.404288, -0.448609, -0.797057, -1.2e-05, 0.0, 0.0, 0.0, 1.0],
                [0.910105, 0.285994, 0.299862, 0.124994, 0.094521, -0.847841, 0.521756, -0.00283, 0.403456, -0.446509, -0.798657, -1.2e-05, 0.0, 0.0, 0.0, 1.0],
                [0.910406, 0.28542, 0.299494, 0.124994, 0.095295, -0.849115, 0.519539, -0.00283, 0.402592, -0.444451, -0.800239, -1.2e-05, 0.0, 0.0, 0.0, 1.0],
                [0.910713, 0.284915, 0.299042, 0.124994, 0.096132, -0.850328, 0.517396, -0.00283, 0.401699, -0.442451, -0.801794, -1.2e-05, 0.0, 0.0, 0.0, 1.0],
                [0.911026, 0.28449, 0.298495, 0.124994, 0.097046, -0.851475, 0.515336, -0.00283, 0.400769, -0.440515, -0.803324, -1.2e-05, 0.0, 0.0, 0.0, 1.0],
                [0.911337, 0.284164, 0.297852, 0.124994, 0.098027, -0.852522, 0.513415, -0.002831, 0.39982, -0.438696, -0.804792, -1.2e-05, 0.0, 0.0, 0.0, 1.0],
                [0.911648, 0.283884, 0.297169, 0.124994, 0.099013, -0.8535, 0.511597, -0.002831, 0.398869, -0.436971, -0.8062, -1.2e-05, 0.0, 0.0, 0.0, 1.0],
                [0.91195, 0.283596, 0.296518, 0.124994, 0.099915, -0.854414, 0.509893, -0.00283, 0.397954, -0.435369, -0.807519, -1.2e-05, 0.0, 0.0, 0.0, 1.0],
                [0.912243, 0.283308, 0.295888, 0.124994, 0.100735, -0.855253, 0.508323, -0.00283, 0.397072, -0.433907, -0.808738, -1.2e-05, 0.0, 0.0, 0.0, 1.0],
                [0.91253, 0.283024, 0.295274, 0.124994, 0.10147, -0.856007, 0.506907, -0.00283, 0.396224, -0.432606, -0.809851, -1.2e-05, 0.0, 0.0, 0.0, 1.0],
                [0.912813, 0.282746, 0.294668, 0.124994, 0.102121, -0.856665, 0.505663, -0.002831, 0.395406, -0.431483, -0.810849, -1.2e-05, 0.0, 0.0, 0.0, 1.0],
                [0.91309, 0.282482, 0.294062, 0.124994, 0.10269, -0.85722, 0.504605, -0.00283, 0.394619, -0.430551, -0.811727, -1.2e-05, 0.0, 0.0, 0.0, 1.0],
                [0.913362, 0.282234, 0.293454, 0.124994, 0.103187, -0.857679, 0.503724, -0.00283, 0.393858, -0.429801, -0.812494, -1.2e-05, 0.0, 0.0, 0.0, 1.0],
                [0.91363, 0.282003, 0.292842, 0.124994, 0.103622, -0.858047, 0.503005, -0.00283, 0.393123, -0.429215, -0.81316, -1.2e-05, 0.0, 0.0, 0.0, 1.0],
                [0.913891, 0.281794, 0.292226, 0.124994, 0.104007, -0.858336, 0.502433, -0.002831, 0.392412, -0.428774, -0.813735, -1.2e-05, 0.0, 0.0, 0.0, 1.0],
                [0.914147, 0.28161, 0.291602, 0.124994, 0.104354, -0.858552, 0.501992, -0.00283, 0.391723, -0.428464, -0.81423, -1.2e-05, 0.0, 0.0, 0.0, 1.0],
                [0.914397, 0.281452, 0.290972, 0.124994, 0.104673, -0.858703, 0.501668, -0.00283, 0.391055, -0.428266, -0.814656, -1.2e-05, 0.0, 0.0, 0.0, 1.0],
                [0.914639, 0.281325, 0.290332, 0.124994, 0.104977, -0.858796, 0.501445, -0.002831, 0.390405, -0.428162, -0.815021, -1.2e-05, 0.0, 0.0, 0.0, 1.0],
                [0.914874, 0.281231, 0.289682, 0.124994, 0.105275, -0.858841, 0.501307, -0.00283, 0.389774, -0.428136, -0.815338, -1.2e-05, 0.0, 0.0, 0.0, 1.0],
                [0.915102, 0.281174, 0.289017, 0.124994, 0.105582, -0.858842, 0.50124, -0.00283, 0.389157, -0.428169, -0.815615, -1.2e-05, 0.0, 0.0, 0.0, 1.0],
                [0.915317, 0.281158, 0.288349, 0.124994, 0.105902, -0.85881, 0.501227, -0.002831, 0.388562, -0.428244, -0.815859, -1.2e-05, 0.0, 0.0, 0.0, 1.0],
                [0.915525, 0.281186, 0.287665, 0.124994, 0.106252, -0.858751, 0.501254, -0.00283, 0.387979, -0.428344, -0.816084, -1.2e-05, 0.0, 0.0, 0.0, 1.0],
                [0.91572, 0.281261, 0.286967, 0.124994, 0.106642, -0.858673, 0.501305, -0.00283, 0.387409, -0.428451, -0.816298, -1.2e-05, 0.0, 0.0, 0.0, 1.0],
                [0.915903, 0.281388, 0.286257, 0.124994, 0.107083, -0.858584, 0.501364, -0.002831, 0.386854, -0.428547, -0.816511, -1.2e-05, 0.0, 0.0, 0.0, 1.0]
            ]
        },
        {
            "name": "Leg_R",
            "time": [0.0, 0.0333, 0.0667, 0.1, 0.1333, 0.1667, 0.2, 0.2333, 0.2667, 0.3, 0.3333, 0.3667, 0.4, 0.4333, 0.4667, 0.5, 0.5333, 0.5667, 0.6, 0.6333, 0.6667, 0.7, 0.7333, 0.7667, 0.8, 0.8333, 0.8667, 0.9, 0.9333, 0.9667, 1.0, 1.0333, 1.0667, 1.1, 1.1333, 1.1667, 1.2, 1.2333, 1.2667, 1.3, 1.3333, 1.3667, 1.4, 1.4333, 1.4667, 1.5, 1.5333, 1.5667, 1.6, 1.6333, 1.6667, 1.7, 1.7333, 1.7667, 1.8, 1.8333, 1.8667, 1.9, 1.9333, 1.9667, 2.0, 2.0333, 2.0667, 2.1, 2.1333, 2.1667, 2.2, 2.2333, 2.2667, 2.3, 2.3333, 2.3667, 2.4, 2.4333, 2.4667, 2.5, 2.5333, 2.5667, 2.6, 2.6333, 2.6667, 2.7, 2.7333, 2.7667, 2.8, 2.8333, 2.8667, 2.9, 2.9333, 2.9667, 3.0],
            "transform": [
                [1.0, -0.001733, 0.000905, 0.0, 0.000903, 0.820189, 0.57209, 0.37472, -0.001734, -0.572087, 0.82019, -0.0, 0.0, 0.0, 0.0, 1.0],
                [1.0, -0.001736, 0.000899, 0.0, 0.000897, 0.815856, 0.578252, 0.37472, -0.001737, -0.57825, 0.815857, 0.0, 0.0, 0.0, 0.0, 1.0],
                [1.000001, -0.00174, 0.000892, -0.0, 0.00089, 0.81129, 0.58464, 0.37472, -0.001741, -0.584637, 0.811292, -0.0, 0.0, 0.0, 0.0, 1.0],
                [1.0, -0.001743, 0.000885, -0.0, 0.000883, 0.806554, 0.591157, 0.37472, -0.001744, -0.591154, 0.806556, 0.0, 0.0, 0.0, 0.0, 1.0],
                [1.000001, -0.001747, 0.000878, 0.0, 0.000876, 0.801697, 0.597727, 0.37472, -0.001748, -0.597724, 0.801698, -0.0, 0.0, 0.0, 0.0, 1.0],
                [1.0, -0.001751, 0.000871, -0.0, 0.000869, 0.796785, 0.60426, 0.37472, -0.001752, -0.604257, 0.796786, 0.0, 0.0, 0.0, 0.0, 1.0],
                [0.999999, -0.001754, 0.000864, -0.0, 0.000861, 0.791877, 0.610678, 0.37472, -0.001755, -0.610675, 0.791878, 0.0, 0.0, 0.0, 0.0, 1.0],
                [1.000001, -0.001757, 0.000857, 0.0, 0.000855, 0.787038, 0.616902, 0.37472, -0.001758, -0.616898, 0.787039, 0.0, 0.0, 0.0, 0.0, 1.0],
                [1.000001, -0.001761, 0.00085, 0.0, 0.000848, 0.782338, 0.622851, 0.37472, -0.001762, -0.622848, 0.78234, -0.0, 0.0, 0.0, 0.0, 1.0],
                [1.000001, -0.001766, 0.000841, 0.0, 0.000839, 0.77577, 0.631013, 0.37472, -0.001766, -0.63101, 0.775771, -0.0, 0.0, 0.0, 0.0, 1.0],
                [1.000001, -0.001769, 0.000832, -0.0, 0.00083, 0.769418, 0.638743, 0.37472, -0.00177, -0.63874, 0.769419, -0.0, 0.0, 0.0, 0.0, 1.0],
                [1.0, -0.001773, 0.000824, 0.0, 0.000822, 0.763445, 0.645871, 0.37472, -0.001774, -0.645868, 0.763446, 0.0, 0.0, 0.0, 0.0, 1.0],
                [1.0, -0.001777, 0.000816, 0.0, 0.000815, 0.758022, 0.652227, 0.37472, -0.001778, -0.652223, 0.758024, 0.0, 0.0, 0.0, 0.0, 1.0],
                [1.0, -0.00178, 0.00081, -0.0, 0.000808, 0.753323, 0.657648, 0.37472, -0.00178, -0.657645, 0.753324, 0.0, 0.0, 0.0, 0.0, 1.0],
                [1.000001, -0.001782, 0.000805, 0.0, 0.000803, 0.749527, 0.661972, 0.37472, -0.001783, -0.661968, 0.749528, -0.0, 0.0, 0.0, 0.0, 1.0],
                [1.000001, -0.001783, 0.0008, 0.0, 0.000798, 0.746326, 0.665577, 0.37472, -0.001784, -0.665574, 0.746328, -0.0, 0.0, 0.0, 0.0, 1.0],
                [1.0, -0.001786, 0.000796, -0.0, 0.000795, 0.743305, 0.66895, 0.37472, -0.001786, -0.668947, 0.743307, -0.0, 0.0, 0.0, 0.0, 1.0],
                [1.0, -0.001788, 0.000793, 0.0, 0.000791, 0.740466, 0.672091, 0.37472, -0.001788, -0.672088, 0.740468, 0.0, 0.0, 0.0, 0.0, 1.0],
                [1.0, -0.001789, 0.000789, -0.0, 0.000787, 0.737811, 0.675005, 0.37472, -0.00179, -0.675002, 0.737813, 0.0, 0.0, 0.0, 0.0, 1.0],
                [1.000001, -0.001791, 0.000786, 0.0, 0.000784, 0.735344, 0.677692, 0.37472, -0.001791, -0.677688, 0.735345, 0.0, 0.0, 0.0, 0.0, 1.0],
                [1.0, -0.001792, 0.000783, -0.0, 0.000781, 0.733068, 0.680153, 0.37472, -0.001793, -0.68015, 0.733069, -0.0, 0.0, 0.0, 0.0, 1.0],
                [1.0, -0.001793, 0.00078, 0.0, 0.000778, 0.730986, 0.68239, 0.37472, -0.001793, -0.682387, 0.730988, 0.0, 0.0, 0.0, 0.0, 1.0],
                [1.0, -0.001794, 0.000778, 0.0, 0.000776, 0.729101, 0.684404, 0.37472, -0.001795, -0.684401, 0.729102, -0.0, 0.0, 0.0, 0.0, 1.0],
                [1.0, -0.001795, 0.000775, 0.0, 0.000774, 0.72741, 0.6862, 0.37472, -0.001796, -0.686197, 0.727412, -0.0, 0.0, 0.0, 0.0, 1.0],
                [1.0, -0.001796, 0.000773, 0.0, 0.000772, 0.725922, 0.687775, 0.37472, -0.001797, -0.687772, 0.725923, -0.0, 0.0, 0.0, 0.0, 1.0],
                [1.000001, -0.001796, 0.000772, -0.0, 0.00077, 0.724632, 0.689133, 0.37472, -0.001797, -0.68913, 0.724634, 0.0, 0.0, 0.0, 0.0, 1.0],
                [1.0, -0.001797, 0.00077, 0.0, 0.000768, 0.723547, 0.690273, 0.37472, -0.001798, -0.69027, 0.723548, 0.0, 0.0, 0.0, 0.0, 1.0],
                [1.0, -0.001798, 0.000769, -0.0, 0.000768, 0.722665, 0.691196, 0.37472, -0.001798, -0.691193, 0.722666, 0.0, 0.0, 0.0, 0.0, 1.0],
                [1.000001, -0.001798, 0.000768, 0.0, 0.000767, 0.72199, 0.691901, 0.37472, -0.001799, -0.691898, 0.721991, -0.0, 0.0, 0.0, 0.0, 1.0],
                [1.0, -0.001798, 0.000768, -0.0, 0.000766, 0.721521, 0.692391, 0.37472, -0.001799, -0.692388, 0.721522, -0.0, 0.0, 0.0, 0.0, 1.0],
                [1.0, -0.001798, 0.000767, 0.0, 0.000766, 0.721256, 0.692666, 0.37472, -0.001799, -0.692663, 0.721257, 0.0, 0.0, 0.0, 0.0, 1.0],
                [1.0, -0.001799, 0.000767, -0.0, 0.000766, 0.721187, 0.692738, 0.37472, -0.001799, -0.692735, 0.721188, 0.0, 0.0, 0.0, 0.0, 1.0],
                [1.0, -0.001798, 0.000767, -0.0, 0.000765, 0.721302, 0.692619, 0.37472, -0.001799, -0.692616, 0.721303, 0.0, 0.0, 0.0, 0.0, 1.0],
                [1.000001, -0.001798, 0.000768, 0.0, 0.000766, 0.721589, 0.692319, 0.37472, -0.001799, -0.692315, 0.721591, -0.0, 0.0, 0.0, 0.0, 1.0],
                [0.999999, -0.001798, 0.000768, 0.0, 0.000767, 0.722038, 0.691852, 0.37472, -0.001799, -0.691848, 0.722039, 0.0, 0.0, 0.0, 0.0, 1.0],
                [0.999999, -0.001798, 0.000769, 0.0, 0.000767, 0.722632, 0.691231, 0.37472, -0.001798, -0.691228, 0.722633, -0.0, 0.0, 0.0, 0.0, 1.0],
                [1.0, -0.001797, 0.00077, 0.0, 0.000768, 0.723364, 0.690464, 0.37472, -0.001798, -0.690461, 0.723366, 0.0, 0.0, 0.0, 0.0, 1.0],
                [1.000001, -0.001797, 0.000771, -0.0, 0.000769, 0.724216, 0.68957, 0.37472, -0.001798, -0.689567, 0.724218, 0.0, 0.0, 0.0, 0.0, 1.0],
                [1.0, -0.001796, 0.000773, 0.0, 0.000771, 0.725183, 0.688554, 0.37472, -0.001797, -0.68855, 0.725184, 0.0, 0.0, 0.0, 0.0, 1.0],
                [1.0, -0.001796, 0.000774, 0.0, 0.000772, 0.726247, 0.687431, 0.37472, -0.001797, -0.687428, 0.726249, 0.0, 0.0, 0.0, 0.0, 1.0],
                [1.0, -0.001795, 0.000776, 0.0, 0.000773, 0.7274, 0.686211, 0.37472, -0.001796, -0.686208, 0.727402, 0.0, 0.0, 0.0, 0.0, 1.0],
                [1.0, -0.001794, 0.000777, 0.0, 0.000776, 0.728626, 0.68491, 0.37472, -0.001795, -0.684906, 0.728627, 0.0, 0.0, 0.0, 0.0, 1.0],
                [1.0, -0.001794, 0.000779, 0.0, 0.000777, 0.729915, 0.683536, 0.37472, -0.001795, -0.683532, 0.729916, 0.0, 0.0, 0.0, 0.0, 1.0],
                [1.0, -0.001792, 0.00078, -0.0, 0.000778, 0.731263, 0.682093, 0.37472, -0.001793, -0.68209, 0.731265, -0.0, 0.0, 0.0, 0.0, 1.0],
                [1.0, -0.001792, 0.000782, 0.0, 0.000781, 0.732633, 0.680622, 0.37472, -0.001792, -0.680619, 0.732634, -0.0, 0.0, 0.0, 0.0, 1.0],
                [1.000001, -0.001791, 0.000784, 0.0, 0.000782, 0.734037, 0.679106, 0.37472, -0.001792, -0.679103, 0.734039, -0.0, 0.0, 0.0, 0.0, 1.0],
                [1.0, -0.00179, 0.000786, -0.0, 0.000784, 0.735458, 0.677568, 0.37472, -0.001791, -0.677564, 0.735459, -0.0, 0.0, 0.0, 0.0, 1.0],
                [1.0, -0.001789, 0.000788, 0.0, 0.000786, 0.736883, 0.676018, 0.37472, -0.00179, -0.676014, 0.736885, -0.0, 0.0, 0.0, 0.0, 1.0],
                [0.999999, -0.001788, 0.000791, 0.0, 0.000789, 0.739472, 0.673185, 0.37472, -0.001789, -0.673182, 0.739474, 0.0, 0.0, 0.0, 0.0, 1.0],
                [1.0, -0.001787, 0.000795, 0.0, 0.000793, 0.742358, 0.67, 0.37472, -0.001787, -0.669997, 0.74236, -0.0, 0.0, 0.0, 0.0, 1.0],
                [1.0, -0.001784, 0.0008, -0.0, 0.000797, 0.745503, 0.6665, 0.37472, -0.001785, -0.666497, 0.745504, 0.0, 0.0, 0.0, 0.0, 1.0],
                [1.0, -0.001782, 0.000804, 0.0, 0.000802, 0.748859, 0.662727, 0.37472, -0.001783, -0.662724, 0.748861, -0.0, 0.0, 0.0, 0.0, 1.0],
                [1.0, -0.00178, 0.000808, -0.0, 0.000807, 0.752386, 0.65872, 0.37472, -0.001781, -0.658716, 0.752388, 0.0, 0.0, 0.0, 0.0, 1.0],
                [1.0, -0.001778, 0.000813, -0.0, 0.000812, 0.75604, 0.654523, 0.37472, -0.001779, -0.654519, 0.756041, -0.0, 0.0, 0.0, 0.0, 1.0],
                [1.0, -0.001776, 0.000819, -0.0, 0.000817, 0.759781, 0.650176, 0.37472, -0.001777, -0.650173, 0.759783, -0.0, 0.0, 0.0, 0.0, 1.0],
                [1.0, -0.001773, 0.000824, -0.0, 0.000822, 0.763569, 0.645724, 0.37472, -0.001774, -0.645721, 0.76357, -0.0, 0.0, 0.0, 0.0, 1.0],
                [1.0, -0.001771, 0.000829, 0.0, 0.000827, 0.767366, 0.641207, 0.37472, -0.001772, -0.641204, 0.767367, 0.0, 0.0, 0.0, 0.0, 1.0],
