{
    "animation": [
        {
            "name": "Root",
            "time": [0.0, 0.0333, 0.0667, 0.1, 0.1333, 0.1667, 0.2, 0.2333, 0.2667, 0.3, 0.3333, 0.3667, 0.4, 0.4333, 0.4667, 0.5, 0.5333, 0.5667, 0.6, 0.6333, 0.6667, 0.7, 0.7333, 0.7667, 0.8, 0.8333, 0.8667, 0.9, 0.9333, 0.9667, 1.0, 1.0333, 1.0667, 1.1, 1.1333, 1.1667, 1.2, 1.2333, 1.2667, 1.3, 1.3333, 1.3667, 1.4, 1.4333, 1.4667, 1.5, 1.5333, 1.5667, 1.6, 1.6333, 1.6667, 1.7, 1.7333, 1.7667, 1.8, 1.8333, 1.8667, 1.9, 1.9333, 1.9667, 2.0, 2.0333, 2.0667, 2.1, 2.1333, 2.1667, 2.2, 2.2333, 2.2667, 2.3, 2.3333, 2.3667, 2.4, 2.4333, 2.4667, 2.5, 2.5333, 2.5667, 2.6, 2.6333, 2.6667, 2.7, 2.7333, 2.7667, 2.8, 2.8333, 2.8667, 2.9, 2.9333, 2.9667, 3.0],
            "transform": [
                [0.808902, 0.000604, -0.587943, 0.001464, -0.587944, 0.001858, -0.808899, 0.005379, 0.000604, 0.999998, 0.001858, 0.615754, 0.0, 0.0, 0.0, 1.0],
                [0.808935, 0.000604, -0.587899, 0.001085, -0.587899, 0.001858, -0.808932, 0.006061, 0.000604, 0.999998, 0.001858, 0.614337, 0.0, 0.0, 0.0, 1.0],
                [0.808951, 0.000604, -0.587876, 0.00067, -0.587876, 0.001858, -0.808948, 0.006714, 0.000604, 0.999998, 0.001858, 0.612841, 0.0, 0.0, 0.0, 1.0],
                [0.808954, 0.000604, -0.587872, 0.00023, -0.587873, 0.001859, -0.808951, 0.007343, 0.000604, 0.999998, 0.001858, 0.611288, 0.0, 0.0, 0.0, 1.0],
                [0.808944, 0.000604, -0.587886, -0.000226, -0.587887, 0.001858, -0.808941, 0.007953, 0.000604, 0.999998, 0.001858, 0.609699, 0.0, 0.0, 0.0, 1.0],
                [0.808921, 0.000604, -0.587917, -0.000685, -0.587918, 0.001858, -0.808919, 0.008548, 0.000604, 0.999998, 0.001858, 0.608097, 0.0, 0.0, 0.0, 1.0],
                [0.808889, 0.000604, -0.587962, -0.001138, -0.587963, 0.001858, -0.808886, 0.009133, 0.000604, 0.999998, 0.001858, 0.606503, 0.0, 0.0, 0.0, 1.0],
                [0.808847, 0.000604, -0.58802, -0.001573, -0.58802, 0.001858, -0.808844, 0.009713, 0.000604, 0.999998, 0.001858, 0.604939, 0.0, 0.0, 0.0, 1.0],
                [0.808796, 0.000604, -0.588089, -0.001981, -0.58809, 0.001858, -0.808793, 0.010293, 0.000604, 0.999998, 0.001858, 0.603426, 0.0, 0.0, 0.0, 1.0],
                [0.808739, 0.000604, -0.588168, -0.00235, -0.588168, 0.001858, -0.808736, 0.010877, 0.000604, 0.999998, 0.001858, 0.601988, 0.0, 0.0, 0.0, 1.0],
                [0.808676, 0.000604, -0.588254, -0.00267, -0.588255, 0.001858, -0.808673, 0.01147, 0.000604, 0.999998, 0.001858, 0.600645, 0.0, 0.0, 0.0, 1.0],
                [0.808608, 0.000604, -0.588348, -0.00293, -0.588348, 0.001858, -0.808605, 0.012076, 0.000604, 0.999998, 0.001858, 0.599419, 0.0, 0.0, 0.0, 1.0],
                [0.808537, 0.000605, -0.588445, -0.003119, -0.588446, 0.001858, -0.808534, 0.012702, 0.000605, 0.999998, 0.001858, 0.598333, 0.0, 0.0, 0.0, 1.0],
                [0.808464, 0.000605, -0.588546, -0.003226, -0.588547, 0.001858, -0.808461, 0.013351, 0.000605, 0.999998, 0.001858, 0.597407, 0.0, 0.0, 0.0, 1.0],
                [0.808389, 0.000605, -0.588648, -0.003242, -0.588649, 0.001858, -0.808387, 0.014027, 0.000605, 0.999998, 0.001858, 0.596657, 0.0, 0.0, 0.0, 1.0],
                [0.808315, 0.000605, -0.58875, -0.003155, -0.588751, 0.001858, -0.808312, 0.014736, 0.000605, 0.999998, 0.001858, 0.596068, 0.0, 0.0, 0.0, 1.0],
                [0.808242, 0.000605, -0.58885, -0.002955, -0.588851, 0.001858, -0.808239, 0.015483, 0.000605, 0.999998, 0.001858, 0.595618, 0.0, 0.0, 0.0, 1.0],
                [0.808172, 0.000605, -0.588947, -0.002631, -0.588947, 0.001858, -0.808169, 0.016271, 0.000605, 0.999998, 0.001858, 0.595285, 0.0, 0.0, 0.0, 1.0],
                [0.808105, 0.000605, -0.589038, -0.002177, -0.589039, 0.001858, -0.808103, 0.017103, 0.000605, 0.999998, 0.001858, 0.595049, 0.0, 0.0, 0.0, 1.0],
                [0.808044, 0.000605, -0.589122, -0.001608, -0.589123, 0.001858, -0.808041, 0.017966, 0.000605, 0.999998, 0.001858, 0.594887, 0.0, 0.0, 0.0, 1.0],
                [0.807988, 0.000605, -0.589198, -0.000944, -0.589199, 0.001858, -0.807986, 0.018844, 0.000605, 0.999998, 0.001858, 0.594778, 0.0, 0.0, 0.0, 1.0],
                [0.80794, 0.000605, -0.589264, -0.000203, -0.589265, 0.001858, -0.807937, 0.019723, 0.000606, 0.999998, 0.001858, 0.594703, 0.0, 0.0, 0.0, 1.0],
                [0.807901, 0.000606, -0.589319, 0.000593, -0.589319, 0.001858, -0.807898, 0.020586, 0.000606, 0.999998, 0.001858, 0.594658, 0.0, 0.0, 0.0, 1.0],
                [0.807871, 0.000606, -0.589359, 0.001426, -0.58936, 0.001858, -0.807868, 0.021418, 0.000605, 0.999998, 0.001858, 0.594641, 0.0, 0.0, 0.0, 1.0],
                [0.807852, 0.000606, -0.589385, 0.002275, -0.589385, 0.001858, -0.80785, 0.022204, 0.000606, 0.999998, 0.001858, 0.594653, 0.0, 0.0, 0.0, 1.0],
                [0.807845, 0.000606, -0.589394, 0.003122, -0.589394, 0.001858, -0.807843, 0.022927, 0.000606, 0.999998, 0.001858, 0.594691, 0.0, 0.0, 0.0, 1.0],
                [0.807853, 0.000606, -0.589385, 0.003947, -0.589385, 0.001858, -0.80785, 0.023574, 0.000606, 0.999998, 0.001858, 0.594754, 0.0, 0.0, 0.0, 1.0],
                [0.807874, 0.000606, -0.589355, 0.004729, -0.589356, 0.001858, -0.807871, 0.024127, 0.000606, 0.999998, 0.001858, 0.594843, 0.0, 0.0, 0.0, 1.0],
                [0.807911, 0.000606, -0.589305, 0.00545, -0.589305, 0.001858, -0.807908, 0.024572, 0.000606, 0.999998, 0.001858, 0.594955, 0.0, 0.0, 0.0, 1.0],
                [0.807965, 0.000606, -0.58923, 0.00609, -0.589231, 0.001858, -0.807962, 0.024894, 0.000605, 0.999998, 0.001858, 0.59509, 0.0, 0.0, 0.0, 1.0],
                [0.808037, 0.000605, -0.589132, 0.006682, -0.589132, 0.001858, -0.808035, 0.025097, 0.000605, 0.999998, 0.001858, 0.595247, 0.0, 0.0, 0.0, 1.0],
                [0.808129, 0.000605, -0.589006, 0.007271, -0.589006, 0.001858, -0.808126, 0.025202, 0.000605, 0.999998, 0.001858, 0.595424, 0.0, 0.0, 0.0, 1.0],
                [0.808241, 0.000605, -0.588852, 0.007854, -0.588853, 0.001858, -0.808238, 0.025214, 0.000605, 0.999998, 0.001858, 0.595621, 0.0, 0.0, 0.0, 1.0],
                [0.808375, 0.000605, -0.588668, 0.008427, -0.588669, 0.001858, -0.808372, 0.025141, 0.000605, 0.999998, 0.001858, 0.595836, 0.0, 0.0, 0.0, 1.0],
                [0.808531, 0.000605, -0.588453, 0.008987, -0.588454, 0.001858, -0.808529, 0.024988, 0.000605, 0.999998, 0.001858, 0.596069, 0.0, 0.0, 0.0, 1.0],
                [0.8087, 0.000604, -0.588221, 0.00953, -0.588221, 0.001858, -0.808697, 0.024762, 0.000604, 0.999998, 0.001858, 0.596318, 0.0, 0.0, 0.0, 1.0],
                [0.808871, 0.000604, -0.587987, 0.010054, -0.587987, 0.001858, -0.808868, 0.024468, 0.000604, 0.999998, 0.001858, 0.596582, 0.0, 0.0, 0.0, 1.0],
                [0.809042, 0.000604, -0.587751, 0.010554, -0.587752, 0.001858, -0.809039, 0.024113, 0.000604, 0.999998, 0.001858, 0.596861, 0.0, 0.0, 0.0, 1.0],
                [0.809213, 0.000603, -0.587515, 0.011028, -0.587516, 0.001858, -0.80921, 0.023702, 0.000604, 0.999998, 0.001858, 0.597154, 0.0, 0.0, 0.0, 1.0],
                [0.809383, 0.000603, -0.587281, 0.011471, -0.587281, 0.001859, -0.80938, 0.023243, 0.000603, 0.999998, 0.001859, 0.597459, 0.0, 0.0, 0.0, 1.0],
                [0.809553, 0.000603, -0.587047, 0.011882, -0.587047, 0.001859, -0.80955, 0.022742, 0.000603, 0.999998, 0.001859, 0.597775, 0.0, 0.0, 0.0, 1.0],
                [0.809721, 0.000603, -0.586815, 0.012256, -0.586816, 0.001859, -0.809718, 0.022204, 0.000603, 0.999998, 0.001859, 0.598102, 0.0, 0.0, 0.0, 1.0],
                [0.809887, 0.000602, -0.586586, 0.012589, -0.586586, 0.001859, -0.809884, 0.021635, 0.000603, 0.999998, 0.001859, 0.598438, 0.0, 0.0, 0.0, 1.0],
                [0.810052, 0.000602, -0.586358, 0.012881, -0.586359, 0.001859, -0.810049, 0.021039, 0.000602, 0.999998, 0.001859, 0.598784, 0.0, 0.0, 0.0, 1.0],
                [0.810211, 0.000602, -0.586138, 0.013123, -0.586139, 0.001859, -0.810208, 0.020432, 0.000602, 0.999998, 0.001859, 0.599133, 0.0, 0.0, 0.0, 1.0],
                [0.810368, 0.000601, -0.585921, 0.013316, -0.585922, 0.001859, -0.810365, 0.01981, 0.000602, 0.999998, 0.001859, 0.59949, 0.0, 0.0, 0.0, 1.0],
                [0.81052, 0.000601, -0.58571, 0.013456, -0.585711, 0.001859, -0.810518, 0.019182, 0.000601, 0.999998, 0.001859, 0.599853, 0.0, 0.0, 0.0, 1.0],
                [0.810668, 0.000601, -0.585506, 0.01354, -0.585506, 0.001859, -0.810665, 0.018553, 0.000601, 0.999998, 0.001859, 0.600478, 0.0, 0.0, 0.0, 1.0],
                [0.810811, 0.000601, -0.585308, 0.013569, -0.585309, 0.001859, -0.810808, 0.017925, 0.000601, 0.999998, 0.001859, 0.601153, 0.0, 0.0, 0.0, 1.0],
                [0.810948, 0.000601, -0.585119, 0.013548, -0.585119, 0.001859, -0.810945, 0.017296, 0.000601, 0.999998, 0.001859, 0.601874, 0.0, 0.0, 0.0, 1.0],
                [0.811078, 0.000601, -0.584937, 0.013478, -0.584938, 0.001859, -0.811076, 0.016665, 0.000601, 0.999998, 0.001859, 0.602636, 0.0, 0.0, 0.0, 1.0],
                [0.811202, 0.0006, -0.584766, 0.013362, -0.584766, 0.00186, -0.811199, 0.016031, 0.0006, 0.999998, 0.00186, 0.603432, 0.0, 0.0, 0.0, 1.0],
                [0.811319, 0.0006, -0.584604, 0.013203, -0.584604, 0.00186, -0.811316, 0.015393, 0.0006, 0.999998, 0.00186, 0.604259, 0.0, 0.0, 0.0, 1.0],
                [0.811427, 0.0006, -0.584454, 0.013003, -0.584454, 0.00186, -0.811424, 0.014751, 0.0006, 0.999998, 0.00186, 0.605111, 0.0, 0.0, 0.0, 1.0],
                [0.811527, 0.0006, -0.584315, 0.012766, -0.584315, 0.00186, -0.811525, 0.014103, 0.0006, 0.999998, 0.00186, 0.605984, 0.0, 0.0, 0.0, 1.0],
                [0.811619, 0.0006, -0.584188, 0.012493, -0.584188, 0.00186, -0.811616, 0.013449, 0.0006, 0.999998, 0.00186, 0.606873, 0.0, 0.0, 0.0, 1.0],
                [0.811701, 0.0006, -0.584074, 0.012189, -0.584074, 0.00186, -0.811697, 0.012788, 0.0006, 0.999998, 0.00186, 0.607772, 0.0, 0.0, 0.0, 1.0],
                [0.811772, 0.000599, -0.583974, 0.011855, -0.583975, 0.00186, -0.81177, 0.012119, 0.0006, 0.999998, 0.00186, 0.608676, 0.0, 0.0, 0.0, 1.0],
                [0.811833, 0.000599, -0.583889, 0.011495, -0.58389, 0.00186, -0.811831, 0.011441, 0.000599, 0.999998, 0.00186, 0.609581, 0.0, 0.0, 0.0, 1.0],
                [0.811884, 0.000599, -0.583819, 0.01111, -0.583819, 0.00186, -0.811882, 0.010753, 0.000599, 0.999998, 0.00186, 0.610481, 0.0, 0.0, 0.0, 1.0],
                [0.811923, 0.000599, -0.583765, 0.010704, -0.583765, 0.00186, -0.81192, 0.010055, 0.000599, 0.999998, 0.00186, 0.611372, 0.0, 0.0, 0.0, 1.0],
                [0.811949, 0.000599, -0.583728, 0.01028, -0.583728, 0.00186, -0.811947, 0.009345, 0.000599, 0.999998, 0.00186, 0.612249, 0.0, 0.0, 0.0, 1.0],
                [0.811963, 0.000599, -0.583708, 0.009841, -0.583709, 0.00186, -0.81196, 0.008625, 0.000599, 0.999998, 0.00186, 0.613106, 0.0, 0.0, 0.0, 1.0],
                [0.811964, 0.000599, -0.583707, 0.00939, -0.583708, 0.00186, -0.811961, 0.007904, 0.000599, 0.999998, 0.00186, 0.613939, 0.0, 0.0, 0.0, 1.0],
                [0.811952, 0.000599, -0.583724, 0.008932, -0.583725, 0.00186, -0.811949, 0.007194, 0.000599, 0.999998, 0.00186, 0.614742, 0.0, 0.0, 0.0, 1.0],
                [0.811925, 0.000599, -0.583762, 0.008471, -0.583763, 0.00186, -0.811922, 0.006506, 0.000599, 0.999998, 0.00186, 0.615511, 0.0, 0.0, 0.0, 1.0],
                [0.811883, 0.000599, -0.58382, 0.008012, -0.58382, 0.00186, -0.81188, 0.005851, 0.000599, 0.999998, 0.00186, 0.61624, 0.0, 0.0, 0.0, 1.0],
                [0.811828, 0.000599, -0.583897, 0.00756, -0.583897, 0.00186, -0.811825, 0.005241, 0.000599, 0.999998, 0.00186, 0.616925, 0.0, 0.0, 0.0, 1.0],
                [0.81176, 0.000599, -0.583991, 0.007118, -0.583992, 0.00186, -0.811757, 0.004688, 0.0006, 0.999998, 0.00186, 0.617561, 0.0, 0.0, 0.0, 1.0],
                [0.81168, 0.0006, -0.584102, 0.00669, -0.584103, 0.00186, -0.811677, 0.004203, 0.0006, 0.999998, 0.00186, 0.618142, 0.0, 0.0, 0.0, 1.0],
                [0.811588, 0.0006, -0.58423, 0.006282, -0.58423, 0.00186, -0.811586, 0.003794, 0.0006, 0.999998, 0.00186, 0.618664, 0.0, 0.0, 0.0, 1.0],
                [0.811487, 0.0006, -0.58437, 0.00589, -0.584371, 0.00186, -0.811484, 0.003459, 0.0006, 0.999998, 0.00186, 0.619124, 0.0, 0.0, 0.0, 1.0],
                [0.811377, 0.0006, -0.584523, 0.005521, -0.584524, 0.00186, -0.811374, 0.003198, 0.0006, 0.999998, 0.00186, 0.619511, 0.0, 0.0, 0.0, 1.0],
                [0.811259, 0.0006, -0.584687, 0.005167, -0.584688, 0.00186, -0.811256, 0.003001, 0.0006, 0.999998, 0.001859, 0.619825, 0.0, 0.0, 0.0, 1.0],
                [0.811133, 0.0006, -0.584862, 0.004831, -0.584862, 0.001859, -0.81113, 0.002865, 0.000601, 0.999998, 0.001859, 0.62006, 0.0, 0.0, 0.0, 1.0],
                [0.811001, 0.000601, -0.585045, 0.004512, -0.585045, 0.00186, -0.810998, 0.002787, 0.000601, 0.999998, 0.001859, 0.620212, 0.0, 0.0, 0.0, 1.0],
                [0.810863, 0.000601, -0.585235, 0.00421, -0.585236, 0.001859, -0.810861, 0.00276, 0.000601, 0.999998, 0.001859, 0.620285, 0.0, 0.0, 0.0, 1.0],
                [0.810722, 0.000601, -0.585431, 0.003923, -0.585432, 0.001859, -0.810719, 0.002782, 0.000601, 0.999998, 0.001859, 0.620283, 0.0, 0.0, 0.0, 1.0],
                [0.810576, 0.000601, -0.585633, 0.003653, -0.585633, 0.001859, -0.810574, 0.002847, 0.000601, 0.999998, 0.001859, 0.620212, 0.0, 0.0, 0.0, 1.0],
                [0.810428, 0.000602, -0.585837, 0.003397, -0.585838, 0.001859, -0.810426, 0.00295, 0.000602, 0.999998, 0.001859, 0.620077, 0.0, 0.0, 0.0, 1.0],
                [0.810279, 0.000602, -0.586044, 0.003157, -0.586045, 0.001859, -0.810276, 0.003089, 0.000602, 0.999998, 0.001859, 0.619882, 0.0, 0.0, 0.0, 1.0],
                [0.810128, 0.000602, -0.586252, 0.00293, -0.586253, 0.001859, -0.810126, 0.003257, 0.000602, 0.999998, 0.001859, 0.619633, 0.0, 0.0, 0.0, 1.0],
                [0.809979, 0.000602, -0.586459, 0.002718, -0.58646, 0.001859, -0.809976, 0.003451, 0.000602, 0.999998, 0.001859, 0.619334, 0.0, 0.0, 0.0, 1.0],
                [0.80983, 0.000602, -0.586665, 0.002519, -0.586665, 0.001859, -0.809827, 0.003666, 0.000603, 0.999998, 0.001859, 0.618991, 0.0, 0.0, 0.0, 1.0],
                [0.809683, 0.000603, -0.586867, 0.002333, -0.586868, 0.001859, -0.809681, 0.003897, 0.000603, 0.999998, 0.001859, 0.618608, 0.0, 0.0, 0.0, 1.0],
                [0.80954, 0.000603, -0.587065, 0.002159, -0.587065, 0.001859, -0.809537, 0.00414, 0.000603, 0.999998, 0.001859, 0.61819, 0.0, 0.0, 0.0, 1.0],
                [0.8094, 0.000603, -0.587258, 0.001997, -0.587259, 0.001859, -0.809397, 0.004392, 0.000603, 0.999998, 0.001859, 0.61774, 0.0, 0.0, 0.0, 1.0],
                [0.809266, 0.000603, -0.587442, 0.001848, -0.587443, 0.001858, -0.809263, 0.004644, 0.000603, 0.999998, 0.001858, 0.61727, 0.0, 0.0, 0.0, 1.0],
                [0.809138, 0.000604, -0.587619, 0.001709, -0.587619, 0.001858, -0.809135, 0.004897, 0.000604, 0.999998, 0.001858, 0.616778, 0.0, 0.0, 0.0, 1.0],
                [0.809016, 0.000604, -0.587786, 0.001581, -0.587787, 0.001858, -0.809013, 0.005143, 0.000604, 0.999998, 0.001858, 0.616271, 0.0, 0.0, 0.0, 1.0],
                [0.808902, 0.000604, -0.587943, 0.001464, -0.587944, 0.001858, -0.808899, 0.005379, 0.000604, 0.999998, 0.001858, 0.615754, 0.0, 0.0, 0.0, 1.0]
            ]
        },
        {
            "name": "Thigh_R",
            "time": [0.0, 0.0333, 0.0667, 0.1, 0.1333, 0.1667, 0.2, 0.2333, 0.2667, 0.3, 0.3333, 0.3667, 0.4, 0.4333, 0.4667, 0.5, 0.5333, 0.5667, 0.6, 0.6333, 0.6667, 0.7, 0.7333, 0.7667, 0.8, 0.8333, 0.8667, 0.9, 0.9333, 0.9667, 1.0, 1.0333, 1.0667, 1.1, 1.1333, 1.1667, 1.2, 1.2333, 1.2667, 1.3, 1.3333, 1.3667, 1.4, 1.4333, 1.4667, 1.5, 1.5333, 1.5667, 1.6, 1.6333, 1.6667, 1.7, 1.7333, 1.7667, 1.8, 1.8333, 1.8667, 1.9, 1.9333, 1.9667, 2.0, 2.0333, 2.0667, 2.1, 2.1333, 2.1667, 2.2, 2.2333, 2.2667, 2.3, 2.3333, 2.3667, 2.4, 2.4333, 2.4667, 2.5, 2.5333, 2.5667, 2.6, 2.6333, 2.6667, 2.7, 2.7333, 2.7667, 2.8, 2.8333, 2.8667, 2.9, 2.9333, 2.9667, 3.0],
            "transform": [
                [0.936411, 0.348182, -0.043669, 0.124994, 0.325002, -0.813598, 0.482109, -0.002831, 0.132333, -0.465643, -0.875022, -1.2e-05, 0.0, 0.0, 0.0, 1.0],
                [0.93593, 0.349363, -0.044527, 0.124994, 0.326236, -0.812365, 0.483354, -0.002831, 0.132694, -0.466911, -0.874291, -1.2e-05, 0.0, 0.0, 0.0, 1.0],
                [0.935431, 0.350579, -0.045467, 0.124994, 0.327516, -0.81102, 0.484745, -0.002831, 0.133067, -0.468335, -0.873472, -1.2e-05, 0.0, 0.0, 0.0, 1.0],
                [0.934916, 0.351818, -0.046466, 0.124994, 0.328826, -0.809592, 0.486242, -0.002831, 0.13345, -0.469874, -0.872587, -1.2e-05, 0.0, 0.0, 0.0, 1.0],
                [0.934392, 0.35307, -0.047498, 0.124994, 0.330152, -0.80811, 0.487807, -0.002831, 0.133846, -0.471484, -0.871657, -1.2e-05, 0.0, 0.0, 0.0, 1.0],
                [0.933864, 0.354323, -0.04854, 0.124994, 0.331478, -0.806603, 0.489399, -0.002831, 0.134253, -0.473121, -0.870707, -1.2e-05, 0.0, 0.0, 0.0, 1.0],
                [0.933337, 0.355566, -0.049566, 0.124994, 0.332789, -0.805103, 0.490978, -0.002831, 0.13467, -0.474742, -0.86976, -1.2e-05, 0.0, 0.0, 0.0, 1.0],
                [0.932817, 0.35679, -0.05055, 0.124994, 0.334072, -0.803636, 0.492506, -0.002831, 0.135098, -0.476304, -0.868839, -1.2e-05, 0.0, 0.0, 0.0, 1.0],
                [0.932309, 0.357985, -0.051468, 0.124994, 0.33531, -0.802237, 0.493945, -0.002831, 0.135536, -0.477766, -0.867968, -1.2e-05, 0.0, 0.0, 0.0, 1.0],
                [0.931819, 0.35914, -0.052294, 0.124994, 0.336491, -0.800933, 0.495255, -0.002831, 0.135983, -0.479083, -0.867172, -1.2e-05, 0.0, 0.0, 0.0, 1.0],
                [0.931352, 0.360246, -0.053, 0.124994, 0.337597, -0.799759, 0.496399, -0.002831, 0.136439, -0.480214, -0.866474, -1.2e-05, 0.0, 0.0, 0.0, 1.0],
                [0.930914, 0.361293, -0.053563, 0.124994, 0.338615, -0.798743, 0.49734, -0.002831, 0.136903, -0.481117, -0.8659, -1.2e-05, 0.0, 0.0, 0.0, 1.0],
                [0.930511, 0.362271, -0.053955, 0.124994, 0.33953, -0.797919, 0.498039, -0.002831, 0.137374, -0.481749, -0.865473, -1.2e-05, 0.0, 0.0, 0.0, 1.0],
                [0.930149, 0.36317, -0.054147, 0.124994, 0.340326, -0.797317, 0.49846, -0.002831, 0.137853, -0.482069, -0.865219, -1.2e-05, 0.0, 0.0, 0.0, 1.0],
                [0.929833, 0.363984, -0.054126, 0.124994, 0.340995, -0.796958, 0.498576, -0.002831, 0.138338, -0.482047, -0.865154, -1.2e-05, 0.0, 0.0, 0.0, 1.0],
                [0.929558, 0.364716, -0.053906, 0.124994, 0.341544, -0.796826, 0.498411, -0.002831, 0.138825, -0.481712, -0.865262, -1.2e-05, 0.0, 0.0, 0.0, 1.0],
                [0.929325, 0.365369, -0.053514, 0.124994, 0.341982, -0.796894, 0.498002, -0.002831, 0.13931, -0.481106, -0.865522, -1.2e-05, 0.0, 0.0, 0.0, 1.0],
                [0.929128, 0.365947, -0.052978, 0.124994, 0.342323, -0.797133, 0.497385, -0.002831, 0.139787, -0.480269, -0.86591, -1.2e-05, 0.0, 0.0, 0.0, 1.0],
                [0.928964, 0.366456, -0.052325, 0.124994, 0.342576, -0.797516, 0.496596, -0.002831, 0.140251, -0.479244, -0.866402, -1.2e-05, 0.0, 0.0, 0.0, 1.0],
                [0.928831, 0.366899, -0.051581, 0.124994, 0.342755, -0.798016, 0.495669, -0.002831, 0.140699, -0.47807, -0.866978, -1.2e-05, 0.0, 0.0, 0.0, 1.0],
                [0.928724, 0.367283, -0.050775, 0.124994, 0.34287, -0.798605, 0.49464, -0.002831, 0.141124, -0.476792, -0.867612, -1.2e-05, 0.0, 0.0, 0.0, 1.0],
                [0.928641, 0.367609, -0.049934, 0.124994, 0.342931, -0.799255, 0.493547, -0.002831, 0.141523, -0.47545, -0.868284, -1.2e-05, 0.0, 0.0, 0.0, 1.0],
                [0.928577, 0.367883, -0.049086, 0.124994, 0.342952, -0.799939, 0.492422, -0.002831, 0.141888, -0.474084, -0.868971, -1.2e-05, 0.0, 0.0, 0.0, 1.0],
                [0.92853, 0.368111, -0.048259, 0.124994, 0.342944, -0.800631, 0.491303, -0.002831, 0.142216, -0.472738, -0.86965, -1.2e-05, 0.0, 0.0, 0.0, 1.0],
                [0.928496, 0.368297, -0.047482, 0.124994, 0.342916, -0.801303, 0.490225, -0.002831, 0.142502, -0.471453, -0.870301, -1.2e-05, 0.0, 0.0, 0.0, 1.0],
                [0.928473, 0.368445, -0.046778, 0.124994, 0.34288, -0.801933, 0.489219, -0.002831, 0.142738, -0.470265, -0.870905, -1.2e-05, 0.0, 0.0, 0.0, 1.0],
                [0.928463, 0.36855, -0.046151, 0.124994, 0.34283, -0.802518, 0.488295, -0.002831, 0.142924, -0.469185, -0.871457, -1.2e-05, 0.0, 0.0, 0.0, 1.0],
                [0.928491, 0.368552, -0.045562, 0.124994, 0.342704, -0.803111, 0.487406, -0.002831, 0.143044, -0.468165, -0.871985, -1.2e-05, 0.0, 0.0, 0.0, 1.0],
                [0.928576, 0.36841, -0.044981, 0.124994, 0.342457, -0.803754, 0.486519, -0.002831, 0.143085, -0.467172, -0.87251, -1.2e-05, 0.0, 0.0, 0.0, 1.0],
                [0.928713, 0.368133, -0.044422, 0.124994, 0.342099, -0.804428, 0.485657, -0.002831, 0.143052, -0.466231, -0.873019, -1.2e-05, 0.0, 0.0, 0.0, 1.0],
                [0.928896, 0.367733, -0.0439, 0.124994, 0.341644, -0.80511, 0.484845, -0.002831, 0.142949, -0.465368, -0.873497, -1.2e-05, 0.0, 0.0, 0.0, 1.0],
                [0.92912, 0.367222, -0.043429, 0.124994, 0.341105, -0.805782, 0.484107, -0.002831, 0.142781, -0.464606, -0.873929, -1.2e-05, 0.0, 0.0, 0.0, 1.0],
                [0.92938, 0.366613, -0.043024, 0.124994, 0.340494, -0.806424, 0.483469, -0.002831, 0.142551, -0.463975, -0.874303, -1.2e-05, 0.0, 0.0, 0.0, 1.0],
                [0.929668, 0.365917, -0.042697, 0.124994, 0.339823, -0.807015, 0.482956, -0.002831, 0.142265, -0.463497, -0.874602, -1.2e-05, 0.0, 0.0, 0.0, 1.0],
                [0.929982, 0.365147, -0.042463, 0.124994, 0.339106, -0.807534, 0.482591, -0.002831, 0.141927, -0.4632, -0.874815, -1.2e-05, 0.0, 0.0, 0.0, 1.0],
                [0.930316, 0.364313, -0.042331, 0.124994, 0.338354, -0.807967, 0.482393, -0.002831, 0.141541, -0.463099, -0.87493, -1.2e-05, 0.0, 0.0, 0.0, 1.0],
                [0.930661, 0.363433, -0.042296, 0.124994, 0.337581, -0.808321, 0.482344, -0.002831, 0.141111, -0.463176, -0.87496, -1.2e-05, 0.0, 0.0, 0.0, 1.0],
                [0.931017, 0.362516, -0.042352, 0.124994, 0.336799, -0.808603, 0.482417, -0.002831, 0.140638, -0.463401, -0.874916, -1.2e-05, 0.0, 0.0, 0.0, 1.0],
                [0.931374, 0.361577, -0.042489, 0.124994, 0.336019, -0.808825, 0.482588, -0.002831, 0.140127, -0.463746, -0.874816, -1.2e-05, 0.0, 0.0, 0.0, 1.0],
                [0.931732, 0.360631, -0.042701, 0.124994, 0.335256, -0.808998, 0.482829, -0.002831, 0.139578, -0.464182, -0.874672, -1.2e-05, 0.0, 0.0, 0.0, 1.0],
                [0.932084, 0.359688, -0.04298, 0.124994, 0.334521, -0.809131, 0.483116, -0.002831, 0.138995, -0.464681, -0.8745, -1.2e-05, 0.0, 0.0, 0.0, 1.0],
                [0.932424, 0.358765, -0.043319, 0.124994, 0.333827, -0.809234, 0.483422, -0.002831, 0.13838, -0.465214, -0.874314, -1.2e-05, 0.0, 0.0, 0.0, 1.0],
                [0.932747, 0.357873, -0.043711, 0.124994, 0.333188, -0.809321, 0.483719, -0.002831, 0.137734, -0.465751, -0.87413, -1.2e-05, 0.0, 0.0, 0.0, 1.0],
                [0.933055, 0.357018, -0.044151, 0.124994, 0.332607, -0.809398, 0.483989, -0.002831, 0.137058, -0.466271, -0.873959, -1.2e-05, 0.0, 0.0, 0.0, 1.0],
                [0.933341, 0.356211, -0.044617, 0.124994, 0.332087, -0.809475, 0.484218, -0.002831, 0.136367, -0.466756, -0.873808, -1.2e-05, 0.0, 0.0, 0.0, 1.0],
                [0.933616, 0.355428, -0.045102, 0.124994, 0.331603, -0.80956, 0.484408, -0.002831, 0.135659, -0.467206, -0.873678, -1.2e-05, 0.0, 0.0, 0.0, 1.0],
                [0.933882, 0.354667, -0.04559, 0.124994, 0.331147, -0.809659, 0.484553, -0.002831, 0.134943, -0.467611, -0.873572, -1.2e-05, 0.0, 0.0, 0.0, 1.0],
                [0.934142, 0.35392, -0.046065, 0.124994, 0.330706, -0.809782, 0.484649, -0.002831, 0.134225, -0.467964, -0.873494, -1.2e-05, 0.0, 0.0, 0.0, 1.0],
                [0.9344, 0.35318, -0.046512, 0.124994, 0.330265, -0.809935, 0.484694, -0.002831, 0.133513, -0.468257, -0.873446, -1.2e-05, 0.0, 0.0, 0.0, 1.0],
                [0.934659, 0.352438, -0.046918, 0.124994, 0.329812, -0.810127, 0.484682, -0.002831, 0.132811, -0.468485, -0.873431, -1.2e-05, 0.0, 0.0, 0.0, 1.0],
                [0.934924, 0.35169, -0.047265, 0.124994, 0.329335, -0.810364, 0.484609, -0.002831, 0.13213, -0.468638, -0.873452, -1.2e-05, 0.0, 0.0, 0.0, 1.0],
                [0.935198, 0.350923, -0.047542, 0.124994, 0.328821, -0.810655, 0.484473, -0.002831, 0.131473, -0.46871, -0.873513, -1.2e-05, 0.0, 0.0, 0.0, 1.0],
                [0.935484, 0.350134, -0.047732, 0.124994, 0.328256, -0.811007, 0.484268, -0.002831, 0.130848, -0.468692, -0.873616, -1.2e-05, 0.0, 0.0, 0.0, 1.0],
                [0.935785, 0.349317, -0.047826, 0.124994, 0.327632, -0.811422, 0.483994, -0.002831, 0.13026, -0.468582, -0.873763, -1.2e-05, 0.0, 0.0, 0.0, 1.0],
                [0.936096, 0.348482, -0.047833, 0.124994, 0.326961, -0.811891, 0.483661, -0.002831, 0.129713, -0.468391, -0.873947, -1.2e-05, 0.0, 0.0, 0.0, 1.0],
                [0.936397, 0.347679, -0.047783, 0.124994, 0.326292, -0.812365, 0.483317, -0.002831, 0.129223, -0.468166, -0.87414, -1.2e-05, 0.0, 0.0, 0.0, 1.0],
                [0.936674, 0.346944, -0.047696, 0.124994, 0.32566, -0.812807, 0.482999, -0.002831, 0.128807, -0.467944, -0.87432, -1.2e-05, 0.0, 0.0, 0.0, 1.0],
                [0.936928, 0.346272, -0.047573, 0.124994, 0.325064, -0.813222, 0.482702, -0.002831, 0.128459, -0.46772, -0.874491, -1.2e-05, 0.0, 0.0, 0.0, 1.0],
                [0.937164, 0.345658, -0.047416, 0.124994, 0.3245, -0.813613, 0.482423, -0.002831, 0.128176, -0.467494, -0.874653, -1.2e-05, 0.0, 0.0, 0.0, 1.0],
                [0.937379, 0.3451, -0.047228, 0.124994, 0.323966, -0.813983, 0.482158, -0.002831, 0.127951, -0.467263, -0.87481, -1.2e-05, 0.0, 0.0, 0.0, 1.0],
                [0.937577, 0.34459, -0.047009, 0.124994, 0.323459, -0.814335, 0.481903, -0.002831, 0.127778, -0.467026, -0.874961, -1.2e-05, 0.0, 0.0, 0.0, 1.0],
                [0.93776, 0.344125, -0.046762, 0.124994, 0.322977, -0.814672, 0.481656, -0.002831, 0.127655, -0.46678, -0.875111, -1.2e-05, 0.0, 0.0, 0.0, 1.0],
                [0.93793, 0.343701, -0.046489, 0.124994, 0.322517, -0.814999, 0.481412, -0.002831, 0.127574, -0.466523, -0.87526, -1.2e-05, 0.0, 0.0, 0.0, 1.0],
                [0.938087, 0.34331, -0.04619, 0.124994, 0.322075, -0.815317, 0.481169, -0.002831, 0.127532, -0.466253, -0.875409, -1.2e-05, 0.0, 0.0, 0.0, 1.0],
                [0.938234, 0.342952, -0.045868, 0.124994, 0.32165, -0.815631, 0.480922, -0.002831, 0.127522, -0.465969, -0.875562, -1.2e-05, 0.0, 0.0, 0.0, 1.0],
                [0.938373, 0.342618, -0.045525, 0.124994, 0.321239, -0.815943, 0.480668, -0.002831, 0.127541, -0.465668, -0.875719, -1.2e-05, 0.0, 0.0, 0.0, 1.0],
                [0.938504, 0.342306, -0.04516, 0.124994, 0.320837, -0.816257, 0.480403, -0.002831, 0.127583, -0.465348, -0.875884, -1.2e-05, 0.0, 0.0, 0.0, 1.0],
                [0.938631, 0.342009, -0.044779, 0.124994, 0.320443, -0.816574, 0.480125, -0.002831, 0.127642, -0.465008, -0.876055, -1.2e-05, 0.0, 0.0, 0.0, 1.0],
                [0.938753, 0.341724, -0.044381, 0.124994, 0.320054, -0.8169, 0.47983, -0.002831, 0.127715, -0.464645, -0.876237, -1.2e-05, 0.0, 0.0, 0.0, 1.0],
                [0.938856, 0.341491, -0.043994, 0.124994, 0.319716, -0.817206, 0.479536, -0.002831, 0.127806, -0.464279, -0.876418, -1.2e-05, 0.0, 0.0, 0.0, 1.0],
                [0.938924, 0.341349, -0.043647, 0.124994, 0.319472, -0.81746, 0.479265, -0.002831, 0.127918, -0.463937, -0.876583, -1.2e-05, 0.0, 0.0, 0.0, 1.0],
                [0.93896, 0.341292, -0.043336, 0.124994, 0.319315, -0.817665, 0.479018, -0.002831, 0.128051, -0.463615, -0.876734, -1.2e-05, 0.0, 0.0, 0.0, 1.0],
                [0.938964, 0.341315, -0.043068, 0.124994, 0.319243, -0.817821, 0.478801, -0.002831, 0.128201, -0.463324, -0.876866, -1.2e-05, 0.0, 0.0, 0.0, 1.0],
                [0.93894, 0.34141, -0.042835, 0.124994, 0.319247, -0.81793, 0.478612, -0.002831, 0.128368, -0.463061, -0.87698, -1.2e-05, 0.0, 0.0, 0.0, 1.0],
                [0.938889, 0.341572, -0.042639, 0.124994, 0.31932, -0.817993, 0.478456, -0.002831, 0.128549, -0.462831, -0.877075, -1.2e-05, 0.0, 0.0, 0.0, 1.0],
                [0.938816, 0.341793, -0.042481, 0.124994, 0.319459, -0.818011, 0.478333, -0.002831, 0.128742, -0.462636, -0.87715, -1.2e-05, 0.0, 0.0, 0.0, 1.0],
                [0.938721, 0.342069, -0.042359, 0.124994, 0.319655, -0.817985, 0.478246, -0.002831, 0.128945, -0.462478, -0.877203, -1.2e-05, 0.0, 0.0, 0.0, 1.0],
                [0.938607, 0.342392, -0.042273, 0.124994, 0.319905, -0.817916, 0.478198, -0.002831, 0.129156, -0.462362, -0.877233, -1.2e-05, 0.0, 0.0, 0.0, 1.0],
                [0.938477, 0.342756, -0.042223, 0.124994, 0.320201, -0.817804, 0.47819, -0.002831, 0.129373, -0.462288, -0.87724, -1.2e-05, 0.0, 0.0, 0.0, 1.0],
                [0.938331, 0.343156, -0.042208, 0.124994, 0.320537, -0.817653, 0.478223, -0.002831, 0.129594, -0.46226, -0.877222, -1.2e-05, 0.0, 0.0, 0.0, 1.0],
                [0.938173, 0.343584, -0.042229, 0.124994, 0.320908, -0.817462, 0.478302, -0.002831, 0.129817, -0.462281, -0.877179, -1.2e-05, 0.0, 0.0, 0.0, 1.0],
                [0.938006, 0.344034, -0.042285, 0.124994, 0.321307, -0.817231, 0.478427, -0.002831, 0.130039, -0.462353, -0.877108, -1.2e-05, 0.0, 0.0, 0.0, 1.0],
                [0.937831, 0.344501, -0.042376, 0.124994, 0.32173, -0.816964, 0.4786, -0.002831, 0.130259, -0.462478, -0.877009, -1.2e-05, 0.0, 0.0, 0.0, 1.0],
                [0.93765, 0.344977, -0.0425, 0.124994, 0.322168, -0.816659, 0.478825, -0.002831, 0.130475, -0.462661, -0.87688, -1.2e-05, 0.0, 0.0, 0.0, 1.0],
                [0.937466, 0.345457, -0.04266, 0.124994, 0.322618, -0.816319, 0.479101, -0.002831, 0.130685, -0.462903, -0.876722, -1.2e-05, 0.0, 0.0, 0.0, 1.0],
                [0.937281, 0.345933, -0.042854, 0.124994, 0.323073, -0.815946, 0.479432, -0.002831, 0.130885, -0.463206, -0.876532, -1.2e-05, 0.0, 0.0, 0.0, 1.0],
                [0.937097, 0.346403, -0.043084, 0.124994, 0.32353, -0.815535, 0.479822, -0.002831, 0.131076, -0.463577, -0.876307, -1.2e-05, 0.0, 0.0, 0.0, 1.0],
                [0.936919, 0.346852, -0.043344, 0.124994, 0.323973, -0.815098, 0.480265, -0.002831, 0.131251, -0.464011, -0.876051, -1.2e-05, 0.0, 0.0, 0.0, 1.0],
                [0.936747, 0.347282, -0.043639, 0.124994, 0.324408, -0.814627, 0.480771, -0.002831, 0.131414, -0.464516, -0.875759, -1.2e-05, 0.0, 0.0, 0.0, 1.0],
                [0.936582, 0.347683, -0.043968, 0.124994, 0.324823, -0.814125, 0.48134, -0.002831, 0.131558, -0.465095, -0.87543, -1.2e-05, 0.0, 0.0, 0.0, 1.0],
                [0.936429, 0.348049, -0.044331, 0.124994, 0.325214, -0.813595, 0.481973, -0.002831, 0.131683, -0.465749, -0.875063, -1.2e-05, 0.0, 0.0, 0.0, 1.0]
            ]
        },
        {
            "name": "Leg_R",
            "time": [0.0, 0.0333, 0.0667, 0.1, 0.1333, 0.1667, 0.2, 0.2333, 0.2667, 0.3, 0.3333, 0.3667, 0.4, 0.4333, 0.4667, 0.5, 0.5333, 0.5667, 0.6, 0.6333, 0.6667, 0.7, 0.7333, 0.7667, 0.8, 0.8333, 0.8667, 0.9, 0.9333, 0.9667, 1.0, 1.0333, 1.0667, 1.1, 1.1333, 1.1667, 1.2, 1.2333, 1.2667, 1.3, 1.3333, 1.3667, 1.4, 1.4333, 1.4667, 1.5, 1.5333, 1.5667, 1.6, 1.6333, 1.6667, 1.7, 1.7333, 1.7667, 1.8, 1.8333, 1.8667, 1.9, 1.9333, 1.9667, 2.0, 2.0333, 2.0667, 2.1, 2.1333, 2.1667, 2.2, 2.2333, 2.2667, 2.3, 2.3333, 2.3667, 2.4, 2.4333, 2.4667, 2.5, 2.5333, 2.5667, 2.6, 2.6333, 2.6667, 2.7, 2.7333, 2.7667, 2.8, 2.8333, 2.8667, 2.9, 2.9333, 2.9667, 3.0],
            "transform": [
                [1.0, -0.00188, 0.000538, 0.0, 0.000535, 0.527551, 0.849523, 0.37472, -0.001881, -0.84952, 0.527551, -0.0, 0.0, 0.0, 0.0, 1.0],
                [1.0, -0.001881, 0.000534, -0.0, 0.000531, 0.524363, 0.851494, 0.37472, -0.001882, -0.851492, 0.524363, -0.0, 0.0, 0.0, 0.0, 1.0],
                [1.0, -0.001882, 0.00053, 0.0, 0.000528, 0.520905, 0.853613, 0.37472, -0.001882, -0.85361, 0.520906, 0.0, 0.0, 0.0, 0.0, 1.0],
                [1.0, -0.001883, 0.000526, 0.0, 0.000524, 0.517254, 0.855831, 0.37472, -0.001884, -0.855829, 0.517254, 0.0, 0.0, 0.0, 0.0, 1.0],
                [1.0, -0.001884, 0.000522, -0.0, 0.000519, 0.513479, 0.858101, 0.37472, -0.001885, -0.858098, 0.51348, -0.0, 0.0, 0.0, 0.0, 1.0],
                [1.0, -0.001886, 0.000518, -0.0, 0.000515, 0.509657, 0.860377, 0.37472, -0.001887, -0.860374, 0.509657, -0.0, 0.0, 0.0, 0.0, 1.0],
                [0.999999, -0.001887, 0.000514, -0.0, 0.000511, 0.505864, 0.862613, 0.37472, -0.001887, -0.862611, 0.505864, 0.0, 0.0, 0.0, 0.0, 1.0],
                [1.0, -0.001887, 0.00051, -0.0, 0.000507, 0.502173, 0.864766, 0.37472, -0.001888, -0.864763, 0.502174, -0.0, 0.0, 0.0, 0.0, 1.0],
                [1.0, -0.001889, 0.000506, 0.0, 0.000503, 0.498664, 0.866795, 0.37472, -0.00189, -0.866792, 0.498664, -0.0, 0.0, 0.0, 0.0, 1.0],
                [1.0, -0.00189, 0.000502, -0.0, 0.0005, 0.495414, 0.868656, 0.37472, -0.00189, -0.868653, 0.495415, -0.0, 0.0, 0.0, 0.0, 1.0],
                [1.0, -0.00189, 0.000499, -0.0, 0.000497, 0.492501, 0.870311, 0.37472, -0.001891, -0.870308, 0.492501, -0.0, 0.0, 0.0, 0.0, 1.0],
                [1.0, -0.001891, 0.000496, -0.0, 0.000494, 0.490001, 0.871721, 0.37472, -0.001892, -0.871718, 0.490002, 0.0, 0.0, 0.0, 0.0, 1.0],
                [1.0, -0.001892, 0.000494, 0.0, 0.000492, 0.487996, 0.872845, 0.37472, -0.001892, -0.872842, 0.487997, 0.0, 0.0, 0.0, 0.0, 1.0],
                [1.0, -0.001892, 0.000493, -0.0, 0.00049, 0.486562, 0.873645, 0.37472, -0.001893, -0.873643, 0.486562, -0.0, 0.0, 0.0, 0.0, 1.0],
                [1.000001, -0.001892, 0.000492, 0.0, 0.000489, 0.485777, 0.874082, 0.37472, -0.001893, -0.874078, 0.485778, 0.0, 0.0, 0.0, 0.0, 1.0],
                [1.0, -0.001892, 0.000492, -0.0, 0.000489, 0.485414, 0.874284, 0.37472, -0.001893, -0.874281, 0.485414, 0.0, 0.0, 0.0, 0.0, 1.0],
                [1.0, -0.001893, 0.000491, -0.0, 0.000489, 0.485177, 0.874415, 0.37472, -0.001893, -0.874412, 0.485177, -0.0, 0.0, 0.0, 0.0, 1.0],
                [1.0, -0.001892, 0.000491, -0.0, 0.000488, 0.485057, 0.874482, 0.37472, -0.001893, -0.874479, 0.485058, -0.0, 0.0, 0.0, 0.0, 1.0],
                [1.0, -0.001893, 0.000491, -0.0, 0.000489, 0.485037, 0.874493, 0.37472, -0.001893, -0.874491, 0.485037, -0.0, 0.0, 0.0, 0.0, 1.0],
                [1.0, -0.001893, 0.000491, 0.0, 0.000489, 0.485106, 0.874455, 0.37472, -0.001893, -0.874452, 0.485106, -0.0, 0.0, 0.0, 0.0, 1.0],
                [1.0, -0.001893, 0.000491, 0.0, 0.000489, 0.485249, 0.874375, 0.37472, -0.001893, -0.874373, 0.485249, -0.0, 0.0, 0.0, 0.0, 1.0],
                [1.0, -0.001892, 0.000491, 0.0, 0.000489, 0.485452, 0.874262, 0.37472, -0.001893, -0.874259, 0.485453, -0.0, 0.0, 0.0, 0.0, 1.0],
                [1.0, -0.001893, 0.000492, -0.0, 0.000489, 0.485704, 0.874123, 0.37472, -0.001893, -0.87412, 0.485704, 0.0, 0.0, 0.0, 0.0, 1.0],
                [1.0, -0.001892, 0.000492, -0.0, 0.000489, 0.48599, 0.873964, 0.37472, -0.001893, -0.873961, 0.48599, 0.0, 0.0, 0.0, 0.0, 1.0],
                [1.0, -0.001892, 0.000492, -0.0, 0.00049, 0.486295, 0.873794, 0.37472, -0.001893, -0.873791, 0.486296, -0.0, 0.0, 0.0, 0.0, 1.0],
                [1.0, -0.001892, 0.000493, -0.0, 0.00049, 0.486608, 0.87362, 0.37472, -0.001893, -0.873617, 0.486609, 0.0, 0.0, 0.0, 0.0, 1.0],
                [1.0, -0.001892, 0.000493, 0.0, 0.000491, 0.486916, 0.873448, 0.37472, -0.001893, -0.873446, 0.486917, 0.0, 0.0, 0.0, 0.0, 1.0],
                [1.0, -0.001892, 0.000493, 0.0, 0.000491, 0.487204, 0.873287, 0.37472, -0.001893, -0.873285, 0.487205, 0.0, 0.0, 0.0, 0.0, 1.0],
                [1.0, -0.001892, 0.000493, -0.0, 0.000492, 0.487458, 0.873146, 0.37472, -0.001893, -0.873143, 0.487459, 0.0, 0.0, 0.0, 0.0, 1.0],
                [1.0, -0.001892, 0.000494, -0.0, 0.000492, 0.487667, 0.873029, 0.37472, -0.001892, -0.873026, 0.487667, -0.0, 0.0, 0.0, 0.0, 1.0],
                [1.0, -0.001891, 0.000494, -0.0, 0.000492, 0.487815, 0.872947, 0.37472, -0.001892, -0.872944, 0.487815, -0.0, 0.0, 0.0, 0.0, 1.0],
                [1.0, -0.001892, 0.000495, -0.0, 0.000491, 0.48789, 0.872904, 0.37472, -0.001893, -0.872901, 0.48789, -0.0, 0.0, 0.0, 0.0, 1.0],
                [0.999999, -0.001892, 0.000494, -0.0, 0.000492, 0.487878, 0.872911, 0.37472, -0.001892, -0.872909, 0.487879, -0.0, 0.0, 0.0, 0.0, 1.0],
                [0.999999, -0.001892, 0.000494, 0.0, 0.000492, 0.487766, 0.872974, 0.37472, -0.001893, -0.872972, 0.487766, 0.0, 0.0, 0.0, 0.0, 1.0],
                [1.0, -0.001892, 0.000494, 0.0, 0.000491, 0.487541, 0.8731, 0.37472, -0.001892, -0.873097, 0.487541, 0.0, 0.0, 0.0, 0.0, 1.0],
                [1.000001, -0.001892, 0.000494, -0.0, 0.000491, 0.487192, 0.873294, 0.37472, -0.001893, -0.87329, 0.487193, 0.0, 0.0, 0.0, 0.0, 1.0],
                [1.0, -0.001892, 0.000493, -0.0, 0.00049, 0.486744, 0.873544, 0.37472, -0.001892, -0.873541, 0.486745, 0.0, 0.0, 0.0, 0.0, 1.0],
                [1.000001, -0.001892, 0.000492, 0.0, 0.00049, 0.486214, 0.873839, 0.37472, -0.001893, -0.873835, 0.486215, 0.0, 0.0, 0.0, 0.0, 1.0],
                [1.0, -0.001892, 0.000492, 0.0, 0.000489, 0.485628, 0.874165, 0.37472, -0.001893, -0.874162, 0.485628, -0.0, 0.0, 0.0, 0.0, 1.0],
                [1.0, -0.001893, 0.000491, -0.0, 0.000489, 0.48501, 0.874508, 0.37472, -0.001893, -0.874505, 0.485011, 0.0, 0.0, 0.0, 0.0, 1.0],
                [1.0, -0.001892, 0.00049, -0.0, 0.000488, 0.484382, 0.874856, 0.37472, -0.001893, -0.874853, 0.484383, 0.0, 0.0, 0.0, 0.0, 1.0],
                [1.0, -0.001893, 0.000489, 0.0, 0.000487, 0.483769, 0.875195, 0.37472, -0.001894, -0.875193, 0.48377, 0.0, 0.0, 0.0, 0.0, 1.0],
                [0.999999, -0.001893, 0.000489, -0.0, 0.000487, 0.483197, 0.875511, 0.37472, -0.001894, -0.875509, 0.483197, -0.0, 0.0, 0.0, 0.0, 1.0],
                [1.0, -0.001893, 0.000488, 0.0, 0.000486, 0.482682, 0.875795, 0.37472, -0.001893, -0.875791, 0.482683, 0.0, 0.0, 0.0, 0.0, 1.0],
                [1.0, -0.001894, 0.000488, -0.0, 0.000486, 0.482261, 0.876027, 0.37472, -0.001895, -0.876025, 0.482261, -0.0, 0.0, 0.0, 0.0, 1.0],
                [0.999999, -0.001893, 0.000488, 0.0, 0.000485, 0.481946, 0.8762, 0.37472, -0.001894, -0.876198, 0.481946, -0.0, 0.0, 0.0, 0.0, 1.0],
                [1.000001, -0.001894, 0.000488, 0.0, 0.000485, 0.481764, 0.8763, 0.37472, -0.001894, -0.876296, 0.481766, 0.0, 0.0, 0.0, 0.0, 1.0],
                [1.0, -0.001893, 0.000488, 0.0, 0.000485, 0.481861, 0.876247, 0.37472, -0.001894, -0.876244, 0.481861, 0.0, 0.0, 0.0, 0.0, 1.0],
                [1.000001, -0.001894, 0.000488, -0.0, 0.000485, 0.482334, 0.875986, 0.37472, -0.001894, -0.875983, 0.482335, 0.0, 0.0, 0.0, 0.0, 1.0],
                [1.0, -0.001893, 0.000489, 0.0, 0.000487, 0.483144, 0.87554, 0.37472, -0.001894, -0.875537, 0.483145, 0.0, 0.0, 0.0, 0.0, 1.0],
                [0.999999, -0.001893, 0.00049, -0.0, 0.000488, 0.484251, 0.874929, 0.37472, -0.001893, -0.874927, 0.484251, 0.0, 0.0, 0.0, 0.0, 1.0],
                [1.0, -0.001892, 0.000492, -0.0, 0.000489, 0.485613, 0.874173, 0.37472, -0.001893, -0.874171, 0.485613, -0.0, 0.0, 0.0, 0.0, 1.0],
                [1.0, -0.001892, 0.000493, -0.0, 0.000491, 0.487191, 0.873295, 0.37472, -0.001893, -0.873292, 0.487192, -0.0, 0.0, 0.0, 0.0, 1.0],
                [1.0, -0.001892, 0.000496, -0.0, 0.000492, 0.488943, 0.872315, 0.37472, -0.001892, -0.872312, 0.488943, 0.0, 0.0, 0.0, 0.0, 1.0],
                [1.0, -0.001891, 0.000497, 0.0, 0.000495, 0.490829, 0.871255, 0.37472, -0.001892, -0.871252, 0.490829, 0.0, 0.0, 0.0, 0.0, 1.0],
                [1.0, -0.001891, 0.000499, -0.0, 0.000497, 0.492815, 0.870133, 0.37472, -0.001891, -0.87013, 0.492815, -0.0, 0.0, 0.0, 0.0, 1.0],
                [1.0, -0.00189, 0.000502, -0.0, 0.000499, 0.494881, 0.86896, 0.37472, -0.001891, -0.868957, 0.494881, -0.0, 0.0, 0.0, 0.0, 1.0],
                [1.0, -0.001889, 0.000504, 0.0, 0.000502, 0.497014, 0.867742, 0.37472, -0.00189, -0.867739, 0.497015, 0.0, 0.0, 0.0, 0.0, 1.0],
