{
    "animation": [
        {
            "name": "Root",
            "time": [0.0, 0.0333, 0.0667, 0.1, 0.1333, 0.1667, 0.2, 0.2333, 0.2667, 0.3, 0.3333, 0.3667, 0.4, 0.4333, 0.4667, 0.5, 0.5333, 0.5667, 0.6, 0.6333, 0.6667, 0.7, 0.7333, 0.7667, 0.8],
            "transform": [
                [0.962871, 0.000266, -0.269962, 0.000263, -0.269963, 0.001936, -0.962868, 0.001863, 0.000266, 0.999998, 0.001936, 0.584212, 0.0, 0.0, 0.0, 1.0],
                [0.967393, 0.000249, -0.25328, 0.003838, -0.25328, 0.001938, -0.96739, 0.001863, 0.00025, 0.999998, 0.001938, 0.601053, 0.0, 0.0, 0.0, 1.0],
                [0.972968, 0.000227, -0.230939, 0.007899, -0.230939, 0.001941, -0.972966, 0.001863, 0.000227, 0.999998, 0.001941, 0.625206, 0.0, 0.0, 0.0, 1.0],
                [0.976339, 0.000212, -0.216247, 0.011959, -0.216247, 0.001942, -0.976336, 0.001863, 0.000213, 0.999998, 0.001942, 0.644978, 0.0, 0.0, 0.0, 1.0],
                [0.978465, 0.000203, -0.206415, 0.015955, -0.206415, 0.001943, -0.978462, 0.001863, 0.000203, 0.999998, 0.001943, 0.65855, 0.0, 0.0, 0.0, 1.0],
                [0.979067, 0.0002, -0.20354, 0.019823, -0.20354, 0.001944, -0.979064, 0.001863, 0.0002, 0.999998, 0.001944, 0.660851, 0.0, 0.0, 0.0, 1.0],
                [0.978879, 0.000201, -0.204441, 0.023497, -0.204441, 0.001944, -0.978876, 0.001863, 0.000201, 0.999998, 0.001943, 0.655151, 0.0, 0.0, 0.0, 1.0],
                [0.978477, 0.000203, -0.206357, 0.026865, -0.206357, 0.001944, -0.978474, 0.001863, 0.000203, 0.999998, 0.001943, 0.642605, 0.0, 0.0, 0.0, 1.0],
                [0.976823, 0.00021, -0.214048, 0.029971, -0.214049, 0.001943, -0.97682, 0.001863, 0.00021, 0.999998, 0.001943, 0.622625, 0.0, 0.0, 0.0, 1.0],
                [0.973263, 0.000226, -0.229692, 0.032917, -0.229693, 0.001941, -0.97326, 0.001863, 0.000226, 0.999998, 0.001941, 0.596274, 0.0, 0.0, 0.0, 1.0],
                [0.968606, 0.000245, -0.248601, 0.03481, -0.248601, 0.001939, -0.968603, 0.001863, 0.000245, 0.999998, 0.001939, 0.577446, 0.0, 0.0, 0.0, 1.0],
                [0.96322, 0.000265, -0.268715, 0.034627, -0.268716, 0.001936, -0.963217, 0.001863, 0.000265, 0.999998, 0.001936, 0.574217, 0.0, 0.0, 0.0, 1.0],
                [0.956341, 0.000289, -0.292253, 0.03334, -0.292254, 0.001933, -0.956338, 0.001863, 0.000289, 0.999998, 0.001933, 0.586926, 0.0, 0.0, 0.0, 1.0],
                [0.948263, 0.000314, -0.317486, 0.030276, -0.317487, 0.001929, -0.94826, 0.001863, 0.000314, 0.999998, 0.001929, 0.613067, 0.0, 0.0, 0.0, 1.0],
                [0.940511, 0.000337, -0.339763, 0.027173, -0.339763, 0.001925, -0.940508, 0.001863, 0.000337, 0.999998, 0.001925, 0.635859, 0.0, 0.0, 0.0, 1.0],
                [0.934428, 0.000354, -0.356153, 0.024026, -0.356154, 0.001922, -0.934424, 0.001863, 0.000354, 0.999998, 0.001922, 0.648916, 0.0, 0.0, 0.0, 1.0],
                [0.930564, 0.000364, -0.36613, 0.020836, -0.36613, 0.00192, -0.930561, 0.001863, 0.000364, 0.999998, 0.00192, 0.655491, 0.0, 0.0, 0.0, 1.0],
                [0.929242, 0.000367, -0.369472, 0.017602, -0.369472, 0.001919, -0.929239, 0.001863, 0.000368, 0.999998, 0.001919, 0.655565, 0.0, 0.0, 0.0, 1.0],
                [0.930768, 0.000363, -0.365611, 0.014322, -0.365611, 0.00192, -0.930764, 0.001863, 0.000364, 0.999998, 0.00192, 0.648692, 0.0, 0.0, 0.0, 1.0],
                [0.934914, 0.000352, -0.354874, 0.010997, -0.354874, 0.001922, -0.934911, 0.001863, 0.000353, 0.999998, 0.001922, 0.634836, 0.0, 0.0, 0.0, 1.0],
                [0.941213, 0.000335, -0.337813, 0.007628, -0.337814, 0.001925, -0.94121, 0.001863, 0.000335, 0.999998, 0.001925, 0.610735, 0.0, 0.0, 0.0, 1.0],
                [0.94796, 0.000315, -0.318391, 0.004222, -0.318391, 0.001928, -0.947957, 0.001863, 0.000315, 0.999998, 0.001928, 0.585138, 0.0, 0.0, 0.0, 1.0],
                [0.955755, 0.00029, -0.294165, 0.002136, -0.294165, 0.001932, -0.955752, 0.001863, 0.000291, 0.999998, 0.001932, 0.577993, 0.0, 0.0, 0.0, 1.0],
                [0.96172, 0.00027, -0.274036, 0.000605, -0.274036, 0.001935, -0.961716, 0.001863, 0.00027, 0.999998, 0.001935, 0.582419, 0.0, 0.0, 0.0, 1.0],
                [0.966688, 0.000252, -0.255958, -0.000924, -0.255958, 0.001937, -0.966685, 0.001863, 0.000252, 0.999998, 0.001937, 0.588427, 0.0, 0.0, 0.0, 1.0]
            ]
        },
        {
            "name": "Thigh_R",
            "time": [0.0, 0.0333, 0.0667, 0.1, 0.1333, 0.1667, 0.2, 0.2333, 0.2667, 0.3, 0.3333, 0.3667, 0.4, 0.4333, 0.4667, 0.5, 0.5333, 0.5667, 0.6, 0.6333, 0.6667, 0.7, 0.7333, 0.7667, 0.8],
            "transform": [
                [0.955162, 0.022297, -0.295238, 0.124994, 0.05899, -0.9915, 0.115966, -0.00283, -0.290142, -0.128182, -0.94836, -1.2e-05, 0.0, 0.0, 0.0, 1.0],
                [0.957411, 0.019582, -0.288055, 0.124994, 0.080124, -0.97653, 0.199928, -0.002831, -0.277378, -0.214494, -0.936511, -1.2e-05, 0.0, 0.0, 0.0, 1.0],
                [0.967804, -0.001369, -0.251692, 0.124994, 0.087139, -0.936324, 0.340159, -0.00283, -0.23613, -0.351141, -0.906059, -1.2e-05, 0.0, 0.0, 0.0, 1.0],
                [0.97595, -0.026408, -0.216374, 0.124994, 0.085643, -0.866359, 0.492028, -0.00283, -0.20045, -0.498729, -0.843261, -1.2e-05, 0.0, 0.0, 0.0, 1.0],
                [0.973894, -0.090507, -0.20816, 0.124994, 0.066567, -0.762864, 0.643126, -0.002831, -0.217003, -0.640199, -0.736924, -1.2e-05, 0.0, 0.0, 0.0, 1.0],
                [0.983648, -0.103557, -0.147313, 0.124994, 0.027648, -0.721537, 0.691828, -0.00283, -0.177934, -0.684595, -0.706875, -1.2e-05, 0.0, 0.0, 0.0, 1.0],
                [0.99849, -0.054323, 0.007618, 0.124994, -0.046809, -0.771384, 0.634649, -0.002831, -0.028599, -0.634053, -0.772762, -1.2e-05, 0.0, 0.0, 0.0, 1.0],
                [0.995594, -0.022475, 0.090979, 0.124994, -0.072563, -0.799227, 0.596637, -0.00283, 0.059303, -0.600616, -0.797337, -1.2e-05, 0.0, 0.0, 0.0, 1.0],
                [0.999588, -0.0212, 0.019073, 0.124994, -0.0285, -0.76529, 0.643057, -0.002831, 0.000963, -0.643342, -0.76558, -1.2e-05, 0.0, 0.0, 0.0, 1.0],
                [0.997199, -0.019533, -0.07213, 0.124994, 0.030812, -0.771899, 0.635001, -0.00283, -0.06808, -0.635451, -0.769135, -1.2e-05, 0.0, 0.0, 0.0, 1.0],
                [0.992945, 0.009211, -0.118186, 0.124994, 0.068181, -0.859949, 0.505811, -0.002831, -0.096974, -0.510304, -0.85451, -1.2e-05, 0.0, 0.0, 0.0, 1.0],
                [0.983715, 0.060216, -0.169334, 0.124994, 0.102609, -0.961722, 0.254099, -0.00283, -0.147551, -0.267337, -0.952239, -1.2e-05, 0.0, 0.0, 0.0, 1.0],
                [0.963618, 0.150305, -0.221013, 0.124994, 0.125444, -0.984496, -0.122597, -0.00283, -0.236013, 0.090413, -0.967534, -1.2e-05, 0.0, 0.0, 0.0, 1.0],
                [0.939144, 0.24862, -0.237057, 0.124994, 0.122065, -0.886558, -0.446222, -0.00283, -0.321105, 0.39013, -0.862954, -1.2e-05, 0.0, 0.0, 0.0, 1.0],
                [0.918729, 0.308048, -0.247069, 0.124994, 0.110777, -0.801594, -0.587515, -0.00283, -0.379032, 0.512397, -0.770573, -1.2e-05, 0.0, 0.0, 0.0, 1.0],
                [0.902808, 0.340506, -0.262664, 0.124994, 0.084765, -0.739704, -0.667571, -0.002831, -0.421606, 0.580424, -0.696674, -1.2e-05, 0.0, 0.0, 0.0, 1.0],
                [0.894787, 0.345339, -0.283015, 0.124994, 0.049379, -0.706509, -0.705978, -0.00283, -0.443755, 0.617725, -0.649227, -1.2e-05, 0.0, 0.0, 0.0, 1.0],
                [0.902201, 0.314382, -0.295291, 0.124994, 0.032236, -0.731862, -0.680689, -0.00283, -0.43011, 0.604599, -0.670421, -1.2e-05, 0.0, 0.0, 0.0, 1.0],
                [0.919988, 0.253831, -0.298649, 0.124994, 0.02563, -0.799295, -0.600391, -0.002831, -0.391107, 0.544699, -0.741848, -1.2e-05, 0.0, 0.0, 0.0, 1.0],
                [0.93659, 0.19078, -0.293942, 0.124994, 0.023655, -0.871318, -0.490147, -0.002831, -0.349628, 0.452114, -0.820581, -1.2e-05, 0.0, 0.0, 0.0, 1.0],
                [0.946282, 0.146463, -0.288271, 0.124994, 0.034742, -0.932421, -0.359696, -0.002831, -0.321472, 0.330359, -0.887422, -1.1e-05, 0.0, 0.0, 0.0, 1.0],
                [0.95153, 0.115387, -0.285089, 0.124994, 0.056388, -0.976692, -0.207103, -0.00283, -0.302342, 0.18099, -0.935859, -1.2e-05, 0.0, 0.0, 0.0, 1.0],
                [0.955544, 0.084548, -0.282465, 0.124994, 0.07334, -0.99605, -0.050041, -0.002831, -0.28558, 0.027101, -0.957971, -1.2e-05, 0.0, 0.0, 0.0, 1.0],
                [0.955613, 0.035104, -0.29252, 0.124994, 0.063077, -0.994232, 0.086749, -0.00283, -0.287786, -0.101349, -0.952317, -1.1e-05, 0.0, 0.0, 0.0, 1.0],
                [0.952927, -0.022437, -0.302363, 0.124994, 0.045192, -0.975608, 0.214823, -0.00283, -0.299807, -0.218375, -0.92867, -1.2e-05, 0.0, 0.0, 0.0, 1.0]
            ]
        },
        {
            "name": "Leg_R",
            "time": [0.0, 0.0333, 0.0667, 0.1, 0.1333, 0.1667, 0.2, 0.2333, 0.2667, 0.3, 0.3333, 0.3667, 0.4, 0.4333, 0.4667, 0.5, 0.5333, 0.5667, 0.6, 0.6333, 0.6667, 0.7, 0.7333, 0.7667, 0.8],
            "transform": [
                [0.999996, 0.001945, 0.000166, -0.0, 0.000167, -0.169931, 0.985459, 0.37472, 0.001945, -0.985453, -0.169932, 0.0, 0.0, 0.0, 0.0, 1.0],
                [0.999996, 0.001949, 0.000111, -0.0, 0.000112, -0.114044, 0.993479, 0.37472, 0.001949, -0.993472, -0.114045, -0.0, 0.0, 0.0, 0.0, 1.0],
                [0.999997, 0.001952, 6e-06, 0.0, 6e-06, -0.006488, 0.999981, 0.37472, 0.001952, -0.999975, -0.006488, 0.0, 0.0, 0.0, 0.0, 1.0],
                [0.999998, 0.00195, -0.0001, 0.0, -0.0001, 0.102026, 0.994783, 0.37472, 0.00195, -0.994778, 0.102027, 0.0, 0.0, 0.0, 0.0, 1.0],
                [1.0, 0.001943, -0.00021, -0.0, -0.000211, 0.214018, 0.97683, 0.37472, 0.001943, -0.976825, 0.214019, 0.0, 0.0, 0.0, 0.0, 1.0],
                [0.999999, 0.001895, -0.00049, -0.0, -0.000491, 0.485458, 0.87426, 0.37472, 0.001894, -0.874255, 0.48546, 0.0, 0.0, 0.0, 0.0, 1.0],
                [0.999999, 0.001787, -0.000794, 0.0, -0.000796, 0.742833, 0.669475, 0.37472, 0.001786, -0.669469, 0.742837, 0.0, 0.0, 0.0, 0.0, 1.0],
                [0.999998, 0.001729, -0.000911, 0.0, -0.000913, 0.825401, 0.564543, 0.37472, 0.001728, -0.564538, 0.825406, 0.0, 0.0, 0.0, 0.0, 1.0],
                [0.999999, 0.001816, -0.000726, -0.0, -0.000728, 0.690209, 0.723609, 0.37472, 0.001816, -0.723604, 0.690212, -0.0, 0.0, 0.0, 0.0, 1.0],
                [1.0, 0.00189, -0.000499, 0.0, -0.000502, 0.494985, 0.868901, 0.37472, 0.001889, -0.868896, 0.494987, 0.0, 0.0, 0.0, 0.0, 1.0],
                [1.0, 0.001911, -0.000404, -0.0, -0.000407, 0.406186, 0.913791, 0.37472, 0.00191, -0.913786, 0.406187, 0.0, 0.0, 0.0, 0.0, 1.0],
                [1.0, 0.001887, -0.000521, 0.0, -0.000525, 0.514909, 0.857245, 0.37472, 0.001886, -0.85724, 0.51491, 0.0, 0.0, 0.0, 0.0, 1.0],
                [1.0, 0.001768, -0.000869, -0.0, -0.000872, 0.792737, 0.609561, 0.37472, 0.001766, -0.609557, 0.792739, -0.0, 0.0, 0.0, 0.0, 1.0],
                [1.0, 0.001547, -0.001198, -0.0, -0.001201, 0.968616, 0.248549, 0.37472, 0.001545, -0.248546, 0.968619, 0.0, 0.0, 0.0, 0.0, 1.0],
                [1.000001, 0.001433, -0.001328, 0.0, -0.001331, 0.997227, 0.074365, 0.37472, 0.001431, -0.074363, 0.99723, 0.0, 0.0, 0.0, 0.0, 1.0],
                [1.0, 0.001368, -0.001395, -0.0, -0.001397, 0.999781, -0.020727, 0.37472, 0.001366, 0.020729, 0.999784, 0.0, 0.0, 0.0, 0.0, 1.0],
                [1.0, 0.00137, -0.001393, -0.0, -0.001395, 0.999831, -0.018194, 0.37472, 0.001368, 0.018196, 0.999834, 0.0, 0.0, 0.0, 0.0, 1.0],
                [1.0, 0.001488, -0.001272, -0.0, -0.001274, 0.988008, 0.154384, 0.37472, 0.001486, -0.154382, 0.98801, 0.0, 0.0, 0.0, 0.0, 1.0],
                [0.999999, 0.001668, -0.00103, 0.0, -0.001032, 0.894587, 0.446889, 0.37472, 0.001667, -0.446886, 0.89459, 0.0, 0.0, 0.0, 0.0, 1.0],
                [0.999997, 0.001817, -0.000734, -0.0, -0.000736, 0.695488, 0.718539, 0.37472, 0.001816, -0.718536, 0.695488, 0.0, 0.0, 0.0, 0.0, 1.0],
                [0.999996, 0.001909, -0.000436, 0.0, -0.000437, 0.434601, 0.900624, 0.37472, 0.001908, -0.900622, 0.434601, -0.0, 0.0, 0.0, 0.0, 1.0],
                [0.999996, 0.001951, -0.00014, 0.0, -0.000141, 0.143368, 0.98967, 0.37472, 0.001951, -0.989669, 0.143368, -0.0, 0.0, 0.0, 0.0, 1.0],
                [0.999996, 0.001951, 0.000118, 0.0, 0.000118, -0.120671, 0.992695, 0.37472, 0.001951, -0.99269, -0.120671, -0.0, 0.0, 0.0, 0.0, 1.0],
                [0.999996, 0.001944, 0.00017, -0.0, 0.00017, -0.173253, 0.98488, 0.37472, 0.001944, -0.984875, -0.173253, -0.0, 0.0, 0.0, 0.0, 1.0],
                [0.999997, 0.001946, 0.000155, 0.0, 0.000155, -0.158548, 0.987354, 0.37472, 0.001946, -0.987347, -0.158548, 0.0, 0.0, 0.0, 0.0, 1.0]
            ]
        },
        {
            "name": "Knee_R",
            "time": [0.0, 0.8],
            "transform": [
                [1.0, 0.0, -0.0, -0.0, -0.0, 1e-06, -1.0, 0.37472, -0.0, 1.0, 1e-06, 0.0, 0.0, 0.0, 0.0, 1.0],
                [1.0, 0.0, -0.0, 0.0, -0.0, 1e-06, -1.0, 0.37472, -0.0, 1.0, 1e-06, 0.0, 0.0, 0.0, 0.0, 1.0]
            ]
        },
        {
            "name": "Thigh_L",
            "time": [0.0, 0.0333, 0.0667, 0.1, 0.1333, 0.1667, 0.2, 0.2333, 0.2667, 0.3, 0.3333, 0.3667, 0.4, 0.4333, 0.4667, 0.5, 0.5333, 0.5667, 0.6, 0.6333, 0.6667, 0.7, 0.7333, 0.7667, 0.8],
            "transform": [
                [0.946376, 0.120058, -0.299923, -0.125006, 0.052669, -0.973301, -0.223414, -0.002831, -0.318737, 0.195638, -0.927432, -1.2e-05, 0.0, 0.0, 0.0, 1.0],
                [0.952211, 0.181885, -0.245376, -0.125006, 0.061165, -0.900641, -0.430239, -0.002831, -0.299249, 0.394672, -0.868725, -1.2e-05, 0.0, 0.0, 0.0, 1.0],
                [0.962617, 0.220163, -0.157785, -0.125006, 0.053023, -0.724415, -0.687321, -0.002831, -0.265624, 0.653262, -0.709008, -1.2e-05, 0.0, 0.0, 0.0, 1.0],
                [0.965839, 0.199129, -0.165835, -0.125006, 0.043367, -0.755121, -0.654149, -0.002831, -0.255485, 0.624612, -0.73796, -1.2e-05, 0.0, 0.0, 0.0, 1.0],
                [0.966737, 0.167506, -0.193289, -0.125006, 0.023875, -0.811509, -0.583852, -0.002831, -0.254655, 0.559818, -0.788514, -1.2e-05, 0.0, 0.0, 0.0, 1.0],
                [0.967441, 0.142872, -0.208907, -0.125006, 0.001718, -0.829114, -0.559078, -0.002831, -0.253084, 0.540518, -0.802364, -1.2e-05, 0.0, 0.0, 0.0, 1.0],
                [0.961222, 0.127669, -0.24444, -0.125006, -0.013415, -0.863686, -0.503852, -0.002831, -0.275446, 0.487595, -0.828481, -1.2e-05, 0.0, 0.0, 0.0, 1.0],
                [0.95326, 0.108681, -0.281924, -0.125006, -0.024612, -0.90204, -0.430951, -0.002831, -0.301143, 0.417749, -0.857203, -1.2e-05, 0.0, 0.0, 0.0, 1.0],
                [0.94695, 0.063195, -0.315097, -0.125006, -0.027687, -0.96079, -0.275899, -0.002831, -0.320176, 0.269989, -0.90807, -1.2e-05, 0.0, 0.0, 0.0, 1.0],
                [0.947175, -0.017249, -0.320238, -0.125006, -0.015942, -0.999855, 0.006701, -0.002831, -0.320304, -0.001242, -0.947312, -1.1e-05, 0.0, 0.0, 0.0, 1.0],
                [0.953245, -0.06523, -0.295058, -0.125006, -0.004194, -0.979191, 0.202922, -0.002831, -0.302152, -0.192199, -0.933681, -1.2e-05, 0.0, 0.0, 0.0, 1.0],
                [0.951741, -0.128116, -0.278861, -0.125006, -0.017526, -0.929904, 0.3674, -0.002831, -0.30638, -0.344787, -0.887272, -1.1e-05, 0.0, 0.0, 0.0, 1.0],
                [0.935811, -0.208094, -0.284502, -0.125006, -0.043459, -0.869103, 0.492728, -0.002831, -0.34979, -0.448744, -0.822359, -1.1e-05, 0.0, 0.0, 0.0, 1.0],
                [0.92314, -0.254177, -0.288437, -0.125006, -0.041742, -0.812101, 0.582029, -0.002831, -0.382173, -0.525263, -0.760291, -1.2e-05, 0.0, 0.0, 0.0, 1.0],
                [0.914605, -0.274994, -0.296421, -0.125006, -0.030493, -0.77794, 0.627604, -0.002831, -0.40318, -0.56498, -0.719892, -1.2e-05, 0.0, 0.0, 0.0, 1.0],
                [0.910118, -0.282585, -0.303016, -0.125006, -0.011217, -0.747879, 0.663746, -0.002831, -0.414178, -0.600699, -0.683827, -1.2e-05, 0.0, 0.0, 0.0, 1.0],
                [0.907364, -0.280954, -0.31264, -0.125006, 0.012901, -0.724838, 0.688805, -0.002831, -0.420129, -0.629041, -0.654065, -1.2e-05, 0.0, 0.0, 0.0, 1.0],
                [0.907515, -0.253323, -0.335008, -0.125006, 0.054704, -0.719554, 0.692284, -0.002831, -0.416421, -0.646597, -0.639147, -1.2e-05, 0.0, 0.0, 0.0, 1.0],
                [0.905655, -0.212394, -0.366966, -0.125006, 0.09251, -0.74566, 0.659879, -0.002831, -0.41378, -0.631583, -0.655661, -1.2e-05, 0.0, 0.0, 0.0, 1.0],
                [0.903805, -0.184869, -0.385935, -0.125006, 0.108111, -0.773977, 0.623924, -0.002831, -0.414043, -0.60564, -0.679537, -1.2e-05, 0.0, 0.0, 0.0, 1.0],
                [0.907236, -0.14759, -0.39386, -0.125006, 0.107674, -0.823721, 0.556687, -0.002831, -0.406586, -0.547465, -0.731417, -1.2e-05, 0.0, 0.0, 0.0, 1.0],
                [0.919015, -0.082256, -0.385529, -0.125006, 0.08583, -0.912779, 0.399349, -0.002831, -0.384746, -0.400104, -0.831797, -1.1e-05, 0.0, 0.0, 0.0, 1.0],
                [0.934981, 0.019821, -0.354131, -0.125006, 0.054421, -0.994636, 0.088011, -0.002831, -0.350485, -0.101561, -0.931044, -1.2e-05, 0.0, 0.0, 0.0, 1.0],
                [0.944762, 0.103938, -0.310832, -0.125006, 0.051111, -0.983506, -0.17352, -0.002831, -0.323739, 0.14805, -0.93449, -1.2e-05, 0.0, 0.0, 0.0, 1.0],
                [0.951667, 0.170652, -0.255353, -0.125006, 0.060936, -0.919811, -0.387603, -0.002831, -0.301021, 0.35331, -0.885752, -1.2e-05, 0.0, 0.0, 0.0, 1.0]
            ]
        },
        {
            "name": "Leg_L",
            "time": [0.0, 0.0333, 0.0667, 0.1, 0.1333, 0.1667, 0.2, 0.2333, 0.2667, 0.3, 0.3333, 0.3667, 0.4, 0.4333, 0.4667, 0.5, 0.5333, 0.5667, 0.6, 0.6333, 0.6667, 0.7, 0.7333, 0.7667, 0.8],
            "transform": [
                [0.999999, -0.001764, 0.000846, -0.0, 0.000845, 0.779593, 0.626285, 0.37472, -0.001764, -0.626281, 0.779595, -0.0, 0.0, 0.0, 0.0, 1.0],
                [0.999999, -0.001649, 0.001053, 0.0, 0.001052, 0.906946, 0.421242, 0.37472, -0.00165, -0.421238, 0.906949, 0.0, 0.0, 0.0, 0.0, 1.0],
                [0.999999, -0.001391, 0.001373, -0.0, 0.001372, 0.999895, 0.014279, 0.37472, -0.001393, -0.014277, 0.999898, 0.0, 0.0, 0.0, 0.0, 1.0],
                [0.999999, -0.001454, 0.001308, -0.0, 0.001306, 0.994303, 0.10656, 0.37472, -0.001456, -0.106558, 0.994307, -0.0, 0.0, 0.0, 0.0, 1.0],
                [1.0, -0.001571, 0.001165, 0.0, 0.001162, 0.956344, 0.292233, 0.37472, -0.001573, -0.29223, 0.956348, 0.0, 0.0, 0.0, 0.0, 1.0],
                [0.999998, -0.001679, 0.001004, -0.0, 0.001001, 0.880118, 0.474752, 0.37472, -0.001681, -0.474748, 0.880121, -0.0, 0.0, 0.0, 0.0, 1.0],
                [0.999998, -0.001781, 0.000809, 0.0, 0.000805, 0.75149, 0.659744, 0.37472, -0.001783, -0.659742, 0.75149, -0.0, 0.0, 0.0, 0.0, 1.0],
                [0.999998, -0.001867, 0.000586, -0.0, 0.000582, 0.569698, 0.821854, 0.37472, -0.001869, -0.821853, 0.569697, 0.0, 0.0, 0.0, 0.0, 1.0],
                [0.999997, -0.001949, 0.000258, 0.0, 0.000252, 0.257292, 0.966334, 0.37472, -0.00195, -0.966333, 0.257292, 0.0, 0.0, 0.0, 0.0, 1.0],
                [0.999996, -0.001948, -0.000158, -0.0, -0.000165, -0.165189, 0.986265, 0.37472, -0.001947, -0.98626, -0.165189, 0.0, 0.0, 0.0, 0.0, 1.0],
                [0.999996, -0.001934, -0.000278, -0.0, -0.000285, -0.285369, 0.958421, 0.37472, -0.001933, -0.958414, -0.285371, 0.0, 0.0, 0.0, 0.0, 1.0],
                [0.999997, -0.001931, -0.000294, 0.0, -0.000301, -0.300992, 0.953629, 0.37472, -0.00193, -0.953623, -0.300993, 0.0, 0.0, 0.0, 0.0, 1.0],
                [0.999999, -0.001945, -0.000209, -0.0, -0.000219, -0.217284, 0.976109, 0.37472, -0.001944, -0.976106, -0.217284, 0.0, 0.0, 0.0, 0.0, 1.0],
                [1.0, -0.001959, -1.6e-05, -0.0, -2.5e-05, -0.02091, 0.99978, 0.37472, -0.001959, -0.999779, -0.02091, 0.0, 0.0, 0.0, 0.0, 1.0],
                [0.999999, -0.001946, 0.000214, -0.0, 0.000204, 0.212362, 0.97719, 0.37472, -0.001947, -0.97719, 0.212361, -0.0, 0.0, 0.0, 0.0, 1.0],
                [0.999998, -0.001915, 0.00041, -0.0, 0.000403, 0.405812, 0.913956, 0.37472, -0.001917, -0.913955, 0.405812, -0.0, 0.0, 0.0, 0.0, 1.0],
                [0.999997, -0.001866, 0.000591, -0.0, 0.000585, 0.573241, 0.819388, 0.37472, -0.001868, -0.819384, 0.573242, 0.0, 0.0, 0.0, 0.0, 1.0],
                [0.999996, -0.001824, 0.000708, 0.0, 0.000704, 0.672943, 0.739696, 0.37472, -0.001825, -0.739692, 0.672944, -0.0, 0.0, 0.0, 0.0, 1.0],
                [0.999996, -0.001807, 0.000747, -0.0, 0.000744, 0.704719, 0.709489, 0.37472, -0.001809, -0.709485, 0.704721, 0.0, 0.0, 0.0, 0.0, 1.0],
                [0.999997, -0.001846, 0.000649, -0.0, 0.000647, 0.625109, 0.780538, 0.37472, -0.001847, -0.780535, 0.625111, -0.0, 0.0, 0.0, 0.0, 1.0],
                [0.999999, -0.001896, 0.000483, 0.0, 0.000483, 0.478334, 0.878178, 0.37472, -0.001896, -0.878176, 0.478334, 0.0, 0.0, 0.0, 0.0, 1.0],
                [0.999999, -0.00191, 0.000423, 0.0, 0.000424, 0.42263, 0.906302, 0.37472, -0.001909, -0.9063, 0.42263, -0.0, 0.0, 0.0, 0.0, 1.0],
                [0.999999, -0.001865, 0.000601, -0.0, 0.000601, 0.583739, 0.811941, 0.37472, -0.001865, -0.811938, 0.58374, 0.0, 0.0, 0.0, 0.0, 1.0],
                [0.999999, -0.001785, 0.000805, -0.0, 0.000804, 0.74929, 0.662241, 0.37472, -0.001785, -0.662237, 0.749292, 0.0, 0.0, 0.0, 0.0, 1.0],
                [1.0, -0.001678, 0.000977, 0.0, 0.000977, 0.869448, 0.494021, 0.37472, -0.001678, -0.494017, 0.869451, 0.0, 0.0, 0.0, 0.0, 1.0]
            ]
        },
        {
            "name": "Knee_L",
            "time": [0.0, 0.8],
            "transform": [
                [1.0, 0.0, -0.0, -0.0, -0.0, 1e-06, -1.0, 0.37472, -0.0, 1.0, 1e-06, -0.0, 0.0, 0.0, 0.0, 1.0],
                [1.0, 0.0, -0.0, 0.0, -0.0, 1e-06, -1.0, 0.37472, -0.0, 1.0, 1e-06, 0.0, 0.0, 0.0, 0.0, 1.0]
            ]
        },
        {
            "name": "Torso",
            "time": [0.0, 0.0333, 0.0667, 0.1, 0.1333, 0.1667, 0.2, 0.2333, 0.2667, 0.3, 0.3333, 0.3667, 0.4, 0.4333, 0.4667, 0.5, 0.5333, 0.5667, 0.6, 0.6333, 0.6667, 0.7, 0.7333, 0.7667, 0.8],
            "transform": [
                [0.949487, -0.055673, -0.308832, 0.0, 0.261008, 0.686465, 0.678703, 0.05, 0.174217, -0.725025, 0.666322, -0.0, 0.0, 0.0, 0.0, 1.0],
                [0.934204, -0.022375, -0.356041, -0.0, 0.270165, 0.696142, 0.665127, 0.05, 0.232974, -0.717552, 0.656384, 0.0, 0.0, 0.0, 0.0, 1.0],
                [0.900338, 0.02817, -0.434282, -0.0, 0.286317, 0.713178, 0.639841, 0.05, 0.327747, -0.700412, 0.634036, 0.0, 0.0, 0.0, 0.0, 1.0],
                [0.857486, 0.07761, -0.508623, -0.0, 0.297111, 0.732381, 0.61265, 0.05, 0.420056, -0.676454, 0.604948, 0.0, 0.0, 0.0, 0.0, 1.0],
                [0.825484, 0.104534, -0.554663, -0.0, 0.302007, 0.748391, 0.590508, 0.05, 0.476836, -0.654964, 0.586215, 0.0, 0.0, 0.0, 0.0, 1.0],
                [0.815762, 0.114173, -0.56701, 0.0, 0.295067, 0.761011, 0.57775, 0.05, 0.497466, -0.638609, 0.587115, -0.0, 0.0, 0.0, 0.0, 1.0],
                [0.817286, 0.113604, -0.564925, -0.0, 0.286177, 0.770904, 0.569041, 0.05, 0.50015, -0.626735, 0.597538, 0.0, 0.0, 0.0, 0.0, 1.0],
                [0.83173, 0.100853, -0.545947, -0.0, 0.278558, 0.774817, 0.567504, 0.05, 0.480246, -0.624084, 0.616345, 0.0, 0.0, 0.0, 0.0, 1.0],
                [0.854191, 0.070946, -0.5151, 0.0, 0.282523, 0.768325, 0.574329, 0.05, 0.436513, -0.636111, 0.636253, -0.0, 0.0, 0.0, 0.0, 1.0],
                [0.881914, 0.012931, -0.471237, 0.0, 0.303824, 0.748729, 0.589146, 0.05, 0.360449, -0.662745, 0.656386, -0.0, 0.0, 0.0, 0.0, 1.0],
                [0.908531, -0.063137, -0.413023, 0.0, 0.327209, 0.722229, 0.609358, 0.05, 0.259826, -0.688763, 0.676827, -0.0, 0.0, 0.0, 0.0, 1.0],
                [0.926818, -0.138391, -0.349087, -0.0, 0.340672, 0.700947, 0.626588, 0.05, 0.157978, -0.699653, 0.696797, 0.0, 0.0, 0.0, 0.0, 1.0],
                [0.937532, -0.194356, -0.288553, -0.0, 0.339455, 0.692713, 0.63633, 0.05, 0.07621, -0.694527, 0.715417, -0.0, 0.0, 0.0, 0.0, 1.0],
                [0.946539, -0.227163, -0.229052, -0.0, 0.322292, 0.696733, 0.640851, 0.05, 0.01401, -0.680408, 0.732698, 0.0, 0.0, 0.0, 0.0, 1.0],
                [0.954785, -0.245161, -0.168186, 0.0, 0.294725, 0.70609, 0.643873, 0.05, -0.039099, -0.664325, 0.746419, 0.0, 0.0, 0.0, 0.0, 1.0],
                [0.960671, -0.256801, -0.105682, 0.0, 0.262402, 0.714885, 0.648137, 0.05, -0.090892, -0.650373, 0.754155, -0.0, 0.0, 0.0, 0.0, 1.0],
                [0.962851, -0.26798, -0.03327, 0.0, 0.222717, 0.718395, 0.659017, 0.05, -0.152703, -0.641942, 0.751392, -0.0, 0.0, 0.0, 0.0, 1.0],
                [0.958381, -0.279972, 0.055909, 0.0, 0.170269, 0.717685, 0.675229, 0.05, -0.229172, -0.637602, 0.735487, -0.0, 0.0, 0.0, 0.0, 1.0],
                [0.948379, -0.28666, 0.135677, -0.0, 0.117468, 0.714874, 0.689314, 0.05, -0.294592, -0.637789, 0.711645, 0.0, 0.0, 0.0, 0.0, 1.0],
                [0.94512, -0.28023, 0.167997, 0.0, 0.086547, 0.71053, 0.698322, 0.05, -0.315059, -0.645455, 0.695789, 0.0, 0.0, 0.0, 0.0, 1.0],
                [0.96171, -0.24847, 0.115678, -0.0, 0.097175, 0.703758, 0.703761, 0.05, -0.256274, -0.665569, 0.700956, 0.0, 0.0, 0.0, 0.0, 1.0],
                [0.981843, -0.188745, -0.019097, 0.0, 0.147349, 0.69532, 0.703431, 0.05, -0.119491, -0.693469, 0.710507, 0.0, 0.0, 0.0, 0.0, 1.0],
                [0.976873, -0.118092, -0.178266, -0.0, 0.209858, 0.689477, 0.693238, 0.05, 0.041045, -0.714612, 0.698314, -0.0, 0.0, 0.0, 0.0, 1.0],
                [0.955355, -0.065907, -0.288024, -0.0, 0.252825, 0.686821, 0.681435, 0.05, 0.15291, -0.723827, 0.672822, 0.0, 0.0, 0.0, 0.0, 1.0],
                [0.925065, -0.020596, -0.379257, -0.0, 0.289005, 0.686077, 0.667662, 0.05, 0.24645, -0.727233, 0.640618, 0.0, 0.0, 0.0, 0.0, 1.0]
            ]
        },
        {
            "name": "Chest",
            "time": [0.0, 0.0333, 0.0667, 0.1, 0.1333, 0.1667, 0.2, 0.2333, 0.2667, 0.3, 0.3333, 0.3667, 0.4, 0.4333, 0.4667, 0.5, 0.5333, 0.5667, 0.6, 0.6333, 0.6667, 0.7, 0.7333, 0.7667, 0.8],
            "transform": [
                [0.999602, 0.024015, 0.014749, 0.0, -0.021529, 0.988414, -0.150256, 0.3, -0.018187, 0.149879, 0.988535, 0.0, 0.0, 0.0, 0.0, 1.0],
                [0.999717, 0.017075, 0.016537, -0.0, -0.014454, 0.988982, -0.147334, 0.3, -0.018871, 0.147054, 0.988946, -0.0, 0.0, 0.0, 0.0, 1.0],
                [0.99979, 0.008305, 0.018715, -0.0, -0.005553, 0.989773, -0.142552, 0.3, -0.019707, 0.142419, 0.989608, 0.0, 0.0, 0.0, 0.0, 1.0],
                [0.999782, -0.000476, 0.020851, 0.0, 0.003344, 0.990462, -0.137749, 0.3, -0.020586, 0.137789, 0.990246, 0.0, 0.0, 0.0, 0.0, 1.0],
                [0.999724, -0.009162, 0.02159, 0.0, 0.01195, 0.991079, -0.132753, 0.3, -0.020181, 0.132975, 0.990912, 0.0, 0.0, 0.0, 0.0, 1.0],
                [0.999767, -0.017117, 0.013136, 0.0, 0.018644, 0.991776, -0.126626, 0.3, -0.010861, 0.126841, 0.991861, 0.0, 0.0, 0.0, 0.0, 1.0],
                [0.999681, -0.024711, 0.005094, 0.0, 0.025145, 0.992373, -0.120691, 0.3, -0.002072, 0.120781, 0.992675, -0.0, 0.0, 0.0, 0.0, 1.0],
                [0.999543, -0.030064, 0.003096, 0.0, 0.03022, 0.992786, -0.116035, 0.3, 0.000415, 0.116076, 0.993238, -0.0, 0.0, 0.0, 0.0, 1.0],
                [0.999233, -0.031213, 0.023612, 0.0, 0.033732, 0.992776, -0.115153, 0.3, -0.019847, 0.115862, 0.993065, -0.0, 0.0, 0.0, 0.0, 1.0],
                [0.996885, -0.027391, 0.073949, -0.0, 0.036121, 0.992187, -0.119423, 0.3, -0.070101, 0.121722, 0.990083, 0.0, 0.0, 0.0, 0.0, 1.0],
                [0.990104, -0.019372, 0.13898, 0.0, 0.037084, 0.991337, -0.126011, 0.3, -0.135335, 0.129919, 0.982243, -0.0, 0.0, 0.0, 0.0, 1.0],
                [0.979814, -0.010745, 0.199619, 0.0, 0.037659, 0.990598, -0.131528, 0.3, -0.196329, 0.136391, 0.971003, 0.0, 0.0, 0.0, 0.0, 1.0],
                [0.968241, -0.000949, 0.250015, -0.0, 0.035066, 0.990624, -0.132044, 0.3, -0.247546, 0.136618, 0.959193, 0.0, 0.0, 0.0, 0.0, 1.0],
                [0.955301, 0.009647, 0.295474, -0.0, 0.02956, 0.991343, -0.127939, 0.3, -0.29415, 0.130955, 0.946743, 0.0, 0.0, 0.0, 0.0, 1.0],
                [0.94314, 0.020273, 0.331774, 0.0, 0.021993, 0.992147, -0.123143, 0.3, -0.331666, 0.123438, 0.935284, 0.0, 0.0, 0.0, 0.0, 1.0],
                [0.939639, 0.029067, 0.340931, 0.0, 0.012434, 0.992827, -0.118915, 0.3, -0.341943, 0.115977, 0.932534, -0.0, 0.0, 0.0, 0.0, 1.0],
                [0.952479, 0.033077, 0.302799, -0.0, 0.002919, 0.993051, -0.117659, 0.3, -0.304586, 0.112952, 0.945761, -0.0, 0.0, 0.0, 0.0, 1.0],
                [0.976877, 0.032234, 0.211355, 0.0, -0.007234, 0.992987, -0.118006, 0.3, -0.213677, 0.113749, 0.970257, -0.0, 0.0, 0.0, 0.0, 1.0],
                [0.994809, 0.029296, 0.097451, 0.0, -0.017663, 0.992838, -0.118164, 0.3, -0.100215, 0.11583, 0.988198, 0.0, 0.0, 0.0, 0.0, 1.0],
                [0.999631, 0.026314, 0.006605, 0.0, -0.025337, 0.992513, -0.119498, 0.3, -0.0097, 0.119287, 0.99281, 0.0, 0.0, 0.0, 0.0, 1.0],
                [0.999178, 0.024585, -0.032241, 0.0, -0.028427, 0.991788, -0.124693, 0.3, 0.028911, 0.125507, 0.991669, 0.0, 0.0, 0.0, 0.0, 1.0],
                [0.999306, 0.023783, -0.02863, 0.0, -0.027408, 0.990637, -0.133753, 0.3, 0.025181, 0.134446, 0.990599, -0.0, 0.0, 0.0, 0.0, 1.0],
                [0.999687, 0.02417, -0.006347, 0.0, -0.024829, 0.989412, -0.143004, 0.3, 0.002823, 0.143117, 0.9897, -0.0, 0.0, 0.0, 0.0, 1.0],
                [0.999644, 0.024099, 0.011368, 0.0, -0.022136, 0.988576, -0.1491, 0.3, -0.014831, 0.148796, 0.988755, -0.0, 0.0, 0.0, 0.0, 1.0],
                [0.99937, 0.023749, 0.02634, 0.0, -0.01941, 0.98785, -0.154205, 0.3, -0.029682, 0.153597, 0.987685, -0.0, 0.0, 0.0, 0.0, 1.0]
            ]
        },
        {
            "name": "Head",
            "time": [0.0, 0.0333, 0.0667, 0.1, 0.1333, 0.1667, 0.2, 0.2333, 0.2667, 0.3, 0.3333, 0.3667, 0.4, 0.4333, 0.4667, 0.5, 0.5333, 0.5667, 0.6, 0.6333, 0.6667, 0.7, 0.7333, 0.7667, 0.8],
            "transform": [
                [0.917473, -0.01269, 0.397596, 0.0, 0.136973, 0.948448, -0.285802, 0.4, -0.373473, 0.316674, 0.871916, -0.0, 0.0, 0.0, 0.0, 1.0],
                [0.902124, -0.019134, 0.431054, -0.0, 0.162516, 0.940511, -0.29837, 0.4, -0.399703, 0.339218, 0.851569, 0.0, 0.0, 0.0, 0.0, 1.0],
                [0.865649, -0.019273, 0.500282, -0.0, 0.201198, 0.928407, -0.312372, 0.4, -0.458446, 0.371059, 0.807554, 0.0, 0.0, 0.0, 0.0, 1.0],
                [0.813152, 0.001036, 0.582053, 0.0, 0.228058, 0.919473, -0.320244, 0.4, -0.535515, 0.393147, 0.747436, -0.0, 0.0, 0.0, 0.0, 1.0],
                [0.772447, 0.029318, 0.634404, 0.0, 0.239321, 0.911854, -0.333536, 0.4, -0.588264, 0.409463, 0.697343, 0.0, 0.0, 0.0, 0.0, 1.0],
                [0.750165, 0.051777, 0.659223, -0.0, 0.239029, 0.908283, -0.343342, 0.4, -0.61654, 0.415135, 0.668986, 0.0, 0.0, 0.0, 0.0, 1.0],
                [0.745034, 0.06264, 0.664081, -0.0, 0.232148, 0.908987, -0.346187, 0.4, -0.625329, 0.412084, 0.662686, 0.0, 0.0, 0.0, 0.0, 1.0],
                [0.757643, 0.071007, 0.648797, -0.0, 0.218066, 0.909396, -0.354178, 0.4, -0.615165, 0.409819, 0.673514, 0.0, 0.0, 0.0, 0.0, 1.0],
                [0.795472, 0.077945, 0.600961, -0.0, 0.190097, 0.909538, -0.369593, 0.4, -0.575407, 0.408239, 0.708695, 0.0, 0.0, 0.0, 0.0, 1.0],
                [0.85808, 0.086536, 0.506175, -0.0, 0.140612, 0.90843, -0.393675, 0.4, -0.493893, 0.408976, 0.767339, -0.0, 0.0, 0.0, 0.0, 1.0],
                [0.91772, 0.09662, 0.385299, 0.0, 0.074866, 0.910512, -0.406646, 0.4, -0.390109, 0.402032, 0.828364, 0.0, 0.0, 0.0, 0.0, 1.0],
                [0.952236, 0.110247, 0.284771, -0.0, 0.009626, 0.92125, -0.388847, 0.4, -0.305215, 0.373013, 0.876189, 0.0, 0.0, 0.0, 0.0, 1.0],
                [0.974163, 0.109365, 0.197602, 0.0, -0.028066, 0.926771, -0.374574, 0.4, -0.224097, 0.359348, 0.905899, -0.0, 0.0, 0.0, 0.0, 1.0],
                [0.990568, 0.083957, 0.108293, 0.0, -0.037393, 0.925936, -0.37582, 0.4, -0.131825, 0.368224, 0.920346, 0.0, 0.0, 0.0, 0.0, 1.0],
                [0.998358, 0.048137, 0.031076, 0.0, -0.032959, 0.926134, -0.375748, 0.4, -0.046868, 0.374105, 0.926203, 0.0, 0.0, 0.0, 0.0, 1.0],
                [0.99962, 0.016775, -0.021864, -0.0, -0.023783, 0.925924, -0.376956, 0.4, 0.013921, 0.377331, 0.925976, 0.0, 0.0, 0.0, 0.0, 1.0],
                [0.998967, 0.001316, -0.045422, 0.0, -0.018363, 0.926023, -0.377019, 0.4, 0.041566, 0.377462, 0.925094, 0.0, 0.0, 0.0, 0.0, 1.0],
                [0.999057, 0.000821, -0.043429, 0.0, -0.016834, 0.929001, -0.369689, 0.4, 0.040042, 0.370069, 0.928143, 0.0, 0.0, 0.0, 0.0, 1.0],
                [0.999765, 0.005404, -0.021027, -0.0, -0.012495, 0.935265, -0.353722, 0.4, 0.017755, 0.3539, 0.935117, 0.0, 0.0, 0.0, 0.0, 1.0],
                [0.999771, 0.007162, 0.020166, 0.0, -2.8e-05, 0.942778, -0.333417, 0.4, -0.0214, 0.333339, 0.942566, 0.0, 0.0, 0.0, 0.0, 1.0],
                [0.995256, 0.003913, 0.097216, -0.0, 0.027135, 0.948379, -0.315971, 0.4, -0.093434, 0.317108, 0.943778, -0.0, 0.0, 0.0, 0.0, 1.0],
                [0.977939, -0.002232, 0.20888, -0.0, 0.067025, 0.950422, -0.303648, 0.4, -0.197847, 0.310948, 0.929608, -0.0, 0.0, 0.0, 0.0, 1.0],
                [0.948925, -0.008976, 0.315376, -0.0, 0.106722, 0.949802, -0.294081, 0.4, -0.296905, 0.312717, 0.902252, -0.0, 0.0, 0.0, 0.0, 1.0],
                [0.923031, -0.012243, 0.384534, 0.0, 0.132242, 0.948689, -0.287226, 0.4, -0.361287, 0.315968, 0.877291, -0.0, 0.0, 0.0, 0.0, 1.0],
                [0.89703, -0.014175, 0.441744, -0.0, 0.153023, 0.947627, -0.28033, 0.4, -0.414635, 0.31906, 0.852221, -0.0, 0.0, 0.0, 0.0, 1.0]
            ]
        },
        {
            "name": "Shoulder_R",
            "time": [0.0, 0.0333, 0.0667, 0.1, 0.1333, 0.1667, 0.2, 0.2333, 0.2667, 0.3, 0.3333, 0.3667, 0.4, 0.4333, 0.4667, 0.5, 0.5333, 0.5667, 0.6, 0.6333, 0.6667, 0.7, 0.7333, 0.7667, 0.8],
            "transform": [
                [-0.247155, 0.884933, 0.394724, 0.0, 0.343208, -0.301006, 0.88972, 0.4, 0.90616, 0.355371, -0.22932, -0.0, 0.0, 0.0, 0.0, 1.0],
                [-0.213369, 0.888202, 0.406905, -0.0, 0.320241, -0.329901, 0.888036, 0.4, 0.922998, 0.319787, -0.214046, 0.0, 0.0, 0.0, 0.0, 1.0],
                [-0.164623, 0.896197, 0.411981, -0.0, 0.298697, -0.352773, 0.886751, 0.4, 0.940046, 0.269037, -0.209616, 0.0, 0.0, 0.0, 0.0, 1.0],
                [-0.171186, 0.897091, 0.407336, 0.0, 0.314974, -0.341913, 0.885372, 0.4, 0.933537, 0.279863, -0.224028, -0.0, 0.0, 0.0, 0.0, 1.0],
                [-0.152823, 0.896233, 0.416427, 0.0, 0.320149, -0.353757, 0.878839, 0.4, 0.934963, 0.267625, -0.232864, 0.0, 0.0, 0.0, 0.0, 1.0],
                [-0.128218, 0.893504, 0.430361, -0.0, 0.32348, -0.372534, 0.869813, 0.4, 0.937511, 0.250739, -0.241264, 0.0, 0.0, 0.0, 0.0, 1.0],
                [-0.109418, 0.887778, 0.447075, -0.0, 0.328603, -0.392182, 0.859192, 0.4, 0.938112, 0.240921, -0.248813, 0.0, 0.0, 0.0, 0.0, 1.0],
                [-0.105411, 0.8803, 0.462558, -0.0, 0.337398, -0.4059, 0.849356, 0.4, 0.935445, 0.245598, -0.254223, 0.0, 0.0, 0.0, 0.0, 1.0],
                [-0.135874, 0.866863, 0.479674, -0.0, 0.352419, -0.410208, 0.841147, 0.4, 0.925929, 0.283336, -0.249761, 0.0, 0.0, 0.0, 0.0, 1.0],
                [-0.19975, 0.841652, 0.501717, -0.0, 0.372582, -0.408336, 0.833331, 0.4, 0.90625, 0.353389, -0.232017, -0.0, 0.0, 0.0, 0.0, 1.0],
                [-0.267086, 0.804468, 0.530562, 0.0, 0.388844, -0.41379, 0.82315, 0.4, 0.881743, 0.426158, -0.202293, 0.0, 0.0, 0.0, 0.0, 1.0],
                [-0.320501, 0.765015, 0.558596, -0.0, 0.394309, -0.42844, 0.812992, 0.4, 0.861281, 0.480826, -0.164335, 0.0, 0.0, 0.0, 0.0, 1.0],
                [-0.362406, 0.731483, 0.577576, 0.0, 0.382569, -0.448343, 0.807853, 0.4, 0.849888, 0.513734, -0.11736, -0.0, 0.0, 0.0, 0.0, 1.0],
                [-0.40393, 0.703024, 0.585319, 0.0, 0.353789, -0.470001, 0.808659, 0.4, 0.843611, 0.533722, -0.058874, 0.0, 0.0, 0.0, 0.0, 1.0],
                [-0.450271, 0.677092, 0.582067, 0.0, 0.325117, -0.482816, 0.813133, 0.4, 0.8316, 0.555371, -0.002736, 0.0, 0.0, 0.0, 0.0, 1.0],
                [-0.483696, 0.663284, 0.571045, -0.0, 0.304728, -0.484005, 0.820291, 0.4, 0.820477, 0.570786, 0.03199, 0.0, 0.0, 0.0, 0.0, 1.0],
                [-0.481918, 0.673827, 0.5601, 0.0, 0.294148, -0.47772, 0.827803, 0.4, 0.825371, 0.563686, 0.032017, 0.0, 0.0, 0.0, 0.0, 1.0],
                [-0.434341, 0.715614, 0.547033, 0.0, 0.288934, -0.464532, 0.837093, 0.4, 0.853153, 0.521641, -0.005, 0.0, 0.0, 0.0, 0.0, 1.0],
                [-0.354804, 0.774034, 0.524391, -0.0, 0.281826, -0.446251, 0.849371, 0.4, 0.891455, 0.449148, -0.059811, 0.0, 0.0, 0.0, 0.0, 1.0],
                [-0.285753, 0.821, 0.494272, 0.0, 0.280616, -0.421484, 0.862323, 0.4, 0.9163, 0.385113, -0.109944, 0.0, 0.0, 0.0, 0.0, 1.0],
                [-0.265737, 0.84614, 0.461985, -0.0, 0.305369, -0.380661, 0.872837, 0.4, 0.914407, 0.373021, -0.157228, -0.0, 0.0, 0.0, 0.0, 1.0],
                [-0.275171, 0.861219, 0.427298, -0.0, 0.340722, -0.328249, 0.880998, 0.4, 0.898997, 0.388015, -0.20311, -0.0, 0.0, 0.0, 0.0, 1.0],
                [-0.272562, 0.873278, 0.403851, -0.0, 0.352486, -0.299929, 0.88645, 0.4, 0.895247, 0.383965, -0.226068, -0.0, 0.0, 0.0, 0.0, 1.0],
                [-0.252526, 0.882945, 0.395777, 0.0, 0.345561, -0.299764, 0.889227, 0.4, 0.903783, 0.361319, -0.229411, -0.0, 0.0, 0.0, 0.0, 1.0],
                [-0.228796, 0.891586, 0.390803, -0.0, 0.335116, -0.304779, 0.891518, 0.4, 0.913977, 0.33494, -0.229051, -0.0, 0.0, 0.0, 0.0, 1.0]
            ]
        },
        {
            "name": "Arm_R",
            "time": [0.0, 0.0333, 0.0667, 0.1, 0.1333, 0.1667, 0.2, 0.2333, 0.2667, 0.3, 0.3333, 0.3667, 0.4, 0.4333, 0.4667, 0.5, 0.5333, 0.5667, 0.6, 0.6333, 0.6667, 0.7, 0.7333, 0.7667, 0.8],
            "transform": [
                [-0.409263, -0.059696, -0.910461, 0.0, 0.468379, 0.842602, -0.265787, 0.39386, 0.783027, -0.535216, -0.316884, 0.0, 0.0, 0.0, 0.0, 1.0],
                [-0.384907, -0.103484, -0.917135, -0.0, 0.48364, 0.823726, -0.295919, 0.39386, 0.786095, -0.557463, -0.267008, 0.0, 0.0, 0.0, 0.0, 1.0],
                [-0.334531, -0.164987, -0.927829, -0.0, 0.50212, 0.801954, -0.323643, 0.39386, 0.797477, -0.574149, -0.185435, -0.0, 0.0, 0.0, 0.0, 1.0],
                [-0.311299, -0.159379, -0.936851, 0.0, 0.502744, 0.808963, -0.304674, 0.39386, 0.806441, -0.56584, -0.171702, 0.0, 0.0, 0.0, 0.0, 1.0],
                [-0.296195, -0.161753, -0.94133, 0.0, 0.503376, 0.811138, -0.29777, 0.39386, 0.811718, -0.56204, -0.158832, 0.0, 0.0, 0.0, 0.0, 1.0],
                [-0.303278, -0.13858, -0.94277, 0.0, 0.492072, 0.824472, -0.279483, 0.39386, 0.816022, -0.548671, -0.181853, -0.0, 0.0, 0.0, 0.0, 1.0],
                [-0.323795, -0.097315, -0.941109, 0.0, 0.472438, 0.845181, -0.249941, 0.393861, 0.819734, -0.525544, -0.22769, 0.0, 0.0, 0.0, 0.0, 1.0],
                [-0.350729, -0.051246, -0.935073, 0.0, 0.452275, 0.865064, -0.217049, 0.39386, 0.820025, -0.499035, -0.280226, -0.0, 0.0, 0.0, 0.0, 1.0],
                [-0.378873, -0.010248, -0.925392, -0.0, 0.436217, 0.87991, -0.188339, 0.39386, 0.816195, -0.475026, -0.328904, -0.0, 0.0, 0.0, 0.0, 1.0],
                [-0.408217, 0.020263, -0.91266, -0.0, 0.425636, 0.888657, -0.170649, 0.39386, 0.807587, -0.458121, -0.37139, -0.0, 0.0, 0.0, 0.0, 1.0],
                [-0.43681, 0.034586, -0.898889, 0.0, 0.421709, 0.890525, -0.170662, 0.393861, 0.794585, -0.453615, -0.403575, 0.0, 0.0, 0.0, 0.0, 1.0],
                [-0.461989, 0.032188, -0.886302, 0.0, 0.421157, 0.887436, -0.1873, 0.39386, 0.780511, -0.459801, -0.423542, 0.0, 0.0, 0.0, 0.0, 1.0],
                [-0.481334, 0.021025, -0.876286, 0.0, 0.421348, 0.882184, -0.210273, 0.393861, 0.768628, -0.470431, -0.433483, -0.0, 0.0, 0.0, 0.0, 1.0],
                [-0.488891, 0.005018, -0.872331, 0.0, 0.425344, 0.87443, -0.233349, 0.39386, 0.761625, -0.485122, -0.429635, 0.0, 0.0, 0.0, 0.0, 1.0],
