{
    "animation": [
        {
            "name": "Root",
            "time": [0.0, 0.0333, 0.0667, 0.1, 0.1333, 0.1667, 0.2, 0.2333, 0.2667, 0.3, 0.3333, 0.3667, 0.4, 0.4333, 0.4667, 0.5, 0.5333, 0.5667, 0.6, 0.6333, 0.6667, 0.7, 0.7333, 0.7667, 0.8, 0.8333, 0.8667, 0.9, 0.9333, 0.9667, 1.0, 1.0333, 1.0667, 1.1, 1.1333, 1.1667],
            "transform": [
                [0.829445, 0.000571, -0.558588, 0.000523, -0.558588, 0.001869, -0.829443, 0.001714, 0.000571, 0.999998, 0.001869, 0.607853, 0.0, 0.0, 0.0, 1.0],
                [0.83119, 0.000568, -0.555988, 0.034452, -0.555988, 0.00187, -0.831188, 0.000367, 0.000568, 0.999998, 0.00187, 0.587337, 0.0, 0.0, 0.0, 1.0],
                [0.867043, 0.000504, -0.498233, 0.065131, -0.498233, 0.001888, -0.86704, -0.057871, 0.000504, 0.999998, 0.001888, 0.578617, 0.0, 0.0, 0.0, 1.0],
                [0.969383, 0.000242, -0.245552, 0.086904, -0.245552, 0.001939, -0.969382, -0.289768, 0.000242, 0.999998, 0.001939, 0.611184, 0.0, 0.0, 0.0, 1.0],
                [0.996987, -7.6e-05, 0.077572, 0.10368, 0.077572, 0.001952, -0.996984, -0.57265, -7.6e-05, 0.999998, 0.001952, 0.64375, 0.0, 0.0, 0.0, 1.0],
                [0.967201, -0.00025, 0.254014, 0.112705, 0.254014, 0.001938, -0.967198, -0.794367, -0.00025, 0.999998, 0.001938, 0.614066, 0.0, 0.0, 0.0, 1.0],
                [0.920894, -0.000389, 0.389813, 0.119057, 0.389813, 0.001915, -0.920892, -0.908625, -0.000388, 0.999998, 0.001915, 0.572252, 0.0, 0.0, 0.0, 1.0],
                [0.849523, -0.000536, 0.527551, 0.12626, 0.527552, 0.001879, -0.84952, -1.017523, -0.000536, 0.999998, 0.001879, 0.526593, 0.0, 0.0, 0.0, 1.0],
                [0.763869, -0.000671, 0.645371, 0.132618, 0.645371, 0.001835, -0.763866, -1.116348, -0.000671, 0.999998, 0.001835, 0.480934, 0.0, 0.0, 0.0, 1.0],
                [0.684178, -0.000777, 0.729314, 0.136425, 0.729314, 0.001793, -0.684176, -1.200377, -0.000776, 0.999998, 0.001793, 0.442979, 0.0, 0.0, 0.0, 1.0],
                [0.635381, -0.000834, 0.772199, 0.135972, 0.772199, 0.001767, -0.635378, -1.264889, -0.000834, 0.999998, 0.001767, 0.417849, 0.0, 0.0, 0.0, 1.0],
                [0.619408, -0.000852, 0.785069, 0.131658, 0.785069, 0.001758, -0.619406, -1.312553, -0.000852, 0.999998, 0.001758, 0.403769, 0.0, 0.0, 0.0, 1.0],
                [0.620556, -0.000851, 0.784162, 0.125338, 0.784162, 0.001759, -0.620553, -1.350505, -0.000851, 0.999998, 0.001759, 0.394565, 0.0, 0.0, 0.0, 1.0],
                [0.635947, -0.000834, 0.771732, 0.11748, 0.771733, 0.001767, -0.635944, -1.380735, -0.000833, 0.999998, 0.001767, 0.389419, 0.0, 0.0, 0.0, 1.0],
                [0.661162, -0.000804, 0.750243, 0.108556, 0.750243, 0.001781, -0.66116, -1.405234, -0.000804, 0.999998, 0.001781, 0.387511, 0.0, 0.0, 0.0, 1.0],
                [0.691198, -0.000768, 0.722665, 0.099031, 0.722665, 0.001797, -0.691195, -1.425991, -0.000768, 0.999998, 0.001797, 0.388008, 0.0, 0.0, 0.0, 1.0],
                [0.723067, -0.000727, 0.690777, 0.089378, 0.690777, 0.001814, -0.723065, -1.444997, -0.000727, 0.999998, 0.001814, 0.390594, 0.0, 0.0, 0.0, 1.0],
                [0.753468, -0.000686, 0.657484, 0.080066, 0.657485, 0.001829, -0.753465, -1.464242, -0.000686, 0.999998, 0.00183, 0.393179, 0.0, 0.0, 0.0, 1.0],
                [0.778083, -0.000651, 0.628161, 0.071563, 0.628161, 0.001843, -0.778081, -1.485714, -0.000651, 0.999998, 0.001843, 0.395765, 0.0, 0.0, 0.0, 1.0],
                [0.801558, -0.000615, 0.597917, 0.063315, 0.597917, 0.001854, -0.801555, -1.505375, -0.000615, 0.999998, 0.001854, 0.404379, 0.0, 0.0, 0.0, 1.0],
                [0.828132, -0.000573, 0.560533, 0.054936, 0.560533, 0.001868, -0.828129, -1.519741, -0.000573, 0.999998, 0.001868, 0.420893, 0.0, 0.0, 0.0, 1.0],
                [0.857775, -0.000521, 0.514024, 0.04715, 0.514025, 0.001883, -0.857773, -1.531634, -0.000521, 0.999998, 0.001883, 0.437407, 0.0, 0.0, 0.0, 1.0],
                [0.890057, -0.000458, 0.455848, 0.040677, 0.455849, 0.001899, -0.890055, -1.543878, -0.000458, 0.999998, 0.0019, 0.447905, 0.0, 0.0, 0.0, 1.0],
                [0.923461, -0.000382, 0.383692, 0.035594, 0.383692, 0.001916, -0.923459, -1.55885, -0.000382, 0.999998, 0.001916, 0.44841, 0.0, 0.0, 0.0, 1.0],
                [0.953775, -0.000297, 0.300523, 0.031348, 0.300523, 0.001931, -0.953772, -1.575248, -0.000297, 0.999998, 0.001931, 0.442647, 0.0, 0.0, 0.0, 1.0],
                [0.977811, -0.000206, 0.209488, 0.02771, 0.209488, 0.001943, -0.977809, -1.590369, -0.000206, 0.999998, 0.001943, 0.436883, 0.0, 0.0, 0.0, 1.0],
                [0.993183, -0.000114, 0.116562, 0.024454, 0.116562, 0.00195, -0.993181, -1.601519, -0.000114, 0.999998, 0.00195, 0.434517, 0.0, 0.0, 0.0, 1.0],
                [0.999657, -2.6e-05, 0.026203, 0.021358, 0.026203, 0.001954, -0.999654, -1.605992, -2.5e-05, 0.999998, 0.001954, 0.440856, 0.0, 0.0, 0.0, 1.0],
                [0.997916, 6.3e-05, -0.06452, 0.018382, -0.06452, 0.001955, -0.997914, -1.604442, 6.3e-05, 0.999998, 0.001955, 0.45517, 0.0, 0.0, 0.0, 1.0],
                [0.98796, 0.000152, -0.154711, 0.015607, -0.154711, 0.001948, -0.987957, -1.599803, 0.000152, 0.999998, 0.001948, 0.472961, 0.0, 0.0, 0.0, 1.0],
                [0.970871, 0.000236, -0.2396, 0.012983, -0.2396, 0.00194, -0.97087, -1.592784, 0.000236, 0.999998, 0.00194, 0.493434, 0.0, 0.0, 0.0, 1.0],
                [0.947146, 0.000318, -0.320802, 0.010466, -0.320803, 0.001928, -0.947143, -1.584097, 0.000318, 0.999998, 0.001928, 0.516585, 0.0, 0.0, 0.0, 1.0],
                [0.918619, 0.000394, -0.395144, 0.00801, -0.395144, 0.001914, -0.918617, -1.574464, 0.000394, 0.999998, 0.001914, 0.539736, 0.0, 0.0, 0.0, 1.0],
                [0.889318, 0.00046, -0.457288, 0.005563, -0.457289, 0.001899, -0.889315, -1.564593, 0.00046, 0.999998, 0.001899, 0.562887, 0.0, 0.0, 0.0, 1.0],
                [0.860873, 0.000516, -0.508819, 0.003081, -0.50882, 0.001886, -0.86087, -1.555199, 0.000516, 0.999998, 0.001886, 0.586039, 0.0, 0.0, 0.0, 1.0],
                [0.829445, 0.000571, -0.558588, 0.000524, -0.558588, 0.001869, -0.829442, -1.546998, 0.000571, 0.999998, 0.001869, 0.607853, 0.0, 0.0, 0.0, 1.0]
            ]
        },
        {
            "name": "Thigh_R",
            "time": [0.0, 0.0333, 0.0667, 0.1, 0.1333, 0.1667, 0.2, 0.2333, 0.2667, 0.3, 0.3333, 0.3667, 0.4, 0.4333, 0.4667, 0.5, 0.5333, 0.5667, 0.6, 0.6333, 0.6667, 0.7, 0.7333, 0.7667, 0.8, 0.8333, 0.8667, 0.9, 0.9333, 0.9667, 1.0, 1.0333, 1.0667, 1.1, 1.1333, 1.1667],
            "transform": [
                [0.90722, 0.409084, -0.097983, 0.124994, 0.392153, -0.738212, 0.54887, -0.002831, 0.152201, -0.536373, -0.830143, -1.2e-05, 0.0, 0.0, 0.0, 1.0],
                [0.91743, 0.381308, -0.113691, 0.124994, 0.372949, -0.724482, 0.579684, -0.002831, 0.138671, -0.574223, -0.806869, -1.2e-05, 0.0, 0.0, 0.0, 1.0],
                [0.935825, 0.342261, -0.084186, 0.124994, 0.316635, -0.711443, 0.627368, -0.002831, 0.15483, -0.613765, -0.774157, -1.2e-05, 0.0, 0.0, 0.0, 1.0],
                [0.959729, 0.280281, 0.019009, 0.124994, 0.180317, -0.666496, 0.723372, -0.002831, 0.215417, -0.690816, -0.690194, -1.2e-05, 0.0, 0.0, 0.0, 1.0],
                [0.947164, 0.30986, 0.082854, 0.124994, 0.140081, -0.632, 0.762202, -0.002831, 0.28854, -0.710327, -0.642013, -1.2e-05, 0.0, 0.0, 0.0, 1.0],
                [0.902643, 0.40777, 0.137689, 0.124994, 0.148518, -0.595381, 0.789596, -0.002831, 0.40395, -0.692277, -0.597977, -1.2e-05, 0.0, 0.0, 0.0, 1.0],
                [0.856493, 0.496494, 0.141116, 0.124994, 0.202271, -0.574383, 0.793202, -0.002831, 0.474874, -0.65083, -0.592381, -1.2e-05, 0.0, 0.0, 0.0, 1.0],
                [0.797041, 0.580197, 0.167623, 0.124994, 0.272794, -0.593508, 0.757186, -0.002831, 0.538802, -0.557783, -0.631323, -1.2e-05, 0.0, 0.0, 0.0, 1.0],
                [0.730078, 0.683137, 0.017606, 0.124994, 0.348169, -0.394015, 0.850604, -0.002831, 0.588017, -0.614879, -0.525509, -1.2e-05, 0.0, 0.0, 0.0, 1.0],
                [0.679159, 0.729046, -0.085058, 0.124994, 0.407702, -0.27834, 0.869657, -0.002831, 0.610346, -0.625315, -0.48627, -1.2e-05, 0.0, 0.0, 0.0, 1.0],
                [0.665119, 0.738641, -0.10967, 0.124994, 0.43284, -0.261673, 0.862655, -0.002831, 0.608496, -0.621238, -0.493756, -1.2e-05, 0.0, 0.0, 0.0, 1.0],
                [0.681689, 0.731089, -0.028459, 0.124994, 0.418797, -0.358013, 0.834526, -0.002831, 0.599924, -0.580807, -0.550231, -1.2e-05, 0.0, 0.0, 0.0, 1.0],
                [0.701443, 0.69622, 0.152495, 0.124994, 0.379692, -0.5461, 0.746731, -0.002831, 0.603167, -0.465889, -0.647406, -1.1e-05, 0.0, 0.0, 0.0, 1.0],
                [0.702933, 0.611479, 0.363288, 0.124994, 0.346111, -0.740292, 0.576345, -0.002831, 0.621362, -0.279394, -0.732015, -1.1e-05, 0.0, 0.0, 0.0, 1.0],
                [0.692133, 0.492319, 0.527801, 0.124994, 0.339698, -0.8674, 0.363623, -0.002831, 0.636834, -0.072383, -0.767595, -1.2e-05, 0.0, 0.0, 0.0, 1.0],
                [0.682927, 0.414965, 0.601177, 0.124994, 0.362081, -0.907064, 0.214786, -0.002831, 0.634435, 0.070992, -0.769708, -1.1e-05, 0.0, 0.0, 0.0, 1.0],
                [0.677993, 0.486006, 0.551475, 0.124994, 0.392808, -0.873678, 0.287034, -0.002831, 0.621312, 0.022017, -0.783253, -1.1e-05, 0.0, 0.0, 0.0, 1.0],
                [0.673715, 0.536577, 0.508127, 0.124994, 0.417936, -0.843725, 0.336833, -0.002831, 0.609457, -0.014564, -0.792685, -1.1e-05, 0.0, 0.0, 0.0, 1.0],
                [0.672205, 0.573304, 0.468469, 0.124994, 0.434988, -0.817849, 0.376707, -0.002831, 0.599105, -0.049445, -0.799141, -1.1e-05, 0.0, 0.0, 0.0, 1.0],
                [0.67015, 0.60501, 0.429954, 0.124994, 0.448126, -0.79159, 0.415413, -0.002831, 0.591678, -0.085716, -0.801604, -1.2e-05, 0.0, 0.0, 0.0, 1.0],
                [0.670289, 0.624947, 0.400191, 0.124994, 0.454858, -0.77208, 0.443843, -0.002831, 0.586359, -0.115473, -0.801777, -1.2e-05, 0.0, 0.0, 0.0, 1.0],
                [0.670901, 0.643039, 0.369313, 0.124994, 0.461222, -0.751828, 0.471199, -0.002831, 0.580659, -0.145792, -0.800985, -1.2e-05, 0.0, 0.0, 0.0, 1.0],
                [0.668726, 0.666861, 0.328789, 0.124994, 0.467207, -0.720894, 0.511888, -0.002831, 0.578381, -0.1887, -0.793641, -1.2e-05, 0.0, 0.0, 0.0, 1.0],
                [0.65764, 0.701438, 0.274763, 0.124994, 0.475004, -0.66919, 0.57145, -0.002831, 0.584706, -0.245295, -0.77327, -1.1e-05, 0.0, 0.0, 0.0, 1.0],
                [0.643691, 0.735391, 0.211808, 0.124994, 0.477111, -0.602024, 0.640258, -0.002831, 0.598355, -0.311072, -0.73838, -1.1e-05, 0.0, 0.0, 0.0, 1.0],
                [0.639756, 0.754316, 0.147379, 0.124994, 0.468974, -0.535043, 0.702702, -0.002831, 0.608916, -0.38044, -0.69605, -1.1e-05, 0.0, 0.0, 0.0, 1.0],
                [0.659716, 0.746096, 0.090093, 0.124994, 0.454761, -0.491772, 0.74253, -0.002831, 0.598306, -0.448888, -0.663724, -1.2e-05, 0.0, 0.0, 0.0, 1.0],
                [0.695206, 0.71702, 0.050701, 0.124994, 0.441435, -0.48154, 0.757134, -0.002831, 0.567297, -0.503983, -0.651287, -1.2e-05, 0.0, 0.0, 0.0, 1.0],
                [0.732683, 0.680033, 0.027037, 0.124994, 0.429047, -0.492372, 0.757289, -0.002831, 0.528294, -0.543253, -0.652518, -1.1e-05, 0.0, 0.0, 0.0, 1.0],
                [0.765495, 0.643304, 0.013381, 0.124994, 0.421785, -0.517387, 0.744584, -0.002831, 0.485918, -0.564332, -0.667392, -1.2e-05, 0.0, 0.0, 0.0, 1.0],
                [0.799715, 0.60038, 0.000771, 0.124994, 0.412404, -0.550259, 0.726041, -0.002831, 0.436326, -0.580308, -0.687649, -1.2e-05, 0.0, 0.0, 0.0, 1.0],
                [0.829506, 0.558497, -0.000276, 0.124994, 0.407102, -0.604307, 0.684894, -0.002831, 0.382345, -0.568237, -0.728641, -1.2e-05, 0.0, 0.0, 0.0, 1.0],
                [0.855603, 0.5173, -0.018537, 0.124994, 0.402196, -0.641829, 0.652911, -0.002831, 0.325854, -0.566089, -0.757206, -1.1e-05, 0.0, 0.0, 0.0, 1.0],
                [0.875557, 0.48189, -0.03439, 0.124994, 0.39752, -0.67815, 0.618133, -0.002831, 0.274551, -0.554882, -0.785319, -1.1e-05, 0.0, 0.0, 0.0, 1.0],
                [0.892083, 0.448578, -0.054446, 0.124994, 0.391012, -0.705922, 0.590578, -0.002831, 0.226485, -0.548135, -0.80514, -1.2e-05, 0.0, 0.0, 0.0, 1.0],
                [0.904202, 0.420384, -0.07546, 0.124994, 0.387444, -0.732992, 0.559116, -0.002831, 0.179731, -0.534792, -0.825647, -1.2e-05, 0.0, 0.0, 0.0, 1.0]
            ]
        },
        {
            "name": "Leg_R",
            "time": [0.0, 0.0333, 0.0667, 0.1, 0.1333, 0.1667, 0.2, 0.2333, 0.2667, 0.3, 0.3333, 0.3667, 0.4, 0.4333, 0.4667, 0.5, 0.5333, 0.5667, 0.6, 0.6333, 0.6667, 0.7, 0.7333, 0.7667, 0.8, 0.8333, 0.8667, 0.9, 0.9333, 0.9667, 1.0, 1.0333, 1.0667, 1.1, 1.1333, 1.1667],
            "transform": [
                [0.999998, -0.001905, 0.000438, 0.0, 0.000438, 0.436951, 0.899485, 0.37472, -0.001905, -0.899483, 0.436951, -0.0, 0.0, 0.0, 0.0, 1.0],
                [0.999999, -0.00193, 0.000313, 0.0, 0.000313, 0.315966, 0.94877, 0.37472, -0.00193, -0.948768, 0.315966, -0.0, 0.0, 0.0, 0.0, 1.0],
                [0.999999, -0.001943, 0.000219, 0.0, 0.000219, 0.222466, 0.97494, 0.37472, -0.001943, -0.974938, 0.222466, 0.0, 0.0, 0.0, 0.0, 1.0],
                [0.999999, -0.001937, 0.000268, 0.0, 0.000268, 0.271633, 0.9624, 0.37472, -0.001937, -0.962399, 0.271633, 0.0, 0.0, 0.0, 0.0, 1.0],
                [0.999999, -0.001876, 0.00055, -0.0, 0.000549, 0.53957, 0.84194, 0.37472, -0.001876, -0.841937, 0.539571, -0.0, 0.0, 0.0, 0.0, 1.0],
                [0.999998, -0.001774, 0.000821, -0.0, 0.000821, 0.762304, 0.647219, 0.37472, -0.001774, -0.647216, 0.762305, 0.0, 0.0, 0.0, 0.0, 1.0],
                [0.999998, -0.001708, 0.000951, -0.0, 0.000949, 0.849544, 0.527516, 0.37472, -0.001709, -0.527513, 0.849546, 0.0, 0.0, 0.0, 0.0, 1.0],
                [0.999998, -0.001574, 0.001158, -0.0, 0.001156, 0.954214, 0.299119, 0.37472, -0.001576, -0.299116, 0.954217, 0.0, 0.0, 0.0, 0.0, 1.0],
                [0.999999, -0.001817, 0.00072, -0.0, 0.000721, 0.685481, 0.72809, 0.37472, -0.001816, -0.728087, 0.685482, 0.0, 0.0, 0.0, 0.0, 1.0],
                [1.0, -0.001925, 0.000334, 0.0, 0.000337, 0.338407, 0.940999, 0.37472, -0.001925, -0.940997, 0.338407, 0.0, 0.0, 0.0, 0.0, 1.0],
                [1.0, -0.001954, 6e-06, -0.0, 1e-05, 0.0078, 0.999969, 0.37472, -0.001954, -0.999967, 0.0078, -0.0, 0.0, 0.0, 0.0, 1.0],
                [1.000001, -0.001942, -0.000231, -0.0, -0.000227, -0.232768, 0.972531, 0.37472, -0.001942, -0.972528, -0.232768, 0.0, 0.0, 0.0, 0.0, 1.0],
                [1.0, -0.001926, -0.000339, -0.0, -0.000334, -0.339197, 0.940714, 0.37472, -0.001927, -0.940713, -0.339196, -0.0, 0.0, 0.0, 0.0, 1.0],
                [1.0, -0.001931, -0.000315, -0.0, -0.000311, -0.315963, 0.948771, 0.37472, -0.001931, -0.948767, -0.315963, -0.0, 0.0, 0.0, 0.0, 1.0],
                [1.0, -0.001947, -0.000195, -0.0, -0.000191, -0.196405, 0.980523, 0.37472, -0.001948, -0.980518, -0.196405, -0.0, 0.0, 0.0, 0.0, 1.0],
                [1.0, -0.001955, -7.5e-05, 0.0, -7.2e-05, -0.074758, 0.997202, 0.37472, -0.001955, -0.997198, -0.074758, -0.0, 0.0, 0.0, 0.0, 1.0],
                [1.0, -0.001953, -0.000118, 0.0, -0.000115, -0.119317, 0.992856, 0.37472, -0.001953, -0.992852, -0.119317, -0.0, 0.0, 0.0, 0.0, 1.0],
                [1.000001, -0.001951, -0.000141, -0.0, -0.000137, -0.14209, 0.989854, 0.37472, -0.001951, -0.989849, -0.14209, 0.0, 0.0, 0.0, 0.0, 1.0],
                [1.000001, -0.001949, -0.000157, -0.0, -0.000154, -0.158302, 0.987391, 0.37472, -0.00195, -0.987386, -0.158302, -0.0, 0.0, 0.0, 0.0, 1.0],
                [1.000001, -0.001949, -0.000159, 0.0, -0.000155, -0.160093, 0.987102, 0.37472, -0.00195, -0.987098, -0.160093, -0.0, 0.0, 0.0, 0.0, 1.0],
                [1.000001, -0.001951, -0.000136, 0.0, -0.000133, -0.136987, 0.990572, 0.37472, -0.001951, -0.990569, -0.136987, 0.0, 0.0, 0.0, 0.0, 1.0],
                [1.000001, -0.001952, -0.000114, -0.0, -0.000109, -0.113805, 0.993502, 0.37472, -0.001952, -0.9935, -0.113805, 0.0, 0.0, 0.0, 0.0, 1.0],
                [1.000001, -0.001953, -0.000106, -0.0, -0.000101, -0.105508, 0.994417, 0.37472, -0.001953, -0.994415, -0.105508, -0.0, 0.0, 0.0, 0.0, 1.0],
                [1.000001, -0.001951, -0.000126, 0.0, -0.000122, -0.126635, 0.991948, 0.37472, -0.001951, -0.991947, -0.126635, 0.0, 0.0, 0.0, 0.0, 1.0],
                [1.000001, -0.001949, -0.000158, 0.0, -0.000155, -0.159855, 0.987139, 0.37472, -0.001949, -0.987138, -0.159855, -0.0, 0.0, 0.0, 0.0, 1.0],
                [1.0, -0.001945, -0.000191, 0.0, -0.000188, -0.192896, 0.981218, 0.37472, -0.001946, -0.981217, -0.192895, 0.0, 0.0, 0.0, 0.0, 1.0],
                [1.000001, -0.001943, -0.000206, 0.0, -0.000202, -0.207748, 0.978181, 0.37472, -0.001944, -0.978179, -0.207748, 0.0, 0.0, 0.0, 0.0, 1.0],
                [1.000001, -0.001946, -0.00019, -0.0, -0.000188, -0.192896, 0.981218, 0.37472, -0.001946, -0.981217, -0.192895, -0.0, 0.0, 0.0, 0.0, 1.0],
                [0.999999, -0.001949, -0.000151, 0.0, -0.000149, -0.152913, 0.988238, 0.37472, -0.001949, -0.988238, -0.152913, -0.0, 0.0, 0.0, 0.0, 1.0],
                [0.999999, -0.001952, -9.8e-05, -0.0, -9.6e-05, -0.099026, 0.995083, 0.37472, -0.001952, -0.995084, -0.099026, -0.0, 0.0, 0.0, 0.0, 1.0],
                [1.0, -0.001955, -2.9e-05, -0.0, -2.6e-05, -0.028129, 0.999603, 0.37472, -0.001955, -0.999602, -0.028129, 0.0, 0.0, 0.0, 0.0, 1.0],
                [1.0, -0.001954, 8.2e-05, 0.0, 8.3e-05, 0.08413, 0.996454, 0.37472, -0.001953, -0.996453, 0.08413, -0.0, 0.0, 0.0, 0.0, 1.0],
                [0.999999, -0.001947, 0.000176, 0.0, 0.000177, 0.17968, 0.983724, 0.37472, -0.001947, -0.983723, 0.17968, -0.0, 0.0, 0.0, 0.0, 1.0],
                [1.0, -0.001936, 0.000272, -0.0, 0.000272, 0.275797, 0.961215, 0.37472, -0.001936, -0.961214, 0.275797, 0.0, 0.0, 0.0, 0.0, 1.0],
                [0.999999, -0.001923, 0.000353, 0.0, 0.000354, 0.355773, 0.934572, 0.37472, -0.001923, -0.93457, 0.355773, 0.0, 0.0, 0.0, 0.0, 1.0],
                [0.999999, -0.001905, 0.000439, 0.0, 0.000439, 0.437684, 0.899129, 0.37472, -0.001905, -0.899126, 0.437685, -0.0, 0.0, 0.0, 0.0, 1.0]
            ]
        },
        {
            "name": "Knee_R",
            "time": [0.0, 1.1667],
            "transform": [
                [1.0, 0.0, -0.0, 0.0, -0.0, 1e-06, -1.0, 0.37472, -0.0, 1.0, 1e-06, -0.0, 0.0, 0.0, 0.0, 1.0],
                [1.0, 0.0, -0.0, 0.0, -0.0, 1e-06, -1.0, 0.37472, -0.0, 1.0, 1e-06, -0.0, 0.0, 0.0, 0.0, 1.0]
            ]
        },
        {
            "name": "Thigh_L",
            "time": [0.0, 0.0333, 0.0667, 0.1, 0.1333, 0.1667, 0.2, 0.2333, 0.2667, 0.3, 0.3333, 0.3667, 0.4, 0.4333, 0.4667, 0.5, 0.5333, 0.5667, 0.6, 0.6333, 0.6667, 0.7, 0.7333, 0.7667, 0.8, 0.8333, 0.8667, 0.9, 0.9333, 0.9667, 1.0, 1.0333, 1.0667, 1.1, 1.1333, 1.1667],
            "transform": [
                [0.714551, -0.635271, -0.292997, -0.125006, -0.223307, -0.604024, 0.765041, -0.00283, -0.662987, -0.481232, -0.573466, -1.2e-05, 0.0, 0.0, 0.0, 1.0],
                [0.603186, -0.741764, -0.293177, -0.125006, -0.186368, -0.488472, 0.852444, -0.00283, -0.775522, -0.459543, -0.43288, -1.2e-05, 0.0, 0.0, 0.0, 1.0],
                [0.642793, -0.697808, -0.316039, -0.125006, -0.236376, -0.573108, 0.784648, -0.00283, -0.728659, -0.429662, -0.533335, -1.2e-05, 0.0, 0.0, 0.0, 1.0],
                [0.674757, -0.666857, -0.316234, -0.125006, -0.290145, -0.633661, 0.717139, -0.00283, -0.678616, -0.39214, -0.621053, -1.2e-05, 0.0, 0.0, 0.0, 1.0],
                [0.633508, -0.711561, -0.303889, -0.125006, -0.359408, -0.618435, 0.69883, -0.00283, -0.685197, -0.333494, -0.647524, -1.2e-05, 0.0, 0.0, 0.0, 1.0],
                [0.582672, -0.738158, -0.340022, -0.125006, -0.349277, -0.605218, 0.715343, -0.00283, -0.733825, -0.298048, -0.610465, -1.2e-05, 0.0, 0.0, 0.0, 1.0],
                [0.511427, -0.782236, -0.355736, -0.125006, -0.506802, -0.608875, 0.610264, -0.00283, -0.693971, -0.131818, -0.707834, -1.2e-05, 0.0, 0.0, 0.0, 1.0],
                [0.452131, -0.814101, -0.364439, -0.125006, -0.638133, -0.580708, 0.505534, -0.00283, -0.62319, 0.003994, -0.782061, -1.1e-05, 0.0, 0.0, 0.0, 1.0],
                [0.427486, -0.831103, -0.355699, -0.125006, -0.70862, -0.552377, 0.439018, -0.00283, -0.56135, 0.064382, -0.82507, -1.2e-05, 0.0, 0.0, 0.0, 1.0],
                [0.495616, -0.860099, -0.120799, -0.125006, -0.662216, -0.464201, 0.588206, -0.00283, -0.561992, -0.211529, -0.799638, -1.2e-05, 0.0, 0.0, 0.0, 1.0],
                [0.55142, -0.834209, 0.005519, -0.125006, -0.618503, -0.404378, 0.673745, -0.00283, -0.559813, -0.374929, -0.738943, -1.2e-05, 0.0, 0.0, 0.0, 1.0],
                [0.586634, -0.808144, 0.052568, -0.125006, -0.581726, -0.375337, 0.721607, -0.002831, -0.563432, -0.453899, -0.690304, -1.2e-05, 0.0, 0.0, 0.0, 1.0],
                [0.609435, -0.789979, 0.06723, -0.125006, -0.551965, -0.361881, 0.751249, -0.00283, -0.569144, -0.494945, -0.656585, -1.2e-05, 0.0, 0.0, 0.0, 1.0],
                [0.62539, -0.777831, 0.062176, -0.125006, -0.529059, -0.364101, 0.766503, -0.00283, -0.573572, -0.512257, -0.639224, -1.2e-05, 0.0, 0.0, 0.0, 1.0],
                [0.638418, -0.768363, 0.045173, -0.125006, -0.512084, -0.380199, 0.770207, -0.00283, -0.574624, -0.514845, -0.636192, -1.2e-05, 0.0, 0.0, 0.0, 1.0],
                [0.65397, -0.756166, 0.023133, -0.125006, -0.499072, -0.408236, 0.764375, -0.002831, -0.568552, -0.511423, -0.644356, -1.2e-05, 0.0, 0.0, 0.0, 1.0],
                [0.672211, -0.740358, -0.000815, -0.125006, -0.485886, -0.44199, 0.754028, -0.00283, -0.558613, -0.50647, -0.656841, -1.2e-05, 0.0, 0.0, 0.0, 1.0],
                [0.694666, -0.718931, -0.024023, -0.125006, -0.468692, -0.477702, 0.743053, -0.00283, -0.54568, -0.504914, -0.6688, -1.2e-05, 0.0, 0.0, 0.0, 1.0],
                [0.718352, -0.694188, -0.045535, -0.125007, -0.444412, -0.508268, 0.737673, -0.00283, -0.535228, -0.509672, -0.673621, -1.1e-05, 0.0, 0.0, 0.0, 1.0],
                [0.741441, -0.666504, -0.077695, -0.125006, -0.411935, -0.543506, 0.731375, -0.00283, -0.529693, -0.510265, -0.677535, -1.2e-05, 0.0, 0.0, 0.0, 1.0],
                [0.75862, -0.639975, -0.122179, -0.125007, -0.380016, -0.586947, 0.714898, -0.00283, -0.529231, -0.495905, -0.688471, -1.2e-05, 0.0, 0.0, 0.0, 1.0],
                [0.770394, -0.614998, -0.168139, -0.125006, -0.352022, -0.630178, 0.692066, -0.00283, -0.531578, -0.473974, -0.701978, -1.2e-05, 0.0, 0.0, 0.0, 1.0],
                [0.777248, -0.592692, -0.211191, -0.125007, -0.325091, -0.665668, 0.671715, -0.00283, -0.538704, -0.453433, -0.710068, -1.2e-05, 0.0, 0.0, 0.0, 1.0],
                [0.781196, -0.573806, -0.245926, -0.125006, -0.301542, -0.691751, 0.656164, -0.002831, -0.546632, -0.438434, -0.71342, -1.1e-05, 0.0, 0.0, 0.0, 1.0],
                [0.782331, -0.558161, -0.27643, -0.125006, -0.280894, -0.712274, 0.643243, -0.00283, -0.555929, -0.425582, -0.714019, -1.2e-05, 0.0, 0.0, 0.0, 1.0],
                [0.783805, -0.541167, -0.304613, -0.125006, -0.261668, -0.732646, 0.628298, -0.00283, -0.563188, -0.412755, -0.715858, -1.1e-05, 0.0, 0.0, 0.0, 1.0],
                [0.785957, -0.521816, -0.331632, -0.125006, -0.247122, -0.756797, 0.605134, -0.00283, -0.566747, -0.393655, -0.723763, -1.2e-05, 0.0, 0.0, 0.0, 1.0],
                [0.792335, -0.494142, -0.357811, -0.125006, -0.237162, -0.789836, 0.565607, -0.00283, -0.562104, -0.36329, -0.743007, -1.2e-05, 0.0, 0.0, 0.0, 1.0],
                [0.812158, -0.476562, -0.336582, -0.125006, -0.196035, -0.766252, 0.611904, -0.00283, -0.549518, -0.43098, -0.715741, -1.1e-05, 0.0, 0.0, 0.0, 1.0],
                [0.847693, -0.470144, -0.245725, -0.125006, -0.174389, -0.68443, 0.707914, -0.00283, -0.501003, -0.557242, -0.662175, -1.2e-05, 0.0, 0.0, 0.0, 1.0],
                [0.870215, -0.47515, -0.130226, -0.125006, -0.195399, -0.575508, 0.794109, -0.00283, -0.452267, -0.665599, -0.59366, -1.2e-05, 0.0, 0.0, 0.0, 1.0],
                [0.868048, -0.493697, -0.052496, -0.125006, -0.236356, -0.503914, 0.830785, -0.00283, -0.43661, -0.708754, -0.55411, -1.2e-05, 0.0, 0.0, 0.0, 1.0],
                [0.848604, -0.526119, -0.055405, -0.125006, -0.254875, -0.498366, 0.828655, -0.00283, -0.463584, -0.689078, -0.55701, -1.2e-05, 0.0, 0.0, 0.0, 1.0],
                [0.819248, -0.562036, -0.113791, -0.125006, -0.254382, -0.534038, 0.806282, -0.00283, -0.51393, -0.631598, -0.580481, -1.1e-05, 0.0, 0.0, 0.0, 1.0],
                [0.782428, -0.594098, -0.186694, -0.125006, -0.245897, -0.570172, 0.78386, -0.00283, -0.572139, -0.567406, -0.592206, -1.2e-05, 0.0, 0.0, 0.0, 1.0],
                [0.713559, -0.635736, -0.294404, -0.125006, -0.225661, -0.606383, 0.762479, -0.00283, -0.663258, -0.477638, -0.576151, -1.2e-05, 0.0, 0.0, 0.0, 1.0]
            ]
        },
        {
            "name": "Leg_L",
            "time": [0.0, 0.0333, 0.0667, 0.1, 0.1333, 0.1667, 0.2, 0.2333, 0.2667, 0.3, 0.3333, 0.3667, 0.4, 0.4333, 0.4667, 0.5, 0.5333, 0.5667, 0.6, 0.6333, 0.6667, 0.7, 0.7333, 0.7667, 0.8, 0.8333, 0.8667, 0.9, 0.9333, 0.9667, 1.0, 1.0333, 1.0667, 1.1, 1.1333, 1.1667],
            "transform": [
                [0.999999, -0.001923, 0.000357, 0.0, 0.000354, 0.357336, 0.933976, 0.37472, -0.001923, -0.933972, 0.357337, -0.0, 0.0, 0.0, 0.0, 1.0],
                [1.0, -0.001939, 0.000259, 0.0, 0.000258, 0.262427, 0.964952, 0.37472, -0.001939, -0.964947, 0.262428, 0.0, 0.0, 0.0, 0.0, 1.0],
                [1.000001, -0.001952, 0.000113, 0.0, 0.000112, 0.114724, 0.993398, 0.37472, -0.001952, -0.993392, 0.114724, 0.0, 0.0, 0.0, 0.0, 1.0],
                [1.0, -0.001955, 4.5e-05, 0.0, 4.2e-05, 0.044435, 0.999013, 0.37472, -0.001955, -0.999007, 0.044435, 0.0, 0.0, 0.0, 0.0, 1.0],
                [1.0, -0.00195, 0.000141, 0.0, 0.00014, 0.142993, 0.989724, 0.37472, -0.00195, -0.989719, 0.142994, -0.0, 0.0, 0.0, 0.0, 1.0],
                [1.0, -0.001933, 0.000294, 0.0, 0.000292, 0.29643, 0.955055, 0.37472, -0.001934, -0.95505, 0.296431, 0.0, 0.0, 0.0, 0.0, 1.0],
                [1.0, -0.001902, 0.000456, -0.0, 0.000453, 0.452237, 0.891898, 0.37472, -0.001902, -0.891893, 0.452238, 0.0, 0.0, 0.0, 0.0, 1.0],
                [1.0, -0.001869, 0.000576, 0.0, 0.000575, 0.562472, 0.826815, 0.37472, -0.001869, -0.826811, 0.562473, 0.0, 0.0, 0.0, 0.0, 1.0],
                [1.000001, -0.001857, 0.000613, -0.0, 0.00061, 0.594189, 0.804324, 0.37472, -0.001858, -0.804319, 0.594191, 0.0, 0.0, 0.0, 0.0, 1.0],
                [1.000001, -0.001934, 0.00029, -0.0, 0.000289, 0.293148, 0.956067, 0.37472, -0.001934, -0.956062, 0.293149, -0.0, 0.0, 0.0, 0.0, 1.0],
                [1.0, -0.001953, 9.5e-05, -0.0, 9.4e-05, 0.096242, 0.995359, 0.37472, -0.001953, -0.995353, 0.096243, 0.0, 0.0, 0.0, 0.0, 1.0],
                [1.000001, -0.001955, -2.6e-05, 0.0, -2.6e-05, -0.026204, 0.999657, 0.37472, -0.001955, -0.999651, -0.026204, 0.0, 0.0, 0.0, 0.0, 1.0],
                [1.000001, -0.001953, -0.000104, 0.0, -0.000106, -0.107356, 0.994221, 0.37472, -0.001953, -0.994215, -0.107356, -0.0, 0.0, 0.0, 0.0, 1.0],
                [1.0, -0.001949, -0.000161, -0.0, -0.000162, -0.164565, 0.986367, 0.37472, -0.001949, -0.986362, -0.164565, 0.0, 0.0, 0.0, 0.0, 1.0],
                [1.0, -0.001946, -0.000198, -0.0, -0.0002, -0.202524, 0.979278, 0.37472, -0.001946, -0.979273, -0.202524, 0.0, 0.0, 0.0, 0.0, 1.0],
                [1.000001, -0.001943, -0.000225, 0.0, -0.000225, -0.228483, 0.973548, 0.37472, -0.001943, -0.973542, -0.228484, 0.0, 0.0, 0.0, 0.0, 1.0],
                [1.000001, -0.00194, -0.000243, 0.0, -0.000244, -0.247248, 0.968953, 0.37472, -0.00194, -0.968947, -0.247249, 0.0, 0.0, 0.0, 0.0, 1.0],
                [1.000001, -0.001939, -0.000259, 0.0, -0.000259, -0.262384, 0.964964, 0.37472, -0.001939, -0.964958, -0.262385, -0.0, 0.0, 0.0, 0.0, 1.0],
                [1.000001, -0.001936, -0.000274, -0.0, -0.000274, -0.277456, 0.960739, 0.37472, -0.001936, -0.960733, -0.277457, -0.0, 0.0, 0.0, 0.0, 1.0],
                [1.0, -0.001937, -0.000273, -0.0, -0.000273, -0.276625, 0.960979, 0.37472, -0.001936, -0.960972, -0.276626, 0.0, 0.0, 0.0, 0.0, 1.0],
                [1.000001, -0.00194, -0.000248, -0.0, -0.000248, -0.251481, 0.967863, 0.37472, -0.00194, -0.967856, -0.251482, -0.0, 0.0, 0.0, 0.0, 1.0],
                [1.000001, -0.001944, -0.000216, -0.0, -0.000217, -0.219878, 0.975528, 0.37472, -0.001944, -0.975522, -0.219879, 0.0, 0.0, 0.0, 0.0, 1.0],
                [1.000001, -0.001946, -0.000196, 0.0, -0.000197, -0.199904, 0.979816, 0.37472, -0.001946, -0.97981, -0.199904, -0.0, 0.0, 0.0, 0.0, 1.0],
                [1.0, -0.001946, -0.0002, -0.0, -0.0002, -0.203395, 0.979097, 0.37472, -0.001945, -0.979091, -0.203396, -0.0, 0.0, 0.0, 0.0, 1.0],
                [1.0, -0.001944, -0.000216, 0.0, -0.000217, -0.219823, 0.97554, 0.37472, -0.001944, -0.975535, -0.219824, -0.0, 0.0, 0.0, 0.0, 1.0],
                [1.0, -0.001941, -0.000232, 0.0, -0.000233, -0.236188, 0.971708, 0.37472, -0.001941, -0.971702, -0.236189, 0.0, 0.0, 0.0, 0.0, 1.0],
                [1.000001, -0.001941, -0.000235, -0.0, -0.000237, -0.2396, 0.970873, 0.37472, -0.001941, -0.970867, -0.239601, 0.0, 0.0, 0.0, 0.0, 1.0],
                [1.000001, -0.001944, -0.000212, -0.0, -0.000213, -0.216422, 0.976301, 0.37472, -0.001944, -0.976294, -0.216423, -0.0, 0.0, 0.0, 0.0, 1.0],
                [1.0, -0.001942, -0.000227, -0.0, -0.000228, -0.231056, 0.972941, 0.37472, -0.001942, -0.972935, -0.231057, -0.0, 0.0, 0.0, 0.0, 1.0],
                [1.0, -0.00194, -0.00025, 0.0, -0.00025, -0.25317, 0.967422, 0.37472, -0.00194, -0.967417, -0.253171, -0.0, 0.0, 0.0, 0.0, 1.0],
                [1.0, -0.001943, -0.000218, 0.0, -0.000219, -0.221603, 0.975138, 0.37472, -0.001943, -0.975132, -0.221604, 0.0, 0.0, 0.0, 0.0, 1.0],
                [1.0, -0.001951, -0.000125, 0.0, -0.000125, -0.127549, 0.991833, 0.37472, -0.001951, -0.991827, -0.127549, 0.0, 0.0, 0.0, 0.0, 1.0],
                [1.0, -0.001955, -3e-06, -0.0, -4e-06, -0.003902, 0.999993, 0.37472, -0.001955, -0.999987, -0.003902, -0.0, 0.0, 0.0, 0.0, 1.0],
                [1.0, -0.00195, 0.000151, 0.0, 0.00015, 0.153812, 0.988101, 0.37472, -0.00195, -0.988095, 0.153812, 0.0, 0.0, 0.0, 0.0, 1.0],
                [1.0, -0.001933, 0.000299, 0.0, 0.000298, 0.301339, 0.953517, 0.37472, -0.001933, -0.953512, 0.30134, -0.0, 0.0, 0.0, 0.0, 1.0],
                [1.0, -0.001923, 0.000357, 0.0, 0.000356, 0.358118, 0.933677, 0.37472, -0.001923, -0.933671, 0.358119, -0.0, 0.0, 0.0, 0.0, 1.0]
            ]
        },
        {
            "name": "Knee_L",
            "time": [0.0, 1.1667],
            "transform": [
                [1.0, 0.0, -0.0, 0.0, -0.0, 1e-06, -1.0, 0.37472, -0.0, 1.0, 1e-06, -0.0, 0.0, 0.0, 0.0, 1.0],
                [1.0, 0.0, -0.0, 0.0, -0.0, 1e-06, -1.0, 0.37472, -0.0, 1.0, 1e-06, -0.0, 0.0, 0.0, 0.0, 1.0]
            ]
        },
        {
            "name": "Torso",
            "time": [0.0, 0.0333, 0.0667, 0.1, 0.1333, 0.1667, 0.2, 0.2333, 0.2667, 0.3, 0.3333, 0.3667, 0.4, 0.4333, 0.4667, 0.5, 0.5333, 0.5667, 0.6, 0.6333, 0.6667, 0.7, 0.7333, 0.7667, 0.8, 0.8333, 0.8667, 0.9, 0.9333, 0.9667, 1.0, 1.0333, 1.0667, 1.1, 1.1333, 1.1667],
            "transform": [
                [0.994373, -0.089283, -0.05703, 0.0, 0.104794, 0.749839, 0.653267, 0.05, -0.015562, -0.655566, 0.754976, -0.0, 0.0, 0.0, 0.0, 1.0],
                [0.983449, -0.065992, -0.168743, -0.0, 0.14601, 0.840101, 0.522407, 0.05, 0.107287, -0.538398, 0.835833, -0.0, 0.0, 0.0, 0.0, 1.0],
                [0.967174, -0.038265, -0.251222, -0.0, 0.146188, 0.892415, 0.426874, 0.05, 0.207861, -0.449585, 0.868716, 0.0, 0.0, 0.0, 0.0, 1.0],
                [0.966497, -0.018777, -0.255994, 0.0, 0.131798, 0.892111, 0.432162, 0.05, 0.220261, -0.451421, 0.864698, -0.0, 0.0, 0.0, 0.0, 1.0],
                [0.969982, -0.035496, -0.240576, -0.0, 0.141597, 0.886726, 0.440072, 0.05, 0.197705, -0.460925, 0.865136, -0.0, 0.0, 0.0, 0.0, 1.0],
                [0.959802, -0.131948, -0.247733, 0.0, 0.204684, 0.932969, 0.296091, 0.05, 0.192059, -0.334894, 0.922475, -0.0, 0.0, 0.0, 0.0, 1.0],
                [0.937787, -0.23657, -0.25415, 0.0, 0.304003, 0.913066, 0.271827, 0.05, 0.16775, -0.332178, 0.92818, -0.0, 0.0, 0.0, 0.0, 1.0],
                [0.901955, -0.350693, -0.25198, -0.0, 0.409816, 0.879078, 0.243455, 0.05, 0.136132, -0.32285, 0.936609, 0.0, 0.0, 0.0, 0.0, 1.0],
                [0.859997, -0.448699, -0.243053, -0.0, 0.499752, 0.836894, 0.22328, 0.05, 0.103224, -0.313485, 0.943966, -0.0, 0.0, 0.0, 0.0, 1.0],
                [0.828757, -0.509016, -0.232518, 0.0, 0.55444, 0.803217, 0.217799, 0.05, 0.0759, -0.309419, 0.947892, -0.0, 0.0, 0.0, 0.0, 1.0],
                [0.823501, -0.52022, -0.226315, -0.0, 0.564452, 0.791364, 0.234808, 0.05, 0.056946, -0.321108, 0.945329, -0.0, 0.0, 0.0, 0.0, 1.0],
                [0.840573, -0.491938, -0.226794, 0.0, 0.539404, 0.798634, 0.266882, 0.05, 0.049836, -0.346666, 0.936664, 0.0, 0.0, 0.0, 0.0, 1.0],
                [0.863822, -0.448211, -0.230044, 0.0, 0.501314, 0.810029, 0.304196, 0.05, 0.049998, -0.378094, 0.924416, 0.0, 0.0, 0.0, 0.0, 1.0],
                [0.889147, -0.395094, -0.230909, -0.0, 0.454498, 0.821292, 0.344833, 0.05, 0.053403, -0.411553, 0.90982, -0.0, 0.0, 0.0, 0.0, 1.0],
                [0.915422, -0.329405, -0.231294, 0.0, 0.397389, 0.830946, 0.38937, 0.05, 0.063933, -0.44835, 0.891569, -0.0, 0.0, 0.0, 0.0, 1.0],
                [0.9376, -0.259576, -0.231359, 0.0, 0.338222, 0.835246, 0.433552, 0.05, 0.080702, -0.484748, 0.870922, 0.0, 0.0, 0.0, 0.0, 1.0],
                [0.955841, -0.184769, -0.228537, 0.0, 0.275711, 0.833013, 0.479658, 0.05, 0.101749, -0.521486, 0.847171, -0.0, 0.0, 0.0, 0.0, 1.0],
                [0.968217, -0.111209, -0.224033, -0.0, 0.215903, 0.823808, 0.52414, 0.05, 0.126272, -0.555849, 0.821636, -0.0, 0.0, 0.0, 0.0, 1.0],
                [0.975181, -0.044286, -0.216941, -0.0, 0.162613, 0.808223, 0.565976, 0.05, 0.150272, -0.587204, 0.795367, 0.0, 0.0, 0.0, 0.0, 1.0],
                [0.977619, 0.020859, -0.209353, 0.0, 0.112875, 0.787737, 0.60558, 0.05, 0.177547, -0.615655, 0.767753, -0.0, 0.0, 0.0, 0.0, 1.0],
                [0.977099, 0.073177, -0.199812, -0.0, 0.073861, 0.76399, 0.640984, 0.05, 0.199561, -0.641061, 0.74109, -0.0, 0.0, 0.0, 0.0, 1.0],
                [0.975198, 0.114483, -0.189435, -0.0, 0.043199, 0.740945, 0.670173, 0.05, 0.217085, -0.661732, 0.717623, 0.0, 0.0, 0.0, 0.0, 1.0],
                [0.973693, 0.142574, -0.177753, 0.0, 0.021839, 0.718091, 0.695605, 0.05, 0.226819, -0.681186, 0.696087, -0.0, 0.0, 0.0, 0.0, 1.0],
                [0.973915, 0.151843, -0.168631, 0.0, 0.014346, 0.700439, 0.713567, 0.05, 0.226467, -0.69737, 0.67999, 0.0, 0.0, 0.0, 0.0, 1.0],
                [0.975379, 0.150687, -0.161031, 0.0, 0.014631, 0.684346, 0.729009, 0.05, 0.220054, -0.713414, 0.665293, 0.0, 0.0, 0.0, 0.0, 1.0],
                [0.97708, 0.146407, -0.15454, 0.0, 0.017516, 0.668197, 0.743777, 0.05, 0.212158, -0.729434, 0.650318, 0.0, 0.0, 0.0, 0.0, 1.0],
                [0.980385, 0.128504, -0.149448, 0.0, 0.028269, 0.65872, 0.751856, 0.05, 0.195062, -0.741331, 0.642167, -0.0, 0.0, 0.0, 0.0, 1.0],
                [0.983443, 0.109391, -0.144485, 0.0, 0.038443, 0.653197, 0.756211, 0.05, 0.177101, -0.749242, 0.638177, 0.0, 0.0, 0.0, 0.0, 1.0],
                [0.986783, 0.081769, -0.13991, -0.0, 0.053023, 0.652919, 0.755569, 0.05, 0.153133, -0.752999, 0.639954, 0.0, 0.0, 0.0, 0.0, 1.0],
                [0.989499, 0.054056, -0.134061, 0.0, 0.065888, 0.656824, 0.751159, 0.05, 0.128659, -0.752101, 0.646366, 0.0, 0.0, 0.0, 0.0, 1.0],
                [0.991791, 0.025629, -0.125283, 0.0, 0.076871, 0.663444, 0.744266, 0.05, 0.102193, -0.747784, 0.656028, -0.0, 0.0, 0.0, 0.0, 1.0],
                [0.993392, -0.002077, -0.114762, -0.0, 0.08616, 0.674086, 0.733609, 0.05, 0.075836, -0.738647, 0.669811, -0.0, 0.0, 0.0, 0.0, 1.0],
                [0.994209, -0.029033, -0.103476, -0.0, 0.095209, 0.684574, 0.722698, 0.05, 0.049855, -0.728362, 0.683375, 0.0, 0.0, 0.0, 0.0, 1.0],
                [0.994559, -0.052601, -0.089928, -0.0, 0.100827, 0.703283, 0.703722, 0.05, 0.026229, -0.708958, 0.704761, 0.0, 0.0, 0.0, 0.0, 1.0],
                [0.994721, -0.071373, -0.073745, -0.0, 0.102499, 0.726919, 0.67903, 0.05, 0.005142, -0.683002, 0.730397, -0.0, 0.0, 0.0, 0.0, 1.0],
                [0.994373, -0.089282, -0.05703, -0.0, 0.104794, 0.749839, 0.653267, 0.05, -0.015562, -0.655566, 0.754976, -0.0, 0.0, 0.0, 0.0, 1.0]
            ]
        },
        {
            "name": "Chest",
            "time": [0.0, 0.0333, 0.0667, 0.1, 0.1333, 0.1667, 0.2, 0.2333, 0.2667, 0.3, 0.3333, 0.3667, 0.4, 0.4333, 0.4667, 0.5, 0.5333, 0.5667, 0.6, 0.6333, 0.6667, 0.7, 0.7333, 0.7667, 0.8, 0.8333, 0.8667, 0.9, 0.9333, 0.9667, 1.0, 1.0333, 1.0667, 1.1, 1.1333, 1.1667],
            "transform": [
                [0.992372, 0.110238, 0.055177, -0.0, -0.073515, 0.8885, -0.452949, 0.3, -0.098957, 0.445439, 0.889825, -0.0, 0.0, 0.0, 0.0, 1.0],
                [0.980505, 0.153822, 0.122259, 0.0, -0.071192, 0.858048, -0.508611, 0.3, -0.18314, 0.489993, 0.85227, 0.0, 0.0, 0.0, 0.0, 1.0],
                [0.967238, 0.193819, 0.163966, 0.0, -0.072567, 0.829993, -0.553033, 0.3, -0.243279, 0.523017, 0.816864, 0.0, 0.0, 0.0, 0.0, 1.0],
                [0.963002, 0.222336, 0.152293, 0.0, -0.095972, 0.810997, -0.577124, 0.3, -0.251825, 0.541157, 0.802329, 0.0, 0.0, 0.0, 0.0, 1.0],
                [0.962083, 0.245522, 0.118801, -0.0, -0.129859, 0.795346, -0.59208, 0.3, -0.239858, 0.554204, 0.797072, -0.0, 0.0, 0.0, 0.0, 1.0],
                [0.96013, 0.26472, 0.089848, 0.0, -0.159409, 0.782473, -0.601934, 0.3, -0.229648, 0.563613, 0.793473, 0.0, 0.0, 0.0, 0.0, 1.0],
                [0.955274, 0.287184, 0.070532, 0.0, -0.18614, 0.769278, -0.611197, 0.3, -0.229784, 0.570734, 0.788327, -0.0, 0.0, 0.0, 0.0, 1.0],
                [0.948812, 0.311812, 0.050292, -0.0, -0.215127, 0.754596, -0.619921, 0.3, -0.231249, 0.57737, 0.783049, -0.0, 0.0, 0.0, 0.0, 1.0],
                [0.942366, 0.333044, 0.032051, -0.0, -0.240093, 0.739841, -0.628483, 0.3, -0.233025, 0.584567, 0.777161, -0.0, 0.0, 0.0, 0.0, 1.0],
                [0.938866, 0.34363, 0.021177, -0.0, -0.25239, 0.728804, -0.636507, 0.3, -0.234157, 0.592251, 0.770978, 0.0, 0.0, 0.0, 0.0, 1.0],
                [0.940917, 0.338086, 0.019325, -0.0, -0.247065, 0.724387, -0.6436, 0.3, -0.231591, 0.600801, 0.765116, -0.0, 0.0, 0.0, 0.0, 1.0],
                [0.946862, 0.320543, 0.026527, 0.0, -0.226876, 0.724079, -0.651334, 0.3, -0.227988, 0.610707, 0.758325, -0.0, 0.0, 0.0, 0.0, 1.0],
                [0.95425, 0.296521, 0.038498, -0.0, -0.198352, 0.724092, -0.660565, 0.3, -0.223748, 0.622709, 0.749779, -0.0, 0.0, 0.0, 0.0, 1.0],
                [0.962208, 0.267601, 0.050443, -0.0, -0.166456, 0.724589, -0.668776, 0.3, -0.215516, 0.635106, 0.741749, 0.0, 0.0, 0.0, 0.0, 1.0],
                [0.969861, 0.234288, 0.066909, -0.0, -0.128243, 0.724338, -0.677412, 0.3, -0.207174, 0.648417, 0.732552, 0.0, 0.0, 0.0, 0.0, 1.0],
                [0.976036, 0.200891, 0.083633, 0.0, -0.089974, 0.722513, -0.685477, 0.3, -0.198132, 0.661527, 0.723274, -0.0, 0.0, 0.0, 0.0, 1.0],
                [0.980827, 0.166247, 0.101687, -0.0, -0.050318, 0.720142, -0.691999, 0.3, -0.188272, 0.673616, 0.714699, 0.0, 0.0, 0.0, 0.0, 1.0],
                [0.984029, 0.131622, 0.119847, -0.0, -0.010763, 0.716019, -0.697996, 0.3, -0.177684, 0.685559, 0.706, -0.0, 0.0, 0.0, 0.0, 1.0],
                [0.985673, 0.101221, 0.13492, -0.0, 0.02274, 0.712859, -0.700938, 0.3, -0.167129, 0.693963, 0.700343, 0.0, 0.0, 0.0, 0.0, 1.0],
                [0.986153, 0.070875, 0.149931, -0.0, 0.056066, 0.708358, -0.703621, 0.3, -0.156075, 0.702285, 0.694575, 0.0, 0.0, 0.0, 0.0, 1.0],
                [0.985867, 0.046748, 0.160875, 0.0, 0.081126, 0.70696, -0.702584, 0.3, -0.146576, 0.705707, 0.693175, -0.0, 0.0, 0.0, 0.0, 1.0],
