{
    "animation": [
        {
            "name": "Root",
            "time": [0.0, 0.0333, 0.0667, 0.1, 0.1333, 0.1667, 0.2, 0.2333, 0.2667, 0.3, 0.3333, 0.3667, 0.4, 0.4333, 0.4667, 0.5, 0.5333, 0.5667, 0.6, 0.6333, 0.6667, 0.7, 0.7333, 0.7667, 0.8, 0.8333, 0.8667, 0.9, 0.9333, 0.9667, 1.0, 1.0333, 1.0667, 1.1, 1.1333, 1.1667, 1.2, 1.2333, 1.2667, 1.3, 1.3333, 1.3667, 1.4, 1.4333, 1.4667, 1.5, 1.5333, 1.5667, 1.6, 1.6333, 1.6667, 1.7, 1.7333, 1.7667, 1.8, 1.8333, 1.8667, 1.9, 1.9333, 1.9667, 2.0, 2.0333, 2.0667, 2.1, 2.1333, 2.1667, 2.2, 2.2333, 2.2667, 2.3, 2.3333, 2.3667, 2.4, 2.4333, 2.4667, 2.5, 2.5333, 2.5667, 2.6, 2.6333, 2.6667, 2.7, 2.7333, 2.7667, 2.8, 2.8333, 2.8667, 2.9, 2.9333, 2.9667, 3.0],
            "transform": [
                [0.829882, 0.00057, -0.557938, 0.000528, -0.557939, 0.001869, -0.829879, 0.001731, 0.00057, 0.999998, 0.001869, 0.569787, 0.0, 0.0, 0.0, 1.0],
                [0.829877, 0.00057, -0.557946, 0.000149, -0.557948, 0.001869, -0.829873, 0.002413, 0.00057, 0.999998, 0.001869, 0.568369, 0.0, 0.0, 0.0, 1.0],
                [0.829861, 0.00057, -0.55797, -0.000266, -0.557971, 0.001869, -0.829857, 0.003066, 0.00057, 0.999998, 0.001869, 0.566873, 0.0, 0.0, 0.0, 1.0],
                [0.829835, 0.00057, -0.558008, -0.000706, -0.558009, 0.001869, -0.829832, 0.003695, 0.00057, 0.999998, 0.001869, 0.565319, 0.0, 0.0, 0.0, 1.0],
                [0.829801, 0.00057, -0.558059, -0.001162, -0.55806, 0.001869, -0.829798, 0.004304, 0.00057, 0.999998, 0.001869, 0.563731, 0.0, 0.0, 0.0, 1.0],
                [0.82976, 0.00057, -0.558121, -0.001621, -0.558122, 0.001869, -0.829756, 0.004899, 0.00057, 0.999998, 0.001869, 0.562129, 0.0, 0.0, 0.0, 1.0],
                [0.829711, 0.00057, -0.558193, -0.002074, -0.558194, 0.001869, -0.829708, 0.005485, 0.00057, 0.999998, 0.001869, 0.560536, 0.0, 0.0, 0.0, 1.0],
                [0.829656, 0.00057, -0.558274, -0.002509, -0.558274, 0.001869, -0.829654, 0.006065, 0.00057, 0.999998, 0.001869, 0.558972, 0.0, 0.0, 0.0, 1.0],
                [0.829597, 0.00057, -0.558362, -0.002917, -0.558363, 0.001869, -0.829594, 0.006644, 0.00057, 0.999998, 0.001869, 0.557461, 0.0, 0.0, 0.0, 1.0],
                [0.829534, 0.00057, -0.558456, -0.003286, -0.558457, 0.001869, -0.829531, 0.007228, 0.000571, 0.999998, 0.001869, 0.556023, 0.0, 0.0, 0.0, 1.0],
                [0.829467, 0.000571, -0.558555, -0.003606, -0.558556, 0.001869, -0.829464, 0.007821, 0.000571, 0.999998, 0.001869, 0.55468, 0.0, 0.0, 0.0, 1.0],
                [0.829399, 0.000571, -0.558657, -0.003865, -0.558658, 0.001869, -0.829395, 0.008428, 0.000571, 0.999998, 0.001869, 0.553455, 0.0, 0.0, 0.0, 1.0],
                [0.829328, 0.000571, -0.558761, -0.004054, -0.558762, 0.001869, -0.829325, 0.009054, 0.000571, 0.999998, 0.001869, 0.552369, 0.0, 0.0, 0.0, 1.0],
                [0.829258, 0.000571, -0.558866, -0.004162, -0.558867, 0.001869, -0.829255, 0.009702, 0.000571, 0.999998, 0.001869, 0.551443, 0.0, 0.0, 0.0, 1.0],
                [0.829188, 0.000571, -0.55897, -0.004178, -0.558971, 0.001869, -0.829185, 0.010379, 0.000571, 0.999998, 0.001869, 0.550692, 0.0, 0.0, 0.0, 1.0],
                [0.829119, 0.000571, -0.559072, -0.004091, -0.559073, 0.001869, -0.829116, 0.011088, 0.000571, 0.999998, 0.001869, 0.550102, 0.0, 0.0, 0.0, 1.0],
                [0.829053, 0.000571, -0.55917, -0.00389, -0.559171, 0.001869, -0.82905, 0.011835, 0.000571, 0.999998, 0.001869, 0.549652, 0.0, 0.0, 0.0, 1.0],
                [0.82899, 0.000571, -0.559263, -0.003566, -0.559264, 0.001869, -0.828987, 0.012623, 0.000571, 0.999998, 0.001869, 0.549318, 0.0, 0.0, 0.0, 1.0],
                [0.828931, 0.000571, -0.559351, -0.003112, -0.559352, 0.001869, -0.828928, 0.013455, 0.000571, 0.999998, 0.001869, 0.549081, 0.0, 0.0, 0.0, 1.0],
                [0.828877, 0.000572, -0.559431, -0.002543, -0.559432, 0.001869, -0.828874, 0.014318, 0.000572, 0.999998, 0.001869, 0.548919, 0.0, 0.0, 0.0, 1.0],
                [0.828829, 0.000572, -0.559501, -0.001879, -0.559503, 0.001869, -0.828825, 0.015196, 0.000572, 0.999998, 0.001869, 0.548809, 0.0, 0.0, 0.0, 1.0],
                [0.828788, 0.000572, -0.559562, -0.001139, -0.559563, 0.001869, -0.828785, 0.016075, 0.000572, 0.999998, 0.001869, 0.548733, 0.0, 0.0, 0.0, 1.0],
                [0.828755, 0.000572, -0.559611, -0.000343, -0.559612, 0.001868, -0.828752, 0.016937, 0.000572, 0.999998, 0.001868, 0.548688, 0.0, 0.0, 0.0, 1.0],
                [0.828731, 0.000572, -0.559648, 0.00049, -0.559649, 0.001868, -0.828727, 0.01777, 0.000572, 0.999998, 0.001868, 0.548672, 0.0, 0.0, 0.0, 1.0],
                [0.828715, 0.000572, -0.55967, 0.00134, -0.559671, 0.001869, -0.828712, 0.018555, 0.000572, 0.999998, 0.001868, 0.548684, 0.0, 0.0, 0.0, 1.0],
                [0.828712, 0.000572, -0.559676, 0.002187, -0.559677, 0.001868, -0.828708, 0.019279, 0.000572, 0.999998, 0.001868, 0.548723, 0.0, 0.0, 0.0, 1.0],
                [0.828718, 0.000572, -0.559666, 0.003011, -0.559666, 0.001868, -0.828716, 0.019925, 0.000572, 0.999998, 0.001868, 0.548787, 0.0, 0.0, 0.0, 1.0],
                [0.828738, 0.000572, -0.559636, 0.003794, -0.559637, 0.001868, -0.828735, 0.020479, 0.000572, 0.999998, 0.001868, 0.548877, 0.0, 0.0, 0.0, 1.0],
                [0.828771, 0.000572, -0.559588, 0.004515, -0.559589, 0.001869, -0.828767, 0.020924, 0.000572, 0.999998, 0.001869, 0.54899, 0.0, 0.0, 0.0, 1.0],
                [0.828818, 0.000572, -0.559518, 0.005155, -0.559519, 0.001868, -0.828815, 0.021245, 0.000572, 0.999998, 0.001869, 0.549125, 0.0, 0.0, 0.0, 1.0],
                [0.82888, 0.000572, -0.559426, 0.005747, -0.559427, 0.001869, -0.828877, 0.021448, 0.000572, 0.999998, 0.001869, 0.549283, 0.0, 0.0, 0.0, 1.0],
                [0.828958, 0.000571, -0.55931, 0.006336, -0.559311, 0.001869, -0.828955, 0.021553, 0.000571, 0.999998, 0.001869, 0.549461, 0.0, 0.0, 0.0, 1.0],
                [0.829053, 0.000571, -0.559169, 0.006919, -0.55917, 0.001869, -0.82905, 0.021566, 0.000571, 0.999998, 0.001869, 0.549658, 0.0, 0.0, 0.0, 1.0],
                [0.829167, 0.000571, -0.559001, 0.007492, -0.559002, 0.001869, -0.829163, 0.021493, 0.000571, 0.999998, 0.001869, 0.549873, 0.0, 0.0, 0.0, 1.0],
                [0.829298, 0.000571, -0.558806, 0.008052, -0.558807, 0.001869, -0.829295, 0.02134, 0.000571, 0.999998, 0.001869, 0.550106, 0.0, 0.0, 0.0, 1.0],
                [0.829441, 0.000571, -0.558595, 0.008595, -0.558595, 0.001869, -0.829438, 0.021113, 0.000571, 0.999998, 0.001869, 0.550355, 0.0, 0.0, 0.0, 1.0],
                [0.829585, 0.00057, -0.55838, 0.009119, -0.55838, 0.001869, -0.829583, 0.020819, 0.00057, 0.999998, 0.001869, 0.55062, 0.0, 0.0, 0.0, 1.0],
                [0.829733, 0.00057, -0.558161, 0.009619, -0.558162, 0.001869, -0.829729, 0.020464, 0.00057, 0.999998, 0.001869, 0.550898, 0.0, 0.0, 0.0, 1.0],
                [0.829881, 0.00057, -0.557941, 0.010093, -0.557941, 0.001869, -0.829878, 0.020054, 0.00057, 0.999998, 0.001869, 0.55119, 0.0, 0.0, 0.0, 1.0],
                [0.830029, 0.00057, -0.557719, 0.010536, -0.55772, 0.001869, -0.830026, 0.019595, 0.00057, 0.999998, 0.001869, 0.551493, 0.0, 0.0, 0.0, 1.0],
                [0.830178, 0.000569, -0.557498, 0.010947, -0.557499, 0.001869, -0.830175, 0.019093, 0.00057, 0.999998, 0.001869, 0.551807, 0.0, 0.0, 0.0, 1.0],
                [0.830327, 0.000569, -0.557276, 0.01132, -0.557277, 0.001869, -0.830324, 0.018555, 0.000569, 0.999998, 0.001869, 0.552132, 0.0, 0.0, 0.0, 1.0],
                [0.830475, 0.000569, -0.557056, 0.011654, -0.557057, 0.001869, -0.830472, 0.017987, 0.000569, 0.999998, 0.001869, 0.552464, 0.0, 0.0, 0.0, 1.0],
                [0.830622, 0.000569, -0.556837, 0.011946, -0.556838, 0.001869, -0.830618, 0.01739, 0.000569, 0.999998, 0.001869, 0.552807, 0.0, 0.0, 0.0, 1.0],
                [0.830765, 0.000568, -0.556623, 0.012188, -0.556624, 0.001869, -0.830762, 0.016783, 0.000568, 0.999998, 0.001869, 0.553152, 0.0, 0.0, 0.0, 1.0],
                [0.830906, 0.000568, -0.556412, 0.012381, -0.556413, 0.00187, -0.830903, 0.016161, 0.000568, 0.999998, 0.00187, 0.553505, 0.0, 0.0, 0.0, 1.0],
                [0.831045, 0.000568, -0.556206, 0.012521, -0.556207, 0.00187, -0.831042, 0.015533, 0.000568, 0.999998, 0.00187, 0.553862, 0.0, 0.0, 0.0, 1.0],
                [0.83118, 0.000568, -0.556004, 0.012604, -0.556005, 0.00187, -0.831176, 0.014905, 0.000568, 0.999998, 0.00187, 0.554518, 0.0, 0.0, 0.0, 1.0],
                [0.83131, 0.000568, -0.555809, 0.012635, -0.55581, 0.00187, -0.831306, 0.014277, 0.000567, 0.999998, 0.00187, 0.555232, 0.0, 0.0, 0.0, 1.0],
                [0.831435, 0.000567, -0.555621, 0.012613, -0.555622, 0.00187, -0.831432, 0.013648, 0.000567, 0.999998, 0.00187, 0.555999, 0.0, 0.0, 0.0, 1.0],
                [0.831555, 0.000567, -0.555442, 0.012543, -0.555443, 0.00187, -0.831552, 0.013016, 0.000567, 0.999998, 0.00187, 0.55681, 0.0, 0.0, 0.0, 1.0],
                [0.83167, 0.000567, -0.55527, 0.012427, -0.555271, 0.00187, -0.831666, 0.012383, 0.000567, 0.999998, 0.00187, 0.557661, 0.0, 0.0, 0.0, 1.0],
                [0.831777, 0.000567, -0.555109, 0.012268, -0.55511, 0.00187, -0.831774, 0.011745, 0.000567, 0.999998, 0.00187, 0.558544, 0.0, 0.0, 0.0, 1.0],
                [0.831878, 0.000566, -0.554958, 0.012068, -0.554959, 0.00187, -0.831875, 0.011103, 0.000567, 0.999998, 0.00187, 0.559454, 0.0, 0.0, 0.0, 1.0],
                [0.831972, 0.000566, -0.554818, 0.011831, -0.554819, 0.00187, -0.831968, 0.010455, 0.000566, 0.999998, 0.00187, 0.560384, 0.0, 0.0, 0.0, 1.0],
                [0.832056, 0.000566, -0.554691, 0.011559, -0.554692, 0.00187, -0.832053, 0.009801, 0.000566, 0.999998, 0.00187, 0.561328, 0.0, 0.0, 0.0, 1.0],
                [0.832133, 0.000566, -0.554576, 0.011254, -0.554577, 0.00187, -0.83213, 0.00914, 0.000566, 0.999998, 0.00187, 0.562279, 0.0, 0.0, 0.0, 1.0],
                [0.8322, 0.000566, -0.554475, 0.01092, -0.554475, 0.00187, -0.832197, 0.008472, 0.000566, 0.999998, 0.00187, 0.563232, 0.0, 0.0, 0.0, 1.0],
                [0.832258, 0.000566, -0.554388, 0.01056, -0.554389, 0.00187, -0.832255, 0.007793, 0.000566, 0.999998, 0.00187, 0.564179, 0.0, 0.0, 0.0, 1.0],
                [0.832305, 0.000566, -0.554317, 0.010175, -0.554318, 0.00187, -0.832302, 0.007106, 0.000566, 0.999998, 0.00187, 0.565116, 0.0, 0.0, 0.0, 1.0],
                [0.832342, 0.000566, -0.554262, 0.00977, -0.554263, 0.00187, -0.832339, 0.006408, 0.000566, 0.999998, 0.00187, 0.566034, 0.0, 0.0, 0.0, 1.0],
                [0.832367, 0.000566, -0.554224, 0.009345, -0.554225, 0.00187, -0.832364, 0.005698, 0.000566, 0.999998, 0.00187, 0.566928, 0.0, 0.0, 0.0, 1.0],
                [0.83238, 0.000566, -0.554205, 0.008906, -0.554206, 0.00187, -0.832377, 0.004978, 0.000566, 0.999998, 0.00187, 0.567793, 0.0, 0.0, 0.0, 1.0],
                [0.832381, 0.000566, -0.554203, 0.008455, -0.554204, 0.00187, -0.832378, 0.004257, 0.000566, 0.999998, 0.00187, 0.56862, 0.0, 0.0, 0.0, 1.0],
                [0.832369, 0.000566, -0.554222, 0.007997, -0.554223, 0.00187, -0.832366, 0.003547, 0.000566, 0.999998, 0.00187, 0.569405, 0.0, 0.0, 0.0, 1.0],
                [0.832343, 0.000566, -0.554261, 0.007536, -0.554261, 0.00187, -0.83234, 0.002859, 0.000566, 0.999998, 0.00187, 0.57014, 0.0, 0.0, 0.0, 1.0],
                [0.832303, 0.000566, -0.55432, 0.007077, -0.554321, 0.00187, -0.8323, 0.002204, 0.000566, 0.999998, 0.00187, 0.570819, 0.0, 0.0, 0.0, 1.0],
                [0.83225, 0.000566, -0.5544, 0.006625, -0.5544, 0.00187, -0.832247, 0.001594, 0.000566, 0.999998, 0.00187, 0.571437, 0.0, 0.0, 0.0, 1.0],
                [0.832186, 0.000566, -0.554496, 0.006182, -0.554498, 0.00187, -0.832182, 0.001041, 0.000566, 0.999998, 0.00187, 0.571988, 0.0, 0.0, 0.0, 1.0],
                [0.83211, 0.000566, -0.55461, 0.005755, -0.554611, 0.00187, -0.832107, 0.000555, 0.000566, 0.999998, 0.00187, 0.572472, 0.0, 0.0, 0.0, 1.0],
                [0.832025, 0.000566, -0.554738, 0.005346, -0.55474, 0.00187, -0.832021, 0.000147, 0.000567, 0.999998, 0.00187, 0.572891, 0.0, 0.0, 0.0, 1.0],
                [0.83193, 0.000566, -0.554881, 0.004954, -0.554882, 0.00187, -0.831926, -0.000189, 0.000567, 0.999998, 0.00187, 0.573248, 0.0, 0.0, 0.0, 1.0],
                [0.831828, 0.000567, -0.555033, 0.004585, -0.555034, 0.00187, -0.831825, -0.00045, 0.000567, 0.999998, 0.00187, 0.573539, 0.0, 0.0, 0.0, 1.0],
                [0.831719, 0.000567, -0.555197, 0.004232, -0.555197, 0.00187, -0.831716, -0.000647, 0.000567, 0.999998, 0.00187, 0.573771, 0.0, 0.0, 0.0, 1.0],
                [0.831605, 0.000567, -0.555368, 0.003895, -0.555369, 0.00187, -0.831602, -0.000783, 0.000567, 0.999998, 0.00187, 0.573943, 0.0, 0.0, 0.0, 1.0],
                [0.831486, 0.000567, -0.555546, 0.003576, -0.555547, 0.00187, -0.831482, -0.000862, 0.000567, 0.999998, 0.00187, 0.574057, 0.0, 0.0, 0.0, 1.0],
                [0.831363, 0.000567, -0.55573, 0.003274, -0.55573, 0.00187, -0.83136, -0.000889, 0.000567, 0.999998, 0.00187, 0.574115, 0.0, 0.0, 0.0, 1.0],
                [0.831238, 0.000567, -0.555916, 0.002988, -0.555918, 0.00187, -0.831235, -0.000867, 0.000568, 0.999998, 0.00187, 0.574117, 0.0, 0.0, 0.0, 1.0],
                [0.831112, 0.000568, -0.556105, 0.002717, -0.556106, 0.00187, -0.831109, -0.000802, 0.000568, 0.999998, 0.00187, 0.574066, 0.0, 0.0, 0.0, 1.0],
                [0.830985, 0.000568, -0.556294, 0.002462, -0.556295, 0.00187, -0.830982, -0.000698, 0.000568, 0.999998, 0.00187, 0.573962, 0.0, 0.0, 0.0, 1.0],
                [0.83086, 0.000568, -0.556482, 0.002221, -0.556483, 0.00187, -0.830857, -0.00056, 0.000568, 0.999998, 0.00187, 0.573808, 0.0, 0.0, 0.0, 1.0],
                [0.830736, 0.000568, -0.556667, 0.001995, -0.556668, 0.00187, -0.830732, -0.000391, 0.000569, 0.999998, 0.00187, 0.573604, 0.0, 0.0, 0.0, 1.0],
                [0.830615, 0.000569, -0.556847, 0.001782, -0.556848, 0.00187, -0.830611, -0.000198, 0.000569, 0.999998, 0.001869, 0.573352, 0.0, 0.0, 0.0, 1.0],
                [0.830498, 0.000569, -0.557022, 0.001583, -0.557023, 0.001869, -0.830495, 1.7e-05, 0.000569, 0.999998, 0.001869, 0.573054, 0.0, 0.0, 0.0, 1.0],
                [0.830386, 0.000569, -0.557189, 0.001397, -0.557189, 0.001869, -0.830383, 0.000248, 0.000569, 0.999998, 0.001869, 0.572711, 0.0, 0.0, 0.0, 1.0],
                [0.83028, 0.000569, -0.557346, 0.001224, -0.557347, 0.001869, -0.830277, 0.000492, 0.000569, 0.999998, 0.001869, 0.572324, 0.0, 0.0, 0.0, 1.0],
                [0.830181, 0.000569, -0.557494, 0.001061, -0.557495, 0.001869, -0.830178, 0.000744, 0.000569, 0.999998, 0.001869, 0.571892, 0.0, 0.0, 0.0, 1.0],
                [0.830092, 0.00057, -0.557627, 0.000912, -0.557628, 0.001869, -0.830088, 0.000996, 0.00057, 0.999998, 0.001869, 0.571426, 0.0, 0.0, 0.0, 1.0],
                [0.830011, 0.00057, -0.557747, 0.000773, -0.557748, 0.001869, -0.830008, 0.001248, 0.00057, 0.999998, 0.001869, 0.570917, 0.0, 0.0, 0.0, 1.0],
                [0.829941, 0.00057, -0.557851, 0.000645, -0.557852, 0.001869, -0.829938, 0.001495, 0.00057, 0.999998, 0.001869, 0.57037, 0.0, 0.0, 0.0, 1.0],
                [0.829882, 0.00057, -0.557938, 0.000528, -0.557939, 0.001869, -0.829879, 0.001731, 0.00057, 0.999998, 0.001869, 0.569787, 0.0, 0.0, 0.0, 1.0]
            ]
        },
        {
            "name": "Thigh_R",
            "time": [0.0, 0.0333, 0.0667, 0.1, 0.1333, 0.1667, 0.2, 0.2333, 0.2667, 0.3, 0.3333, 0.3667, 0.4, 0.4333, 0.4667, 0.5, 0.5333, 0.5667, 0.6, 0.6333, 0.6667, 0.7, 0.7333, 0.7667, 0.8, 0.8333, 0.8667, 0.9, 0.9333, 0.9667, 1.0, 1.0333, 1.0667, 1.1, 1.1333, 1.1667, 1.2, 1.2333, 1.2667, 1.3, 1.3333, 1.3667, 1.4, 1.4333, 1.4667, 1.5, 1.5333, 1.5667, 1.6, 1.6333, 1.6667, 1.7, 1.7333, 1.7667, 1.8, 1.8333, 1.8667, 1.9, 1.9333, 1.9667, 2.0, 2.0333, 2.0667, 2.1, 2.1333, 2.1667, 2.2, 2.2333, 2.2667, 2.3, 2.3333, 2.3667, 2.4, 2.4333, 2.4667, 2.5, 2.5333, 2.5667, 2.6, 2.6333, 2.6667, 2.7, 2.7333, 2.7667, 2.8, 2.8333, 2.8667, 2.9, 2.9333, 2.9667, 3.0],
            "transform": [
                [0.910917, 0.402177, -0.092097, 0.124993, 0.384324, -0.745918, 0.543969, -0.002831, 0.150075, -0.530908, -0.834034, -1.2e-05, 0.0, 0.0, 0.0, 1.0],
                [0.910334, 0.403353, -0.092719, 0.124993, 0.385549, -0.745038, 0.544308, -0.002831, 0.150468, -0.531252, -0.833745, -1.2e-05, 0.0, 0.0, 0.0, 1.0],
                [0.909716, 0.404583, -0.093416, 0.124993, 0.386842, -0.744052, 0.544739, -0.002831, 0.150885, -0.531698, -0.833385, -1.2e-05, 0.0, 0.0, 0.0, 1.0],
                [0.909073, 0.405855, -0.094168, 0.124993, 0.388183, -0.742985, 0.545241, -0.002831, 0.151323, -0.53222, -0.832972, -1.2e-05, 0.0, 0.0, 0.0, 1.0],
                [0.908409, 0.407156, -0.094951, 0.124993, 0.389555, -0.741861, 0.545792, -0.002831, 0.151781, -0.532793, -0.832522, -1.2e-05, 0.0, 0.0, 0.0, 1.0],
                [0.907734, 0.408472, -0.095747, 0.124993, 0.39094, -0.740707, 0.546369, -0.002831, 0.152256, -0.533391, -0.832052, -1.2e-05, 0.0, 0.0, 0.0, 1.0],
                [0.907056, 0.409792, -0.096531, 0.124993, 0.392321, -0.739549, 0.546948, -0.002831, 0.152745, -0.533986, -0.831581, -1.2e-05, 0.0, 0.0, 0.0, 1.0],
                [0.906382, 0.411103, -0.097285, 0.124994, 0.393681, -0.73841, 0.547509, -0.002831, 0.153246, -0.534554, -0.831124, -1.2e-05, 0.0, 0.0, 0.0, 1.0],
                [0.905721, 0.412391, -0.097984, 0.124993, 0.395, -0.737318, 0.54803, -0.002831, 0.153757, -0.535069, -0.830698, -1.2e-05, 0.0, 0.0, 0.0, 1.0],
                [0.905082, 0.413645, -0.098607, 0.124993, 0.396262, -0.736299, 0.54849, -0.002831, 0.154275, -0.535504, -0.830321, -1.2e-05, 0.0, 0.0, 0.0, 1.0],
                [0.904471, 0.414853, -0.099133, 0.124993, 0.39745, -0.735378, 0.548866, -0.002831, 0.154798, -0.535836, -0.83001, -1.2e-05, 0.0, 0.0, 0.0, 1.0],
                [0.903899, 0.416001, -0.099539, 0.124993, 0.398546, -0.734581, 0.549137, -0.002831, 0.155321, -0.536037, -0.829782, -1.2e-05, 0.0, 0.0, 0.0, 1.0],
                [0.903373, 0.417079, -0.099803, 0.124993, 0.399534, -0.733936, 0.549282, -0.002831, 0.155844, -0.536084, -0.829654, -1.2e-05, 0.0, 0.0, 0.0, 1.0],
                [0.902901, 0.418075, -0.099902, 0.124994, 0.400395, -0.733469, 0.54928, -0.002831, 0.156364, -0.535949, -0.829644, -1.2e-05, 0.0, 0.0, 0.0, 1.0],
                [0.902492, 0.418977, -0.099823, 0.124993, 0.401117, -0.733196, 0.549116, -0.002831, 0.156877, -0.535616, -0.829761, -1.2e-05, 0.0, 0.0, 0.0, 1.0],
                [0.902142, 0.419789, -0.099575, 0.124993, 0.401707, -0.733109, 0.548801, -0.002831, 0.15738, -0.535098, -0.83, -1.2e-05, 0.0, 0.0, 0.0, 1.0],
                [0.901847, 0.420515, -0.09918, 0.124994, 0.402175, -0.733189, 0.548352, -0.002831, 0.157872, -0.534419, -0.830344, -1.2e-05, 0.0, 0.0, 0.0, 1.0],
                [0.901603, 0.421161, -0.098656, 0.124993, 0.402534, -0.733415, 0.547786, -0.002831, 0.15835, -0.5336, -0.83078, -1.2e-05, 0.0, 0.0, 0.0, 1.0],
                [0.901406, 0.421731, -0.098021, 0.124993, 0.402795, -0.733769, 0.54712, -0.002831, 0.158812, -0.532661, -0.831294, -1.2e-05, 0.0, 0.0, 0.0, 1.0],
                [0.90125, 0.42223, -0.097298, 0.124993, 0.402967, -0.734233, 0.54637, -0.002831, 0.159254, -0.531627, -0.831871, -1.2e-05, 0.0, 0.0, 0.0, 1.0],
                [0.901133, 0.422662, -0.096505, 0.124993, 0.403063, -0.734786, 0.545555, -0.002831, 0.159675, -0.530517, -0.832499, -1.2e-05, 0.0, 0.0, 0.0, 1.0],
                [0.901049, 0.423034, -0.095661, 0.124993, 0.403094, -0.73541, 0.54469, -0.002831, 0.160071, -0.529355, -0.833162, -1.2e-05, 0.0, 0.0, 0.0, 1.0],
                [0.900994, 0.423348, -0.094788, 0.124993, 0.403071, -0.736087, 0.543793, -0.002831, 0.160441, -0.528163, -0.833848, -1.2e-05, 0.0, 0.0, 0.0, 1.0],
                [0.900962, 0.423612, -0.093905, 0.124993, 0.403005, -0.736796, 0.542881, -0.002831, 0.160781, -0.526962, -0.834542, -1.2e-05, 0.0, 0.0, 0.0, 1.0],
                [0.900952, 0.423827, -0.093032, 0.124993, 0.402907, -0.73752, 0.541968, -0.002831, 0.161087, -0.525773, -0.835232, -1.2e-05, 0.0, 0.0, 0.0, 1.0],
                [0.900955, 0.424003, -0.092188, 0.124993, 0.402789, -0.738241, 0.541075, -0.002831, 0.16136, -0.52462, -0.835905, -1.2e-05, 0.0, 0.0, 0.0, 1.0],
                [0.900971, 0.424143, -0.091396, 0.124993, 0.402663, -0.738937, 0.540218, -0.002831, 0.161593, -0.523524, -0.836545, -1.2e-05, 0.0, 0.0, 0.0, 1.0],
                [0.901021, 0.424202, -0.090621, 0.124993, 0.402478, -0.73966, 0.539365, -0.002831, 0.161771, -0.522454, -0.83718, -1.2e-05, 0.0, 0.0, 0.0, 1.0],
                [0.901134, 0.424118, -0.089881, 0.124993, 0.402187, -0.740405, 0.53856, -0.002831, 0.161864, -0.521466, -0.837778, -1.2e-05, 0.0, 0.0, 0.0, 1.0],
                [0.901312, 0.423879, -0.089228, 0.124993, 0.401789, -0.741121, 0.537872, -0.002831, 0.161863, -0.520643, -0.83829, -1.2e-05, 0.0, 0.0, 0.0, 1.0],
                [0.901547, 0.423498, -0.088661, 0.124993, 0.401299, -0.741808, 0.53729, -0.002831, 0.161772, -0.519974, -0.838723, -1.2e-05, 0.0, 0.0, 0.0, 1.0],
                [0.901831, 0.422994, -0.088178, 0.124993, 0.40073, -0.742465, 0.536808, -0.002831, 0.161597, -0.519448, -0.839082, -1.2e-05, 0.0, 0.0, 0.0, 1.0],
                [0.902157, 0.422381, -0.087779, 0.124993, 0.400097, -0.743088, 0.536416, -0.002831, 0.161344, -0.519053, -0.839375, -1.2e-05, 0.0, 0.0, 0.0, 1.0],
                [0.902518, 0.421675, -0.087461, 0.124993, 0.399414, -0.743679, 0.536107, -0.002831, 0.161019, -0.518781, -0.839606, -1.2e-05, 0.0, 0.0, 0.0, 1.0],
                [0.902907, 0.420892, -0.087225, 0.124993, 0.398693, -0.744234, 0.535872, -0.002831, 0.160628, -0.51862, -0.83978, -1.2e-05, 0.0, 0.0, 0.0, 1.0],
                [0.903314, 0.420049, -0.087067, 0.124993, 0.397949, -0.744754, 0.535704, -0.002831, 0.160178, -0.518559, -0.839904, -1.2e-05, 0.0, 0.0, 0.0, 1.0],
                [0.903735, 0.419159, -0.086986, 0.124993, 0.397196, -0.745235, 0.535594, -0.002831, 0.159673, -0.518588, -0.839982, -1.2e-05, 0.0, 0.0, 0.0, 1.0],
                [0.904161, 0.41824, -0.086982, 0.124993, 0.396447, -0.745677, 0.535534, -0.002831, 0.159121, -0.518695, -0.840021, -1.2e-05, 0.0, 0.0, 0.0, 1.0],
                [0.904586, 0.417306, -0.087052, 0.124993, 0.395715, -0.746078, 0.535516, -0.002831, 0.158526, -0.518871, -0.840025, -1.2e-05, 0.0, 0.0, 0.0, 1.0],
                [0.905002, 0.416373, -0.087195, 0.124993, 0.395016, -0.746437, 0.535533, -0.002831, 0.157896, -0.519104, -0.839999, -1.2e-05, 0.0, 0.0, 0.0, 1.0],
                [0.905402, 0.415457, -0.08741, 0.124993, 0.394361, -0.746752, 0.535576, -0.002831, 0.157235, -0.519385, -0.83995, -1.2e-05, 0.0, 0.0, 0.0, 1.0],
                [0.905781, 0.41457, -0.087693, 0.124993, 0.393764, -0.747024, 0.535636, -0.002831, 0.156549, -0.519701, -0.839882, -1.2e-05, 0.0, 0.0, 0.0, 1.0],
                [0.906141, 0.413711, -0.088037, 0.124993, 0.393216, -0.747258, 0.535712, -0.002831, 0.155843, -0.520051, -0.839797, -1.2e-05, 0.0, 0.0, 0.0, 1.0],
                [0.906487, 0.412868, -0.088433, 0.124993, 0.392706, -0.74746, 0.535804, -0.002831, 0.155116, -0.520429, -0.839697, -1.2e-05, 0.0, 0.0, 0.0, 1.0],
                [0.906814, 0.412054, -0.08886, 0.124994, 0.392235, -0.747635, 0.535905, -0.002831, 0.154386, -0.520824, -0.839587, -1.2e-05, 0.0, 0.0, 0.0, 1.0],
                [0.907137, 0.411247, -0.089317, 0.124993, 0.391782, -0.747792, 0.536018, -0.002831, 0.153645, -0.521237, -0.839467, -1.2e-05, 0.0, 0.0, 0.0, 1.0],
                [0.907452, 0.410447, -0.089789, 0.124994, 0.391343, -0.747935, 0.536138, -0.002831, 0.152899, -0.52166, -0.83934, -1.2e-05, 0.0, 0.0, 0.0, 1.0],
                [0.907764, 0.409652, -0.090266, 0.124993, 0.390909, -0.748073, 0.536263, -0.002831, 0.152155, -0.522088, -0.839209, -1.2e-05, 0.0, 0.0, 0.0, 1.0],
                [0.908077, 0.408853, -0.090735, 0.124993, 0.390469, -0.748209, 0.536393, -0.002831, 0.151417, -0.522518, -0.839075, -1.2e-05, 0.0, 0.0, 0.0, 1.0],
                [0.908393, 0.408049, -0.091189, 0.124993, 0.390016, -0.748352, 0.536524, -0.002831, 0.150687, -0.522942, -0.838942, -1.2e-05, 0.0, 0.0, 0.0, 1.0],
                [0.908716, 0.407234, -0.091613, 0.124993, 0.389539, -0.748507, 0.536654, -0.002831, 0.14997, -0.523355, -0.838813, -1.2e-05, 0.0, 0.0, 0.0, 1.0],
                [0.909049, 0.406404, -0.091998, 0.124993, 0.38903, -0.748681, 0.53678, -0.002831, 0.149272, -0.523752, -0.83869, -1.2e-05, 0.0, 0.0, 0.0, 1.0],
                [0.909395, 0.405553, -0.092333, 0.124994, 0.38848, -0.74888, 0.536901, -0.002831, 0.148595, -0.524128, -0.838576, -1.2e-05, 0.0, 0.0, 0.0, 1.0],
                [0.909757, 0.404677, -0.092606, 0.124993, 0.387879, -0.74911, 0.537015, -0.002831, 0.147945, -0.524475, -0.838473, -1.2e-05, 0.0, 0.0, 0.0, 1.0],
                [0.910139, 0.403772, -0.092807, 0.124993, 0.387221, -0.749377, 0.537117, -0.002831, 0.147325, -0.52479, -0.838385, -1.2e-05, 0.0, 0.0, 0.0, 1.0],
                [0.910523, 0.402871, -0.092949, 0.124993, 0.386531, -0.749651, 0.537232, -0.002831, 0.146756, -0.525092, -0.838296, -1.2e-05, 0.0, 0.0, 0.0, 1.0],
                [0.910893, 0.402011, -0.093049, 0.124993, 0.38585, -0.749897, 0.537379, -0.002831, 0.146255, -0.5254, -0.838191, -1.2e-05, 0.0, 0.0, 0.0, 1.0],
                [0.911246, 0.401195, -0.093113, 0.124993, 0.38518, -0.750115, 0.537554, -0.002831, 0.145818, -0.525713, -0.838071, -1.2e-05, 0.0, 0.0, 0.0, 1.0],
                [0.911582, 0.400423, -0.093143, 0.124993, 0.384525, -0.750307, 0.537755, -0.002831, 0.145443, -0.526027, -0.837939, -1.2e-05, 0.0, 0.0, 0.0, 1.0],
                [0.9119, 0.399699, -0.093144, 0.124993, 0.383891, -0.750473, 0.537977, -0.002831, 0.145127, -0.526341, -0.837796, -1.2e-05, 0.0, 0.0, 0.0, 1.0],
                [0.912199, 0.399023, -0.093118, 0.124993, 0.38328, -0.750613, 0.538217, -0.002831, 0.144865, -0.526654, -0.837645, -1.2e-05, 0.0, 0.0, 0.0, 1.0],
                [0.912478, 0.398397, -0.093068, 0.124993, 0.382695, -0.750729, 0.538471, -0.002831, 0.144656, -0.526962, -0.837487, -1.2e-05, 0.0, 0.0, 0.0, 1.0],
                [0.912734, 0.397824, -0.092998, 0.124993, 0.382142, -0.750821, 0.538735, -0.002831, 0.144497, -0.527263, -0.837325, -1.2e-05, 0.0, 0.0, 0.0, 1.0],
                [0.91297, 0.397305, -0.092911, 0.124993, 0.381623, -0.75089, 0.539007, -0.002831, 0.144384, -0.527557, -0.83716, -1.2e-05, 0.0, 0.0, 0.0, 1.0],
                [0.913182, 0.396842, -0.092811, 0.124993, 0.381142, -0.750937, 0.539282, -0.002831, 0.144314, -0.527839, -0.836994, -1.2e-05, 0.0, 0.0, 0.0, 1.0],
                [0.91337, 0.396434, -0.0927, 0.124993, 0.380703, -0.750962, 0.539557, -0.002831, 0.144284, -0.528109, -0.836829, -1.2e-05, 0.0, 0.0, 0.0, 1.0],
                [0.913533, 0.396086, -0.092582, 0.124993, 0.380308, -0.750966, 0.539829, -0.002831, 0.144292, -0.528364, -0.836666, -1.2e-05, 0.0, 0.0, 0.0, 1.0],
                [0.913669, 0.3958, -0.092461, 0.124993, 0.379964, -0.750951, 0.540094, -0.002831, 0.144335, -0.528602, -0.836509, -1.2e-05, 0.0, 0.0, 0.0, 1.0],
                [0.913779, 0.395575, -0.092338, 0.124994, 0.379672, -0.750915, 0.540349, -0.002831, 0.14441, -0.52882, -0.836358, -1.2e-05, 0.0, 0.0, 0.0, 1.0],
                [0.91386, 0.395415, -0.092218, 0.124993, 0.379436, -0.750861, 0.54059, -0.002831, 0.144513, -0.529018, -0.836215, -1.2e-05, 0.0, 0.0, 0.0, 1.0],
                [0.913913, 0.395319, -0.092104, 0.124994, 0.37926, -0.750789, 0.540814, -0.002831, 0.144643, -0.52919, -0.836083, -1.2e-05, 0.0, 0.0, 0.0, 1.0],
                [0.913936, 0.395291, -0.091998, 0.124994, 0.379146, -0.750698, 0.541019, -0.002831, 0.144797, -0.529339, -0.835962, -1.2e-05, 0.0, 0.0, 0.0, 1.0],
                [0.913928, 0.395331, -0.091904, 0.124993, 0.379099, -0.750592, 0.541199, -0.002831, 0.14497, -0.52946, -0.835856, -1.2e-05, 0.0, 0.0, 0.0, 1.0],
                [0.913891, 0.395436, -0.091822, 0.124994, 0.379114, -0.750469, 0.541359, -0.002831, 0.145163, -0.529557, -0.835761, -1.2e-05, 0.0, 0.0, 0.0, 1.0],
                [0.913829, 0.395597, -0.091752, 0.124994, 0.379186, -0.750329, 0.541502, -0.002831, 0.145372, -0.529634, -0.835676, -1.2e-05, 0.0, 0.0, 0.0, 1.0],
                [0.91374, 0.395814, -0.091695, 0.124993, 0.379311, -0.750173, 0.54163, -0.002831, 0.145597, -0.529693, -0.835599, -1.2e-05, 0.0, 0.0, 0.0, 1.0],
                [0.91363, 0.396078, -0.091652, 0.124993, 0.379486, -0.750001, 0.541747, -0.002831, 0.145835, -0.529739, -0.835529, -1.2e-05, 0.0, 0.0, 0.0, 1.0],
                [0.913499, 0.396386, -0.091623, 0.124993, 0.379705, -0.749812, 0.541854, -0.002831, 0.146083, -0.529776, -0.835462, -1.2e-05, 0.0, 0.0, 0.0, 1.0],
                [0.91335, 0.396733, -0.091608, 0.124993, 0.379963, -0.749607, 0.541957, -0.002831, 0.146341, -0.529807, -0.835397, -1.2e-05, 0.0, 0.0, 0.0, 1.0],
                [0.913185, 0.397112, -0.091607, 0.124993, 0.380257, -0.749387, 0.542056, -0.002831, 0.146607, -0.529835, -0.835333, -1.2e-05, 0.0, 0.0, 0.0, 1.0],
                [0.913006, 0.39752, -0.091623, 0.124993, 0.380582, -0.749149, 0.542156, -0.002831, 0.146878, -0.529865, -0.835266, -1.2e-05, 0.0, 0.0, 0.0, 1.0],
                [0.912816, 0.39795, -0.091655, 0.124993, 0.380933, -0.748896, 0.542259, -0.002831, 0.147151, -0.5299, -0.835196, -1.2e-05, 0.0, 0.0, 0.0, 1.0],
                [0.912616, 0.398398, -0.091702, 0.124993, 0.381306, -0.748627, 0.542368, -0.002831, 0.147427, -0.529943, -0.83512, -1.2e-05, 0.0, 0.0, 0.0, 1.0],
                [0.912408, 0.398858, -0.091767, 0.124993, 0.381697, -0.748343, 0.542486, -0.002831, 0.147701, -0.529998, -0.835036, -1.2e-05, 0.0, 0.0, 0.0, 1.0],
                [0.912195, 0.399326, -0.09185, 0.124993, 0.3821, -0.748042, 0.542616, -0.002831, 0.147973, -0.53007, -0.834942, -1.2e-05, 0.0, 0.0, 0.0, 1.0],
                [0.911979, 0.399797, -0.09195, 0.124993, 0.382513, -0.747727, 0.542761, -0.002831, 0.14824, -0.530161, -0.834837, -1.2e-05, 0.0, 0.0, 0.0, 1.0],
                [0.911761, 0.400267, -0.092069, 0.124993, 0.382931, -0.747393, 0.542925, -0.002831, 0.148502, -0.530276, -0.834718, -1.2e-05, 0.0, 0.0, 0.0, 1.0],
                [0.911546, 0.400724, -0.092207, 0.124993, 0.383345, -0.747049, 0.543106, -0.002831, 0.148753, -0.530416, -0.834584, -1.2e-05, 0.0, 0.0, 0.0, 1.0],
                [0.911333, 0.401171, -0.092365, 0.124993, 0.383757, -0.746688, 0.543313, -0.002831, 0.148993, -0.530587, -0.834433, -1.2e-05, 0.0, 0.0, 0.0, 1.0],
                [0.911127, 0.401599, -0.092543, 0.124993, 0.384159, -0.746311, 0.543545, -0.002831, 0.149221, -0.530792, -0.834261, -1.2e-05, 0.0, 0.0, 0.0, 1.0],
                [0.910928, 0.402004, -0.092744, 0.124993, 0.384549, -0.745919, 0.543808, -0.002831, 0.149433, -0.531036, -0.834068, -1.2e-05, 0.0, 0.0, 0.0, 1.0]
            ]
        },
        {
            "name": "Leg_R",
            "time": [0.0, 0.0333, 0.0667, 0.1, 0.1333, 0.1667, 0.2, 0.2333, 0.2667, 0.3, 0.3333, 0.3667, 0.4, 0.4333, 0.4667, 0.5, 0.5333, 0.5667, 0.6, 0.6333, 0.6667, 0.7, 0.7333, 0.7667, 0.8, 0.8333, 0.8667, 0.9, 0.9333, 0.9667, 1.0, 1.0333, 1.0667, 1.1, 1.1333, 1.1667, 1.2, 1.2333, 1.2667, 1.3, 1.3333, 1.3667, 1.4, 1.4333, 1.4667, 1.5, 1.5333, 1.5667, 1.6, 1.6333, 1.6667, 1.7, 1.7333, 1.7667, 1.8, 1.8333, 1.8667, 1.9, 1.9333, 1.9667, 2.0, 2.0333, 2.0667, 2.1, 2.1333, 2.1667, 2.2, 2.2333, 2.2667, 2.3, 2.3333, 2.3667, 2.4, 2.4333, 2.4667, 2.5, 2.5333, 2.5667, 2.6, 2.6333, 2.6667, 2.7, 2.7333, 2.7667, 2.8, 2.8333, 2.8667, 2.9, 2.9333, 2.9667, 3.0],
            "transform": [
                [0.999998, -0.001906, 0.000439, 0.0, 0.000438, 0.436948, 0.899487, 0.37472, -0.001906, -0.899485, 0.436948, 0.0, 0.0, 0.0, 0.0, 1.0],
                [0.999998, -0.001906, 0.000437, 0.0, 0.000435, 0.434829, 0.900513, 0.37472, -0.001907, -0.900511, 0.434829, 0.0, 0.0, 0.0, 0.0, 1.0],
                [0.999998, -0.001906, 0.000434, -0.0, 0.000433, 0.432568, 0.901601, 0.37472, -0.001907, -0.9016, 0.432568, 0.0, 0.0, 0.0, 0.0, 1.0],
                [0.999998, -0.001907, 0.000432, 0.0, 0.00043, 0.430209, 0.902729, 0.37472, -0.001908, -0.902728, 0.430209, 0.0, 0.0, 0.0, 0.0, 1.0],
                [0.999998, -0.001908, 0.00043, -0.0, 0.000428, 0.4278, 0.903873, 0.37472, -0.001909, -0.903872, 0.427799, -0.0, 0.0, 0.0, 0.0, 1.0],
                [0.999998, -0.001908, 0.000427, 0.0, 0.000425, 0.425383, 0.905013, 0.37472, -0.001909, -0.905012, 0.425383, 0.0, 0.0, 0.0, 0.0, 1.0],
                [0.999998, -0.001909, 0.000424, -0.0, 0.000423, 0.423006, 0.906127, 0.37472, -0.001909, -0.906125, 0.423006, -0.0, 0.0, 0.0, 0.0, 1.0],
                [0.999998, -0.00191, 0.000422, 0.0, 0.000421, 0.420714, 0.907193, 0.37472, -0.00191, -0.907192, 0.420713, -0.0, 0.0, 0.0, 0.0, 1.0],
                [0.999998, -0.00191, 0.00042, 0.0, 0.000418, 0.418552, 0.908192, 0.37472, -0.001911, -0.908191, 0.418552, 0.0, 0.0, 0.0, 0.0, 1.0],
                [0.999998, -0.00191, 0.000417, -0.0, 0.000417, 0.416569, 0.909104, 0.37472, -0.00191, -0.909102, 0.416569, -0.0, 0.0, 0.0, 0.0, 1.0],
                [0.999997, -0.001911, 0.000416, 0.0, 0.000414, 0.41481, 0.909908, 0.37472, -0.001911, -0.909908, 0.414809, -0.0, 0.0, 0.0, 0.0, 1.0],
                [0.999999, -0.001911, 0.000415, -0.0, 0.000412, 0.413319, 0.910586, 0.37472, -0.001912, -0.910584, 0.413319, 0.0, 0.0, 0.0, 0.0, 1.0],
                [0.999998, -0.001911, 0.000413, 0.0, 0.000411, 0.412145, 0.911118, 0.37472, -0.001912, -0.911116, 0.412145, -0.0, 0.0, 0.0, 0.0, 1.0],
                [0.999998, -0.001911, 0.000412, -0.0, 0.000411, 0.411335, 0.911484, 0.37472, -0.001912, -0.911483, 0.411335, 0.0, 0.0, 0.0, 0.0, 1.0],
                [0.999998, -0.001912, 0.000411, 0.0, 0.00041, 0.410777, 0.911736, 0.37472, -0.001912, -0.911734, 0.410777, -0.0, 0.0, 0.0, 0.0, 1.0],
                [0.999998, -0.001912, 0.000411, -0.0, 0.00041, 0.410327, 0.911938, 0.37472, -0.001912, -0.911937, 0.410326, -0.0, 0.0, 0.0, 0.0, 1.0],
                [0.999999, -0.001912, 0.000411, -0.0, 0.000409, 0.40997, 0.912099, 0.37472, -0.001912, -0.912097, 0.40997, -0.0, 0.0, 0.0, 0.0, 1.0],
                [0.999998, -0.001912, 0.000411, 0.0, 0.000408, 0.409701, 0.91222, 0.37472, -0.001912, -0.912218, 0.409701, -0.0, 0.0, 0.0, 0.0, 1.0],
                [0.999998, -0.001912, 0.00041, -0.0, 0.000409, 0.409508, 0.912306, 0.37472, -0.001912, -0.912304, 0.409508, 0.0, 0.0, 0.0, 0.0, 1.0],
                [0.999998, -0.001912, 0.00041, 0.0, 0.000409, 0.409382, 0.912363, 0.37472, -0.001912, -0.912362, 0.409382, 0.0, 0.0, 0.0, 0.0, 1.0],
                [0.999999, -0.001912, 0.00041, -0.0, 0.000408, 0.409312, 0.912394, 0.37472, -0.001912, -0.912392, 0.409312, -0.0, 0.0, 0.0, 0.0, 1.0],
                [0.999998, -0.001912, 0.00041, -0.0, 0.000408, 0.409288, 0.912405, 0.37472, -0.001912, -0.912404, 0.409287, -0.0, 0.0, 0.0, 0.0, 1.0],
                [0.999998, -0.001912, 0.00041, 0.0, 0.000408, 0.409299, 0.9124, 0.37472, -0.001912, -0.912399, 0.409299, -0.0, 0.0, 0.0, 0.0, 1.0],
                [0.999998, -0.001912, 0.000409, 0.0, 0.000409, 0.409339, 0.912382, 0.37472, -0.001912, -0.912381, 0.409339, 0.0, 0.0, 0.0, 0.0, 1.0],
                [0.999998, -0.001912, 0.00041, -0.0, 0.000408, 0.409394, 0.912358, 0.37472, -0.001913, -0.912356, 0.409393, -0.0, 0.0, 0.0, 0.0, 1.0],
                [0.999998, -0.001912, 0.000411, -0.0, 0.000408, 0.409458, 0.912329, 0.37472, -0.001912, -0.912327, 0.409457, -0.0, 0.0, 0.0, 0.0, 1.0],
                [0.999998, -0.001912, 0.00041, -0.0, 0.000408, 0.409515, 0.912303, 0.37472, -0.001912, -0.912302, 0.409515, 0.0, 0.0, 0.0, 0.0, 1.0],
                [0.999998, -0.001912, 0.000411, 0.0, 0.000408, 0.409562, 0.912282, 0.37472, -0.001912, -0.912281, 0.409561, -0.0, 0.0, 0.0, 0.0, 1.0],
                [0.999998, -0.001912, 0.00041, 0.0, 0.000409, 0.409586, 0.912271, 0.37472, -0.001912, -0.91227, 0.409585, -0.0, 0.0, 0.0, 0.0, 1.0],
                [0.999998, -0.001912, 0.00041, -0.0, 0.000409, 0.409574, 0.912277, 0.37472, -0.001912, -0.912275, 0.409574, -0.0, 0.0, 0.0, 0.0, 1.0],
                [0.999998, -0.001912, 0.00041, -0.0, 0.000409, 0.409522, 0.9123, 0.37472, -0.001912, -0.912299, 0.409522, -0.0, 0.0, 0.0, 0.0, 1.0],
                [0.999998, -0.001912, 0.00041, -0.0, 0.000409, 0.409415, 0.912348, 0.37472, -0.001912, -0.912347, 0.409415, 0.0, 0.0, 0.0, 0.0, 1.0],
                [0.999998, -0.001912, 0.00041, -0.0, 0.000408, 0.409246, 0.912423, 0.37472, -0.001913, -0.912422, 0.409246, 0.0, 0.0, 0.0, 0.0, 1.0],
                [0.999998, -0.001912, 0.000409, 0.0, 0.000409, 0.409005, 0.912532, 0.37472, -0.001913, -0.91253, 0.409004, 0.0, 0.0, 0.0, 0.0, 1.0],
                [0.999998, -0.001912, 0.000409, 0.0, 0.000408, 0.408683, 0.912676, 0.37472, -0.001912, -0.912675, 0.408683, 0.0, 0.0, 0.0, 0.0, 1.0],
                [0.999998, -0.001912, 0.000409, -0.0, 0.000407, 0.408293, 0.91285, 0.37472, -0.001912, -0.912849, 0.408293, 0.0, 0.0, 0.0, 0.0, 1.0],
                [0.999998, -0.001913, 0.000408, 0.0, 0.000407, 0.407846, 0.913051, 0.37472, -0.001913, -0.913049, 0.407846, 0.0, 0.0, 0.0, 0.0, 1.0],
                [0.999998, -0.001912, 0.000408, -0.0, 0.000406, 0.407357, 0.913269, 0.37472, -0.001913, -0.913267, 0.407357, -0.0, 0.0, 0.0, 0.0, 1.0],
                [0.999997, -0.001913, 0.000407, 0.0, 0.000406, 0.406837, 0.913501, 0.37472, -0.001913, -0.9135, 0.406837, 0.0, 0.0, 0.0, 0.0, 1.0],
                [0.999997, -0.001912, 0.000407, 0.0, 0.000405, 0.406301, 0.913739, 0.37472, -0.001913, -0.913739, 0.4063, -0.0, 0.0, 0.0, 0.0, 1.0],
                [0.999998, -0.001912, 0.000406, 0.0, 0.000405, 0.405761, 0.913979, 0.37472, -0.001913, -0.913977, 0.405761, 0.0, 0.0, 0.0, 0.0, 1.0],
                [0.999998, -0.001913, 0.000405, 0.0, 0.000404, 0.405232, 0.914214, 0.37472, -0.001913, -0.914212, 0.405232, 0.0, 0.0, 0.0, 0.0, 1.0],
                [0.999998, -0.001913, 0.000405, 0.0, 0.000404, 0.404724, 0.914438, 0.37472, -0.001913, -0.914437, 0.404724, 0.0, 0.0, 0.0, 0.0, 1.0],
                [0.999999, -0.001913, 0.000405, -0.0, 0.000403, 0.404252, 0.914647, 0.37472, -0.001914, -0.914646, 0.404252, 0.0, 0.0, 0.0, 0.0, 1.0],
                [0.999997, -0.001913, 0.000405, 0.0, 0.000402, 0.403834, 0.914832, 0.37472, -0.001913, -0.914831, 0.403834, 0.0, 0.0, 0.0, 0.0, 1.0],
                [0.999997, -0.001913, 0.000404, -0.0, 0.000403, 0.403477, 0.91499, 0.37472, -0.001913, -0.914989, 0.403477, -0.0, 0.0, 0.0, 0.0, 1.0],
                [0.999998, -0.001913, 0.000404, -0.0, 0.000402, 0.403196, 0.915113, 0.37472, -0.001914, -0.915112, 0.403195, -0.0, 0.0, 0.0, 0.0, 1.0],
                [0.999997, -0.001914, 0.000403, 0.0, 0.000403, 0.403127, 0.915144, 0.37472, -0.001914, -0.915143, 0.403127, 0.0, 0.0, 0.0, 0.0, 1.0],
                [0.999998, -0.001913, 0.000404, 0.0, 0.000402, 0.403369, 0.915037, 0.37472, -0.001914, -0.915035, 0.403369, 0.0, 0.0, 0.0, 0.0, 1.0],
                [0.999998, -0.001913, 0.000405, 0.0, 0.000403, 0.403882, 0.914811, 0.37472, -0.001914, -0.91481, 0.403881, -0.0, 0.0, 0.0, 0.0, 1.0],
                [0.999998, -0.001913, 0.000405, 0.0, 0.000403, 0.404622, 0.914484, 0.37472, -0.001914, -0.914482, 0.404622, 0.0, 0.0, 0.0, 0.0, 1.0],
                [0.999998, -0.001913, 0.000406, 0.0, 0.000404, 0.405547, 0.914074, 0.37472, -0.001913, -0.914072, 0.405547, 0.0, 0.0, 0.0, 0.0, 1.0],
                [0.999998, -0.001913, 0.000408, -0.0, 0.000405, 0.406614, 0.9136, 0.37472, -0.001914, -0.913599, 0.406613, -0.0, 0.0, 0.0, 0.0, 1.0],
                [0.999999, -0.001912, 0.000409, 0.0, 0.000407, 0.407788, 0.913076, 0.37472, -0.001913, -0.913075, 0.407788, 0.0, 0.0, 0.0, 0.0, 1.0],
                [0.999998, -0.001912, 0.00041, 0.0, 0.000408, 0.409053, 0.91251, 0.37472, -0.001912, -0.912509, 0.409053, 0.0, 0.0, 0.0, 0.0, 1.0],
                [0.999998, -0.001912, 0.000411, -0.0, 0.00041, 0.410398, 0.911906, 0.37472, -0.001912, -0.911906, 0.410398, 0.0, 0.0, 0.0, 0.0, 1.0],
