{
    "animation": [
        {
            "name": "Root",
            "time": [0.0, 0.0333, 0.0667, 0.1, 0.1333, 0.1667, 0.2, 0.2333, 0.2667, 0.3, 0.3333, 0.3667, 0.4, 0.4333, 0.4667, 0.5, 0.5333, 0.5667, 0.6, 0.6333, 0.6667, 0.7, 0.7333, 0.7667, 0.8, 0.8333, 0.8667, 0.9, 0.9333, 0.9667, 1.0, 1.0333, 1.0667, 1.1],
            "transform": [
                [0.829882, 0.00057, -0.557939, 0.000528, -0.557939, 0.001869, -0.829879, 0.001732, 0.00057, 0.999998, 0.001869, 0.640523, 0.0, 0.0, 0.0, 1.0],
                [0.885218, 0.000468, -0.465177, 0.000416, -0.465178, 0.001897, -0.885215, 0.001676, 0.000468, 0.999998, 0.001897, 0.5973, 0.0, 0.0, 0.0, 1.0],
                [0.930339, 0.000365, -0.366702, 0.00033, -0.366702, 0.00192, -0.930336, 0.001715, 0.000365, 0.999998, 0.00192, 0.607534, 0.0, 0.0, 0.0, 1.0],
                [0.964952, 0.000259, -0.262429, 0.00023, -0.26243, 0.001937, -0.964949, 0.001666, 0.000259, 0.999998, 0.001937, 0.574727, 0.0, 0.0, 0.0, 1.0],
                [0.988379, 0.000149, -0.152014, 0.000131, -0.152015, 0.001948, -0.988376, 0.001597, 0.000149, 0.999998, 0.001948, 0.534463, 0.0, 0.0, 0.0, 1.0],
                [0.999772, 2.1e-05, -0.021376, 2.8e-05, -0.021376, 0.001954, -0.999769, 0.001523, 2.1e-05, 0.999998, 0.001954, 0.494199, 0.0, 0.0, 0.0, 1.0],
                [0.996215, -8.5e-05, 0.086931, -4.9e-05, 0.086932, 0.001952, -0.996212, 0.001455, -8.5e-05, 0.999998, 0.001952, 0.459787, 0.0, 0.0, 0.0, 1.0],
                [0.988378, -0.000149, 0.152015, -9.2e-05, 0.152015, 0.001948, -0.988376, 0.001403, -0.000149, 0.999998, 0.001948, 0.434748, 0.0, 0.0, 0.0, 1.0],
                [0.975543, -0.000216, 0.219812, -0.000134, 0.219812, 0.001943, -0.97554, 0.00136, -0.000216, 0.999998, 0.001943, 0.414576, 0.0, 0.0, 0.0, 1.0],
                [0.958062, -0.000283, 0.286562, -0.000176, 0.286563, 0.001933, -0.958059, 0.001332, -0.000283, 0.999998, 0.001933, 0.403222, 0.0, 0.0, 0.0, 1.0],
                [0.938406, -0.000343, 0.345535, -0.000216, 0.345535, 0.001924, -0.938404, 0.001322, -0.000343, 0.999998, 0.001924, 0.401424, 0.0, 0.0, 0.0, 1.0],
                [0.920247, -0.00039, 0.391338, -0.000249, 0.391339, 0.001915, -0.920244, 0.001324, -0.00039, 0.999998, 0.001915, 0.405481, 0.0, 0.0, 0.0, 1.0],
                [0.907887, -0.000419, 0.419215, -0.000272, 0.419216, 0.001908, -0.907884, 0.001334, -0.000419, 0.999998, 0.001908, 0.412943, 0.0, 0.0, 0.0, 1.0],
                [0.905815, -0.000424, 0.423674, -0.000278, 0.423674, 0.001907, -0.905812, 0.001347, -0.000424, 0.999998, 0.001907, 0.420406, 0.0, 0.0, 0.0, 1.0],
                [0.913321, -0.000407, 0.407241, -0.00027, 0.407241, 0.001911, -0.913318, 0.001368, -0.000407, 0.999998, 0.001911, 0.429783, 0.0, 0.0, 0.0, 1.0],
                [0.926307, -0.000375, 0.376769, -0.000252, 0.37677, 0.001917, -0.926305, 0.001394, -0.000375, 0.999998, 0.001918, 0.441217, 0.0, 0.0, 0.0, 1.0],
                [0.942423, -0.000332, 0.334422, -0.000225, 0.334423, 0.001926, -0.942421, 0.001422, -0.000332, 0.999998, 0.001926, 0.452651, 0.0, 0.0, 0.0, 1.0],
                [0.959045, -0.00028, 0.283257, -0.00019, 0.283258, 0.001934, -0.959041, 0.001441, -0.00028, 0.999998, 0.001934, 0.459547, 0.0, 0.0, 0.0, 1.0],
                [0.974349, -0.000221, 0.225047, -0.000148, 0.225047, 0.001941, -0.974345, 0.00145, -0.000221, 0.999998, 0.001941, 0.46136, 0.0, 0.0, 0.0, 1.0],
                [0.986881, -0.000158, 0.161449, -0.000102, 0.161449, 0.001948, -0.986879, 0.001452, -0.000158, 0.999998, 0.001948, 0.459485, 0.0, 0.0, 0.0, 1.0],
                [0.995268, -9.5e-05, 0.097172, -5.6e-05, 0.097172, 0.001952, -0.995265, 0.00145, -9.5e-05, 0.999998, 0.001952, 0.457609, 0.0, 0.0, 0.0, 1.0],
                [0.999426, -3.3e-05, 0.033901, -1.1e-05, 0.033901, 0.001954, -0.999423, 0.001448, -3.3e-05, 0.999998, 0.001954, 0.455734, 0.0, 0.0, 0.0, 1.0],
                [0.999519, 3e-05, -0.031018, 3.4e-05, -0.031018, 0.001954, -0.999516, 0.001447, 3e-05, 0.999998, 0.001954, 0.455165, 0.0, 0.0, 0.0, 1.0],
                [0.996376, 8.3e-05, -0.085063, 7.3e-05, -0.085063, 0.001952, -0.996373, 0.001451, 8.3e-05, 0.999998, 0.001952, 0.457752, 0.0, 0.0, 0.0, 1.0],
                [0.990759, 0.000133, -0.135637, 0.000109, -0.135637, 0.00195, -0.990756, 0.001462, 0.000133, 0.999998, 0.00195, 0.464508, 0.0, 0.0, 0.0, 1.0],
                [0.982577, 0.000182, -0.185859, 0.000147, -0.185859, 0.001945, -0.982574, 0.00148, 0.000183, 0.999998, 0.001945, 0.475144, 0.0, 0.0, 0.0, 1.0],
                [0.97193, 0.000232, -0.235273, 0.000187, -0.235273, 0.001941, -0.971927, 0.001504, 0.000232, 0.999998, 0.001941, 0.489183, 0.0, 0.0, 0.0, 1.0],
                [0.9588, 0.00028, -0.284085, 0.000229, -0.284085, 0.001934, -0.958796, 0.001531, 0.000281, 0.999998, 0.001934, 0.506152, 0.0, 0.0, 0.0, 1.0],
                [0.943196, 0.000329, -0.332237, 0.000273, -0.332237, 0.001927, -0.943194, 0.001564, 0.00033, 0.999998, 0.001927, 0.525689, 0.0, 0.0, 0.0, 1.0],
                [0.925163, 0.000378, -0.379569, 0.00032, -0.379569, 0.001918, -0.925161, 0.001598, 0.000378, 0.999998, 0.001918, 0.547284, 0.0, 0.0, 0.0, 1.0],
                [0.904772, 0.000426, -0.425897, 0.000369, -0.425898, 0.001907, -0.904769, 0.001633, 0.000426, 0.999998, 0.001907, 0.570594, 0.0, 0.0, 0.0, 1.0],
                [0.882055, 0.000475, -0.471148, 0.00042, -0.471148, 0.001897, -0.882052, 0.001669, 0.000475, 0.999998, 0.001897, 0.593904, 0.0, 0.0, 0.0, 1.0],
                [0.85706, 0.000523, -0.515218, 0.000473, -0.515218, 0.001884, -0.857056, 0.001702, 0.000523, 0.999998, 0.001884, 0.617213, 0.0, 0.0, 0.0, 1.0],
                [0.829882, 0.00057, -0.557938, 0.000528, -0.557939, 0.001869, -0.82988, 0.001732, 0.00057, 0.999998, 0.001869, 0.640523, 0.0, 0.0, 0.0, 1.0]
            ]
        },
        {
            "name": "Thigh_R",
            "time": [0.0, 0.0333, 0.0667, 0.1, 0.1333, 0.1667, 0.2, 0.2333, 0.2667, 0.3, 0.3333, 0.3667, 0.4, 0.4333, 0.4667, 0.5, 0.5333, 0.5667, 0.6, 0.6333, 0.6667, 0.7, 0.7333, 0.7667, 0.8, 0.8333, 0.8667, 0.9, 0.9333, 0.9667, 1.0, 1.0333, 1.0667, 1.1],
            "transform": [
                [0.910921, 0.402175, -0.092097, 0.124994, 0.384325, -0.745914, 0.543971, -0.002831, 0.150075, -0.530907, -0.834034, -1.2e-05, 0.0, 0.0, 0.0, 1.0],
                [0.917958, 0.383567, -0.101151, 0.124994, 0.359224, -0.695629, 0.622138, -0.00283, 0.168269, -0.60743, -0.776345, -1.2e-05, 0.0, 0.0, 0.0, 1.0],
                [0.943089, 0.332204, -0.015083, 0.124994, 0.240545, -0.650149, 0.720723, -0.00283, 0.229622, -0.683331, -0.693058, -1.2e-05, 0.0, 0.0, 0.0, 1.0],
                [0.929266, 0.369384, 0.004668, 0.124994, 0.219822, -0.563072, 0.796634, -0.00283, 0.296894, -0.739257, -0.604442, -1.2e-05, 0.0, 0.0, 0.0, 1.0],
                [0.905375, 0.424111, -0.020668, 0.124994, 0.232589, -0.45462, 0.859779, -0.00283, 0.355247, -0.783229, -0.510245, -1.2e-05, 0.0, 0.0, 0.0, 1.0],
                [0.870909, 0.478567, -0.111769, 0.124994, 0.29652, -0.330334, 0.896077, -0.00283, 0.391913, -0.813542, -0.429595, -1.2e-05, 0.0, 0.0, 0.0, 1.0],
                [0.801379, 0.515283, -0.303769, 0.124994, 0.526429, -0.366427, 0.767205, -0.00283, 0.284019, -0.774733, -0.564907, -1.2e-05, 0.0, 0.0, 0.0, 1.0],
                [0.760242, 0.56331, -0.323598, 0.124994, 0.637508, -0.551067, 0.538431, -0.00283, 0.12498, -0.615632, -0.778058, -1.2e-05, 0.0, 0.0, 0.0, 1.0],
                [0.74352, 0.654965, -0.134905, 0.124994, 0.63957, -0.637582, 0.429463, -0.00283, 0.195271, -0.405594, -0.892951, -1.2e-05, 0.0, 0.0, 0.0, 1.0],
                [0.693975, 0.707481, 0.133675, 0.124994, 0.636476, -0.689596, 0.345477, -0.00283, 0.336601, -0.15467, -0.928857, -1.2e-05, 0.0, 0.0, 0.0, 1.0],
                [0.655167, 0.695976, 0.293894, 0.124994, 0.628861, -0.717983, 0.298383, -0.00283, 0.41868, -0.010671, -0.908071, -1.2e-05, 0.0, 0.0, 0.0, 1.0],
                [0.663607, 0.673338, 0.325946, 0.124994, 0.607322, -0.739314, 0.290814, -0.00283, 0.436794, 0.004968, -0.899548, -1.2e-05, 0.0, 0.0, 0.0, 1.0],
                [0.67344, 0.650682, 0.350844, 0.124994, 0.585784, -0.759209, 0.283649, -0.002831, 0.45093, 0.014499, -0.892441, -1.2e-05, 0.0, 0.0, 0.0, 1.0],
                [0.684063, 0.633884, 0.360901, 0.124994, 0.567851, -0.773331, 0.281961, -0.00283, 0.457828, 0.012059, -0.888959, -1.2e-05, 0.0, 0.0, 0.0, 1.0],
                [0.694768, 0.623728, 0.358135, 0.124994, 0.554035, -0.781638, 0.286505, -0.00283, 0.458635, -0.000634, -0.888625, -1.2e-05, 0.0, 0.0, 0.0, 1.0],
                [0.706845, 0.616156, 0.34745, 0.124994, 0.541704, -0.787373, 0.294278, -0.00283, 0.454896, -0.019793, -0.890325, -1.2e-05, 0.0, 0.0, 0.0, 1.0],
                [0.71958, 0.611665, 0.328741, 0.124994, 0.532411, -0.789892, 0.304315, -0.00283, 0.445811, -0.043953, -0.894047, -1.2e-05, 0.0, 0.0, 0.0, 1.0],
                [0.73152, 0.614631, 0.295139, 0.124994, 0.527699, -0.784479, 0.325769, -0.00283, 0.431759, -0.082561, -0.898202, -1.2e-05, 0.0, 0.0, 0.0, 1.0],
                [0.743111, 0.621208, 0.24877, 0.124994, 0.525212, -0.771806, 0.358422, -0.00283, 0.414659, -0.13569, -0.899803, -1.2e-05, 0.0, 0.0, 0.0, 1.0],
                [0.752531, 0.62914, 0.194629, 0.124994, 0.525947, -0.752007, 0.397321, -0.00283, 0.396334, -0.196631, -0.896803, -1.2e-05, 0.0, 0.0, 0.0, 1.0],
                [0.762407, 0.63183, 0.139739, 0.124994, 0.525093, -0.730263, 0.437027, -0.00283, 0.378174, -0.259816, -0.888527, -1.2e-05, 0.0, 0.0, 0.0, 1.0],
                [0.770578, 0.631209, 0.088232, 0.124994, 0.524484, -0.706665, 0.47491, -0.00283, 0.362119, -0.319677, -0.8756, -1.2e-05, 0.0, 0.0, 0.0, 1.0],
                [0.778819, 0.625958, 0.040236, 0.124994, 0.523032, -0.683484, 0.509202, -0.002831, 0.34624, -0.37553, -0.859706, -1.2e-05, 0.0, 0.0, 0.0, 1.0],
                [0.787418, 0.616414, 0.002757, 0.124994, 0.51955, -0.66607, 0.535179, -0.002831, 0.33173, -0.419975, -0.844734, -1.2e-05, 0.0, 0.0, 0.0, 1.0],
                [0.79506, 0.605881, -0.028078, 0.124994, 0.517707, -0.653773, 0.551869, -0.00283, 0.316012, -0.453303, -0.833458, -1.2e-05, 0.0, 0.0, 0.0, 1.0],
                [0.800247, 0.59703, -0.056218, 0.124994, 0.519641, -0.643599, 0.561919, -0.00283, 0.299302, -0.478886, -0.825279, -1.2e-05, 0.0, 0.0, 0.0, 1.0],
                [0.807571, 0.584809, -0.076341, 0.124994, 0.516253, -0.638367, 0.570937, -0.00283, 0.285156, -0.500483, -0.817436, -1.2e-05, 0.0, 0.0, 0.0, 1.0],
                [0.818602, 0.567616, -0.087778, 0.124994, 0.506881, -0.642058, 0.57518, -0.00283, 0.270123, -0.515334, -0.813303, -1.2e-05, 0.0, 0.0, 0.0, 1.0],
                [0.834084, 0.54433, -0.089495, 0.124994, 0.488577, -0.653618, 0.577993, -0.00283, 0.256125, -0.525818, -0.811119, -1.2e-05, 0.0, 0.0, 0.0, 1.0],
                [0.849854, 0.51955, -0.088423, 0.124994, 0.469232, -0.669546, 0.575785, -0.00283, 0.239946, -0.530822, -0.812805, -1.2e-05, 0.0, 0.0, 0.0, 1.0],
                [0.866111, 0.492829, -0.083509, 0.124994, 0.447077, -0.68905, 0.570378, -0.00283, 0.223558, -0.531344, -0.817126, -1.2e-05, 0.0, 0.0, 0.0, 1.0],
                [0.880908, 0.466813, -0.078026, 0.124994, 0.425581, -0.709131, 0.56215, -0.00283, 0.207089, -0.528406, -0.823346, -1.2e-05, 0.0, 0.0, 0.0, 1.0],
                [0.894777, 0.440574, -0.072596, 0.124994, 0.403751, -0.728878, 0.552919, -0.002831, 0.190689, -0.524048, -0.830066, -1.2e-05, 0.0, 0.0, 0.0, 1.0],
                [0.90712, 0.414368, -0.07372, 0.124994, 0.383075, -0.740325, 0.552422, -0.00283, 0.17433, -0.529351, -0.830298, -1.2e-05, 0.0, 0.0, 0.0, 1.0]
            ]
        },
        {
            "name": "Leg_R",
            "time": [0.0, 0.0333, 0.0667, 0.1, 0.1333, 0.1667, 0.2, 0.2333, 0.2667, 0.3, 0.3333, 0.3667, 0.4, 0.4333, 0.4667, 0.5, 0.5333, 0.5667, 0.6, 0.6333, 0.6667, 0.7, 0.7333, 0.7667, 0.8, 0.8333, 0.8667, 0.9, 0.9333, 0.9667, 1.0, 1.0333, 1.0667, 1.1],
            "transform": [
                [1.0, -0.001906, 0.000439, -0.0, 0.000437, 0.436944, 0.899488, 0.37472, -0.001906, -0.899483, 0.436946, -0.0, 0.0, 0.0, 0.0, 1.0],
                [1.000001, -0.001943, 0.000224, 0.0, 0.000222, 0.226764, 0.97395, 0.37472, -0.001943, -0.973945, 0.226765, 0.0, 0.0, 0.0, 0.0, 1.0],
                [1.000001, -0.001949, 0.000164, 0.0, 0.000162, 0.166347, 0.986067, 0.37472, -0.001949, -0.986062, 0.166348, -0.0, 0.0, 0.0, 0.0, 1.0],
                [1.0, -0.001955, 6.9e-05, 0.0, 6.6e-05, 0.069105, 0.99761, 0.37472, -0.001955, -0.997605, 0.069105, 0.0, 0.0, 0.0, 0.0, 1.0],
                [1.000001, -0.001956, -1.6e-05, -0.0, -1.8e-05, -0.017507, 0.999848, 0.37472, -0.001956, -0.999841, -0.017508, -0.0, 0.0, 0.0, 0.0, 1.0],
                [1.0, -0.001956, -1.9e-05, 0.0, -2.1e-05, -0.020412, 0.999792, 0.37472, -0.001956, -0.999787, -0.020412, 0.0, 0.0, 0.0, 0.0, 1.0],
                [1.0, -0.001949, -0.000169, -0.0, -0.000173, -0.174358, 0.984683, 0.37472, -0.001948, -0.984678, -0.174359, -0.0, 0.0, 0.0, 0.0, 1.0],
                [1.0, -0.001938, -0.000257, -0.0, -0.00026, -0.262429, 0.964952, 0.37472, -0.001938, -0.964947, -0.26243, -0.0, 0.0, 0.0, 0.0, 1.0],
                [1.0, -0.001944, -0.000213, 0.0, -0.000216, -0.218151, 0.975915, 0.37472, -0.001943, -0.975911, -0.218151, -0.0, 0.0, 0.0, 0.0, 1.0],
                [1.0, -0.001953, -8.9e-05, -0.0, -9.2e-05, -0.092525, 0.99571, 0.37472, -0.001953, -0.995706, -0.092525, 0.0, 0.0, 0.0, 0.0, 1.0],
                [0.999999, -0.001955, 5e-06, -0.0, 1e-06, 0.002926, 0.999996, 0.37472, -0.001955, -0.999992, 0.002926, 0.0, 0.0, 0.0, 0.0, 1.0],
                [1.0, -0.001955, -6e-06, -0.0, -9e-06, -0.007798, 0.99997, 0.37472, -0.001955, -0.999966, -0.007798, -0.0, 0.0, 0.0, 0.0, 1.0],
                [0.999999, -0.001955, 2e-06, 0.0, -2e-06, -0.0, 1.0, 0.37472, -0.001955, -0.999997, -0.0, -0.0, 0.0, 0.0, 0.0, 1.0],
                [1.0, -0.001955, 1e-05, 0.0, 6e-06, 0.007798, 0.99997, 0.37472, -0.001955, -0.999966, 0.007798, 0.0, 0.0, 0.0, 0.0, 1.0],
                [0.999999, -0.001956, 2e-05, -0.0, 1.6e-05, 0.018475, 0.999829, 0.37472, -0.001956, -0.999826, 0.018475, -0.0, 0.0, 0.0, 0.0, 1.0],
                [1.0, -0.001956, 3.2e-05, 0.0, 3e-05, 0.031935, 0.99949, 0.37472, -0.001956, -0.999486, 0.031936, -0.0, 0.0, 0.0, 0.0, 1.0],
                [1.0, -0.001955, 4.6e-05, -0.0, 4.3e-05, 0.045391, 0.998969, 0.37472, -0.001955, -0.998966, 0.045391, -0.0, 0.0, 0.0, 0.0, 1.0],
                [1.0, -0.001955, 4.3e-05, -0.0, 4e-05, 0.042525, 0.999096, 0.37472, -0.001955, -0.999092, 0.042525, 0.0, 0.0, 0.0, 0.0, 1.0],
                [1.0, -0.001955, 2.3e-05, 0.0, 1.9e-05, 0.021376, 0.999772, 0.37472, -0.001955, -0.999767, 0.021376, -0.0, 0.0, 0.0, 0.0, 1.0],
                [1.0, -0.001956, -1.1e-05, -0.0, -1.4e-05, -0.01297, 0.999916, 0.37472, -0.001956, -0.999911, -0.01297, 0.0, 0.0, 0.0, 0.0, 1.0],
                [1.0, -0.001955, -4.5e-05, 0.0, -4.8e-05, -0.047299, 0.998881, 0.37472, -0.001955, -0.998877, -0.047299, 0.0, 0.0, 0.0, 0.0, 1.0],
                [0.999999, -0.001954, -7.4e-05, -0.0, -7.7e-05, -0.076633, 0.99706, 0.37472, -0.001954, -0.997056, -0.076634, -0.0, 0.0, 0.0, 0.0, 1.0],
                [1.0, -0.001954, -9.3e-05, 0.0, -9.6e-05, -0.096244, 0.995358, 0.37472, -0.001954, -0.995354, -0.096245, 0.0, 0.0, 0.0, 0.0, 1.0],
                [1.0, -0.001953, -9.7e-05, 0.0, -0.0001, -0.100882, 0.994899, 0.37472, -0.001953, -0.994894, -0.100882, 0.0, 0.0, 0.0, 0.0, 1.0],
                [1.0, -0.001955, -8.1e-05, -0.0, -8.4e-05, -0.084129, 0.996456, 0.37472, -0.001954, -0.996451, -0.084129, 0.0, 0.0, 0.0, 0.0, 1.0],
                [0.999999, -0.001956, -4.4e-05, 0.0, -4.8e-05, -0.0473, 0.998881, 0.37472, -0.001955, -0.998876, -0.0473, 0.0, 0.0, 0.0, 0.0, 1.0],
                [1.0, -0.001956, 9e-06, -0.0, 6e-06, 0.007796, 0.99997, 0.37472, -0.001956, -0.999965, 0.007796, -0.0, 0.0, 0.0, 0.0, 1.0],
                [1.000001, -0.001955, 6.4e-05, 0.0, 6.1e-05, 0.063655, 0.997973, 0.37472, -0.001956, -0.997967, 0.063655, -0.0, 0.0, 0.0, 0.0, 1.0],
                [1.0, -0.001952, 0.000118, 0.0, 0.000115, 0.119313, 0.992857, 0.37472, -0.001952, -0.992851, 0.119313, -0.0, 0.0, 0.0, 0.0, 1.0],
                [1.0, -0.001948, 0.000179, -0.0, 0.000177, 0.181443, 0.983402, 0.37472, -0.001948, -0.983397, 0.181444, 0.0, 0.0, 0.0, 0.0, 1.0],
                [1.0, -0.00194, 0.000246, -0.0, 0.000244, 0.248942, 0.968518, 0.37472, -0.00194, -0.968514, 0.248942, 0.0, 0.0, 0.0, 0.0, 1.0],
                [1.000001, -0.001931, 0.000316, -0.0, 0.000313, 0.317116, 0.948386, 0.37472, -0.001931, -0.948381, 0.317118, 0.0, 0.0, 0.0, 0.0, 1.0],
                [1.000001, -0.001918, 0.000384, -0.0, 0.000381, 0.383689, 0.923462, 0.37472, -0.001918, -0.923457, 0.38369, -0.0, 0.0, 0.0, 0.0, 1.0],
                [1.0, -0.001906, 0.000437, 0.0, 0.000435, 0.434743, 0.900554, 0.37472, -0.001907, -0.900549, 0.434744, 0.0, 0.0, 0.0, 0.0, 1.0]
            ]
        },
        {
            "name": "Knee_R",
            "time": [0.0, 1.1],
            "transform": [
                [1.0, -0.0, -0.0, -0.0, -0.0, 1e-06, -1.0, 0.37472, -0.0, 1.0, 1e-06, -0.0, 0.0, 0.0, 0.0, 1.0],
                [1.0, 0.0, -0.0, 0.0, -0.0, 1e-06, -1.0, 0.37472, -0.0, 1.0, 1e-06, 0.0, 0.0, 0.0, 0.0, 1.0]
            ]
        },
        {
            "name": "Thigh_L",
            "time": [0.0, 0.0333, 0.0667, 0.1, 0.1333, 0.1667, 0.2, 0.2333, 0.2667, 0.3, 0.3333, 0.3667, 0.4, 0.4333, 0.4667, 0.5, 0.5333, 0.5667, 0.6, 0.6333, 0.6667, 0.7, 0.7333, 0.7667, 0.8, 0.8333, 0.8667, 0.9, 0.9333, 0.9667, 1.0, 1.0333, 1.0667, 1.1],
            "transform": [
                [0.714317, -0.630484, -0.303713, -0.125006, -0.231672, -0.622554, 0.747497, -0.002831, -0.660367, -0.463586, -0.590766, -1.2e-05, 0.0, 0.0, 0.0, 1.0],
                [0.736144, -0.641945, -0.214474, -0.125006, -0.216574, -0.523637, 0.823953, -0.002831, -0.641242, -0.560097, -0.5245, -1.2e-05, 0.0, 0.0, 0.0, 1.0],
                [0.774592, -0.591256, -0.224554, -0.125006, -0.167994, -0.534633, 0.828217, -0.002831, -0.609746, -0.603804, -0.513449, -1.2e-05, 0.0, 0.0, 0.0, 1.0],
                [0.830758, -0.513971, -0.213723, -0.125006, -0.088571, -0.501118, 0.860833, -0.002831, -0.549547, -0.696212, -0.46183, -1.2e-05, 0.0, 0.0, 0.0, 1.0],
                [0.784143, -0.60842, -0.122255, -0.125006, -0.256877, -0.497549, 0.828527, -0.002831, -0.564923, -0.618277, -0.546438, -1.2e-05, 0.0, 0.0, 0.0, 1.0],
                [0.638082, -0.73211, -0.238467, -0.125006, -0.442763, -0.602262, 0.664259, -0.002831, -0.629933, -0.318267, -0.708443, -1.2e-05, 0.0, 0.0, 0.0, 1.0],
                [0.65475, -0.712687, -0.251753, -0.125006, -0.606211, -0.694083, 0.388274, -0.002831, -0.451457, -0.101606, -0.886489, -1.2e-05, 0.0, 0.0, 0.0, 1.0],
                [0.68773, -0.717566, -0.11012, -0.125006, -0.586613, -0.638644, 0.498015, -0.002831, -0.427688, -0.277901, -0.860147, -1.2e-05, 0.0, 0.0, 0.0, 1.0],
                [0.718087, -0.695575, 0.022952, -0.125006, -0.577069, -0.576659, 0.578321, -0.002831, -0.389032, -0.428528, -0.815485, -1.2e-05, 0.0, 0.0, 0.0, 1.0],
                [0.747347, -0.651825, 0.128834, -0.125006, -0.568518, -0.526966, 0.631739, -0.002831, -0.343893, -0.545371, -0.764399, -1.2e-05, 0.0, 0.0, 0.0, 1.0],
                [0.772559, -0.60233, 0.200878, -0.125006, -0.560223, -0.497726, 0.662132, -0.002831, -0.298841, -0.624071, -0.721962, -1.2e-05, 0.0, 0.0, 0.0, 1.0],
                [0.790708, -0.559231, 0.249087, -0.125006, -0.554804, -0.482579, 0.677724, -0.002831, -0.2588, -0.674074, -0.691842, -1.2e-05, 0.0, 0.0, 0.0, 1.0],
                [0.801986, -0.53063, 0.274321, -0.125006, -0.550715, -0.478919, 0.683629, -0.002831, -0.231377, -0.699331, -0.676312, -1.2e-05, 0.0, 0.0, 0.0, 1.0],
                [0.806447, -0.520779, 0.280061, -0.125006, -0.548016, -0.48036, 0.684787, -0.002831, -0.222093, -0.705721, -0.672779, -1.2e-05, 0.0, 0.0, 0.0, 1.0],
                [0.806538, -0.527947, 0.266027, -0.125006, -0.544983, -0.48958, 0.680665, -0.002831, -0.229114, -0.69396, -0.682586, -1.2e-05, 0.0, 0.0, 0.0, 1.0],
                [0.803175, -0.545386, 0.239721, -0.125006, -0.544061, -0.507548, 0.668126, -0.002831, -0.242717, -0.667043, -0.704372, -1.2e-05, 0.0, 0.0, 0.0, 1.0],
                [0.798284, -0.565908, 0.206138, -0.125006, -0.543924, -0.530412, 0.650238, -0.002831, -0.258637, -0.631196, -0.73123, -1.2e-05, 0.0, 0.0, 0.0, 1.0],
                [0.791642, -0.586086, 0.172649, -0.125006, -0.544243, -0.547998, 0.635215, -0.002831, -0.27768, -0.596824, -0.75279, -1.2e-05, 0.0, 0.0, 0.0, 1.0],
                [0.784364, -0.602988, 0.145531, -0.125006, -0.546796, -0.561333, 0.621224, -0.002831, -0.2929, -0.56684, -0.77, -1.2e-05, 0.0, 0.0, 0.0, 1.0],
                [0.778959, -0.615563, 0.119607, -0.125006, -0.548125, -0.57573, 0.606707, -0.002831, -0.304606, -0.538158, -0.785875, -1.2e-05, 0.0, 0.0, 0.0, 1.0],
                [0.775264, -0.624341, 0.095732, -0.125006, -0.548647, -0.59052, 0.591838, -0.002831, -0.312979, -0.511351, -0.800351, -1.2e-05, 0.0, 0.0, 0.0, 1.0],
                [0.774651, -0.62808, 0.073707, -0.125006, -0.546702, -0.606535, 0.577262, -0.002831, -0.317862, -0.487471, -0.813224, -1.2e-05, 0.0, 0.0, 0.0, 1.0],
                [0.775484, -0.629368, 0.050205, -0.125006, -0.542805, -0.623978, 0.562151, -0.002831, -0.322474, -0.463189, -0.825509, -1.2e-05, 0.0, 0.0, 0.0, 1.0],
                [0.776626, -0.629436, 0.025759, -0.125006, -0.537784, -0.641132, 0.547483, -0.002831, -0.328092, -0.43904, -0.83642, -1.2e-05, 0.0, 0.0, 0.0, 1.0],
                [0.7789, -0.627147, -0.001279, -0.125006, -0.530764, -0.660274, 0.531345, -0.002831, -0.334077, -0.413184, -0.847154, -1.2e-05, 0.0, 0.0, 0.0, 1.0],
                [0.781062, -0.623405, -0.036191, -0.125006, -0.520775, -0.682262, 0.513138, -0.002831, -0.344586, -0.381944, -0.857542, -1.2e-05, 0.0, 0.0, 0.0, 1.0],
                [0.791567, -0.610444, 0.027934, -0.125006, -0.463665, -0.570202, 0.678146, -0.002831, -0.398044, -0.549748, -0.734395, -1.2e-05, 0.0, 0.0, 0.0, 1.0],
                [0.812773, -0.576536, 0.083715, -0.125006, -0.364352, -0.390912, 0.845242, -0.002831, -0.454588, -0.717491, -0.527784, -1.2e-05, 0.0, 0.0, 0.0, 1.0],
                [0.821834, -0.56967, -0.008218, -0.125006, -0.263855, -0.393353, 0.880711, -0.002831, -0.50495, -0.721627, -0.473581, -1.2e-05, 0.0, 0.0, 0.0, 1.0],
                [0.807597, -0.577015, -0.121826, -0.125006, -0.19731, -0.459043, 0.866225, -0.002831, -0.555751, -0.675522, -0.484572, -1.2e-05, 0.0, 0.0, 0.0, 1.0],
                [0.781274, -0.59994, -0.17229, -0.125006, -0.203354, -0.505605, 0.838456, -0.002831, -0.590137, -0.620026, -0.517016, -1.2e-05, 0.0, 0.0, 0.0, 1.0],
                [0.758361, -0.615315, -0.215123, -0.125006, -0.213343, -0.546149, 0.810064, -0.002831, -0.615937, -0.568424, -0.545451, -1.2e-05, 0.0, 0.0, 0.0, 1.0],
                [0.73687, -0.625239, -0.257097, -0.125006, -0.222843, -0.583689, 0.780797, -0.002831, -0.638253, -0.518053, -0.569433, -1.2e-05, 0.0, 0.0, 0.0, 1.0],
                [0.714696, -0.630317, -0.303168, -0.125006, -0.231976, -0.622524, 0.747428, -0.002831, -0.659849, -0.463855, -0.591133, -1.2e-05, 0.0, 0.0, 0.0, 1.0]
            ]
        },
        {
            "name": "Leg_L",
            "time": [0.0, 0.0333, 0.0667, 0.1, 0.1333, 0.1667, 0.2, 0.2333, 0.2667, 0.3, 0.3333, 0.3667, 0.4, 0.4333, 0.4667, 0.5, 0.5333, 0.5667, 0.6, 0.6333, 0.6667, 0.7, 0.7333, 0.7667, 0.8, 0.8333, 0.8667, 0.9, 0.9333, 0.9667, 1.0, 1.0333, 1.0667, 1.1],
            "transform": [
                [1.000001, -0.001914, 0.000399, -0.0, 0.000398, 0.398937, 0.916977, 0.37472, -0.001914, -0.916974, 0.398938, -0.0, 0.0, 0.0, 0.0, 1.0],
                [1.000001, -0.00192, 0.000368, -0.0, 0.000365, 0.368255, 0.929724, 0.37472, -0.001921, -0.92972, 0.368256, -0.0, 0.0, 0.0, 0.0, 1.0],
                [1.000001, -0.001833, 0.00068, 0.0, 0.000677, 0.650588, 0.759429, 0.37472, -0.001834, -0.759426, 0.650589, -0.0, 0.0, 0.0, 0.0, 1.0],
                [1.0, -0.001792, 0.000781, 0.0, 0.000779, 0.731848, 0.681466, 0.37472, -0.001793, -0.681463, 0.731849, 0.0, 0.0, 0.0, 0.0, 1.0],
                [1.0, -0.001953, 9.8e-05, 0.0, 9.7e-05, 0.099955, 0.994992, 0.37472, -0.001953, -0.994988, 0.099955, 0.0, 0.0, 0.0, 0.0, 1.0],
                [1.0, -0.001954, 5.1e-05, 0.0, 5e-05, 0.052062, 0.998644, 0.37472, -0.001954, -0.998641, 0.052062, 0.0, 0.0, 0.0, 0.0, 1.0],
                [1.0, -0.001941, 0.000232, -0.0, 0.000231, 0.235334, 0.971914, 0.37472, -0.001941, -0.971911, 0.235334, -0.0, 0.0, 0.0, 0.0, 1.0],
                [1.0, -0.001954, 6.8e-05, 0.0, 6.6e-05, 0.068164, 0.997674, 0.37472, -0.001954, -0.99767, 0.068164, 0.0, 0.0, 0.0, 0.0, 1.0],
                [1.0, -0.001955, -4e-05, 0.0, -4.1e-05, -0.041569, 0.999136, 0.37472, -0.001955, -0.999132, -0.041569, -0.0, 0.0, 0.0, 0.0, 1.0],
                [1.0, -0.001953, -9.5e-05, -0.0, -9.7e-05, -0.098101, 0.995176, 0.37472, -0.001953, -0.995174, -0.098101, 0.0, 0.0, 0.0, 0.0, 1.0],
                [0.999999, -0.001952, -0.000113, 0.0, -0.000114, -0.115645, 0.993291, 0.37472, -0.001952, -0.993288, -0.115645, -0.0, 0.0, 0.0, 0.0, 1.0],
                [1.0, -0.001953, -0.000104, -0.0, -0.000106, -0.107356, 0.994221, 0.37472, -0.001953, -0.994217, -0.107356, -0.0, 0.0, 0.0, 0.0, 1.0],
                [1.0, -0.001954, -8.4e-05, -0.0, -8.5e-05, -0.086363, 0.996264, 0.37472, -0.001954, -0.99626, -0.086364, -0.0, 0.0, 0.0, 0.0, 1.0],
                [1.0, -0.001954, -6.3e-05, 0.0, -6.5e-05, -0.065332, 0.997863, 0.37472, -0.001954, -0.99786, -0.065332, 0.0, 0.0, 0.0, 0.0, 1.0],
                [1.0, -0.001955, -3.7e-05, -0.0, -3.9e-05, -0.038697, 0.999251, 0.37472, -0.001955, -0.999247, -0.038697, -0.0, 0.0, 0.0, 0.0, 1.0],
                [1.0, -0.001955, -2e-06, -0.0, -3e-06, -0.0024, 0.999997, 0.37472, -0.001955, -0.999993, -0.0024, -0.0, 0.0, 0.0, 0.0, 1.0],
                [1.0, -0.001955, 3.4e-05, -0.0, 3.2e-05, 0.033901, 0.999425, 0.37472, -0.001955, -0.999421, 0.033902, -0.0, 0.0, 0.0, 0.0, 1.0],
                [1.000001, -0.001955, 5.5e-05, 0.0, 5.3e-05, 0.054913, 0.998491, 0.37472, -0.001955, -0.998487, 0.054913, -0.0, 0.0, 0.0, 0.0, 1.0],
                [1.0, -0.001954, 6.2e-05, 0.0, 6e-05, 0.062496, 0.998045, 0.37472, -0.001954, -0.998042, 0.062496, -0.0, 0.0, 0.0, 0.0, 1.0],
                [1.0, -0.001954, 6.3e-05, -0.0, 6.1e-05, 0.063442, 0.997986, 0.37472, -0.001954, -0.997981, 0.063442, -0.0, 0.0, 0.0, 0.0, 1.0],
                [1.0, -0.001954, 6.1e-05, -0.0, 6e-05, 0.061864, 0.998085, 0.37472, -0.001954, -0.998081, 0.061864, 0.0, 0.0, 0.0, 0.0, 1.0],
                [1.0, -0.001954, 5.9e-05, 0.0, 5.9e-05, 0.060286, 0.998181, 0.37472, -0.001954, -0.998178, 0.060287, -0.0, 0.0, 0.0, 0.0, 1.0],
                [1.0, -0.001954, 5.9e-05, -0.0, 5.6e-05, 0.058709, 0.998275, 0.37472, -0.001955, -0.998272, 0.058709, 0.0, 0.0, 0.0, 0.0, 1.0],
                [1.0, -0.001954, 6.5e-05, -0.0, 6.3e-05, 0.065321, 0.997864, 0.37472, -0.001954, -0.997861, 0.065322, 0.0, 0.0, 0.0, 0.0, 1.0],
                [1.0, -0.001954, 7.1e-05, 0.0, 7e-05, 0.071933, 0.99741, 0.37472, -0.001954, -0.997405, 0.071933, -0.0, 0.0, 0.0, 0.0, 1.0],
                [1.0, -0.001953, 8.3e-05, -0.0, 8.2e-05, 0.084129, 0.996455, 0.37472, -0.001953, -0.996452, 0.084129, 0.0, 0.0, 0.0, 0.0, 1.0],
                [1.0, -0.001955, -4.2e-05, -0.0, -4.3e-05, -0.043481, 0.999055, 0.37472, -0.001955, -0.999051, -0.043481, 0.0, 0.0, 0.0, 0.0, 1.0],
                [1.0, -0.001954, -7.8e-05, 0.0, -7.9e-05, -0.080385, 0.996764, 0.37472, -0.001954, -0.996761, -0.080385, 0.0, 0.0, 0.0, 0.0, 1.0],
                [1.0, -0.001955, 3e-06, 0.0, 2e-06, 0.002926, 0.999996, 0.37472, -0.001955, -0.999992, 0.002926, -0.0, 0.0, 0.0, 0.0, 1.0],
                [1.0, -0.001952, 0.000107, -0.0, 0.000105, 0.108278, 0.994121, 0.37472, -0.001952, -0.994117, 0.108278, 0.0, 0.0, 0.0, 0.0, 1.0],
                [1.0, -0.001949, 0.000178, -0.0, 0.000178, 0.181216, 0.983443, 0.37472, -0.001949, -0.98344, 0.181216, -0.0, 0.0, 0.0, 0.0, 1.0],
                [1.000001, -0.00194, 0.00025, 0.0, 0.000249, 0.253169, 0.967422, 0.37472, -0.00194, -0.967418, 0.25317, -0.0, 0.0, 0.0, 0.0, 1.0],
                [1.0, -0.001929, 0.000323, -0.0, 0.000321, 0.324822, 0.945775, 0.37472, -0.001929, -0.945772, 0.324822, 0.0, 0.0, 0.0, 0.0, 1.0],
                [1.0, -0.001914, 0.000399, -0.0, 0.000397, 0.398937, 0.916978, 0.37472, -0.001914, -0.916975, 0.398937, 0.0, 0.0, 0.0, 0.0, 1.0]
            ]
        },
        {
            "name": "Knee_L",
            "time": [0.0, 1.1],
            "transform": [
                [1.0, 0.0, -0.0, -0.0, -0.0, 1e-06, -1.0, 0.37472, -0.0, 1.0, 1e-06, -0.0, 0.0, 0.0, 0.0, 1.0],
                [1.0, 0.0, -0.0, -0.0, -0.0, 1e-06, -1.0, 0.37472, -0.0, 1.0, 1e-06, 0.0, 0.0, 0.0, 0.0, 1.0]
            ]
        },
        {
            "name": "Torso",
            "time": [0.0, 0.0333, 0.0667, 0.1, 0.1333, 0.1667, 0.2, 0.2333, 0.2667, 0.3, 0.3333, 0.3667, 0.4, 0.4333, 0.4667, 0.5, 0.5333, 0.5667, 0.6, 0.6333, 0.6667, 0.7, 0.7333, 0.7667, 0.8, 0.8333, 0.8667, 0.9, 0.9333, 0.9667, 1.0, 1.0333, 1.0667, 1.1],
            "transform": [
                [0.995402, -0.081424, -0.050502, 0.0, 0.094481, 0.74652, 0.658619, 0.05, -0.015927, -0.660358, 0.75078, -0.0, 0.0, 0.0, 0.0, 1.0],
                [0.980566, 0.19232, 0.038845, 0.0, -0.194042, 0.921239, 0.337134, 0.05, 0.029052, -0.338117, 0.940655, 0.0, 0.0, 0.0, 0.0, 1.0],
                [0.973616, 0.168751, 0.153617, -0.0, -0.200582, 0.953854, 0.223441, 0.05, -0.108823, -0.248357, 0.962537, -0.0, 0.0, 0.0, 0.0, 1.0],
                [0.952261, 0.106348, 0.286172, 0.0, -0.149908, 0.97946, 0.134837, 0.05, -0.265956, -0.171298, 0.948644, -0.0, 0.0, 0.0, 0.0, 1.0],
                [0.910662, 0.018709, 0.412734, 0.0, -0.053573, 0.995885, 0.07306, 0.05, -0.40967, -0.088644, 0.907917, 0.0, 0.0, 0.0, 0.0, 1.0],
                [0.849858, -0.09703, 0.518006, 0.0, 0.101953, 0.994604, 0.019037, 0.05, -0.517061, 0.036633, 0.855165, -0.0, 0.0, 0.0, 0.0, 1.0],
                [0.787663, -0.197875, 0.58347, -0.0, 0.23184, 0.972605, 0.016873, 0.05, -0.570828, 0.12198, 0.81196, 0.0, 0.0, 0.0, 0.0, 1.0],
                [0.747549, -0.258321, 0.611918, -0.0, 0.282145, 0.95752, 0.059538, 0.05, -0.601307, 0.128141, 0.788677, 0.0, 0.0, 0.0, 0.0, 1.0],
                [0.715856, -0.321504, 0.619829, 0.0, 0.324275, 0.939227, 0.112667, 0.05, -0.618386, 0.120341, 0.776607, 0.0, 0.0, 0.0, 0.0, 1.0],
                [0.696258, -0.369508, 0.615378, -0.0, 0.34734, 0.923698, 0.161654, 0.05, -0.628159, 0.101192, 0.771478, -0.0, 0.0, 0.0, 0.0, 1.0],
                [0.689227, -0.408006, 0.598748, 0.0, 0.358799, 0.91013, 0.207179, 0.05, -0.629472, 0.072036, 0.773678, -0.0, 0.0, 0.0, 0.0, 1.0],
                [0.689232, -0.435657, 0.578934, -0.0, 0.359385, 0.89937, 0.248942, 0.05, -0.629133, 0.036481, 0.776442, 0.0, 0.0, 0.0, 0.0, 1.0],
                [0.698804, -0.453533, 0.553158, 0.0, 0.350354, 0.891203, 0.288103, 0.05, -0.623645, -0.007527, 0.781673, 0.0, 0.0, 0.0, 0.0, 1.0],
                [0.711918, -0.461835, 0.529039, 0.0, 0.334322, 0.885372, 0.323019, 0.05, -0.617581, -0.053094, 0.784714, 0.0, 0.0, 0.0, 0.0, 1.0],
                [0.730141, -0.462436, 0.50304, -0.0, 0.312859, 0.880737, 0.355553, 0.05, -0.607469, -0.102223, 0.78774, -0.0, 0.0, 0.0, 0.0, 1.0],
                [0.750901, -0.456413, 0.477323, 0.0, 0.285923, 0.876181, 0.388007, 0.05, -0.595317, -0.154876, 0.788424, -0.0, 0.0, 0.0, 0.0, 1.0],
                [0.773611, -0.443161, 0.45292, 0.0, 0.252929, 0.87131, 0.420526, 0.05, -0.580997, -0.210766, 0.786144, 0.0, 0.0, 0.0, 0.0, 1.0],
                [0.798589, -0.424194, 0.426987, 0.0, 0.217066, 0.86466, 0.453035, 0.05, -0.561377, -0.269103, 0.782586, 0.0, 0.0, 0.0, 0.0, 1.0],
                [0.823976, -0.397135, 0.404166, -0.0, 0.173518, 0.85586, 0.487227, 0.05, -0.539408, -0.331332, 0.774118, -0.0, 0.0, 0.0, 0.0, 1.0],
                [0.847835, -0.366545, 0.383175, 0.0, 0.129352, 0.843745, 0.520921, 0.05, -0.514246, -0.392088, 0.762771, 0.0, 0.0, 0.0, 0.0, 1.0],
                [0.869042, -0.333248, 0.365673, 0.0, 0.083454, 0.827262, 0.55558, 0.05, -0.487656, -0.452302, 0.746736, 0.0, 0.0, 0.0, 0.0, 1.0],
                [0.888858, -0.296478, 0.349336, -0.0, 0.037095, 0.80649, 0.59008, 0.05, -0.456684, -0.511536, 0.727853, 0.0, 0.0, 0.0, 0.0, 1.0],
                [0.905773, -0.261482, 0.333477, -0.0, -0.006332, 0.778491, 0.627621, 0.05, -0.423723, -0.57059, 0.703481, 0.0, 0.0, 0.0, 0.0, 1.0],
                [0.920251, -0.224803, 0.320322, -0.0, -0.046694, 0.749611, 0.660228, 0.05, -0.38854, -0.622529, 0.679333, 0.0, 0.0, 0.0, 0.0, 1.0],
                [0.932341, -0.195921, 0.303908, -0.0, -0.07571, 0.716076, 0.693902, 0.05, -0.353573, -0.669958, 0.652794, -0.0, 0.0, 0.0, 0.0, 1.0],
                [0.943503, -0.171589, 0.283485, -0.0, -0.092276, 0.685605, 0.7221, 0.05, -0.318265, -0.707459, 0.631037, 0.0, 0.0, 0.0, 0.0, 1.0],
                [0.954323, -0.150665, 0.258014, -0.0, -0.094795, 0.666253, 0.739675, 0.05, -0.283347, -0.730344, 0.621538, 0.0, 0.0, 0.0, 0.0, 1.0],
                [0.965002, -0.132275, 0.226447, -0.0, -0.08391, 0.662349, 0.74448, 0.05, -0.248465, -0.737422, 0.628069, 0.0, 0.0, 0.0, 0.0, 1.0],
                [0.975126, -0.118089, 0.187587, 0.0, -0.061768, 0.667992, 0.741599, 0.05, -0.212883, -0.734735, 0.644083, -0.0, 0.0, 0.0, 0.0, 1.0],
                [0.983843, -0.106794, 0.143706, 0.0, -0.032176, 0.684104, 0.728673, 0.05, -0.176129, -0.721521, 0.669615, 0.0, 0.0, 0.0, 0.0, 1.0],
                [0.990486, -0.098699, 0.095922, -0.0, 0.001045, 0.702318, 0.711861, 0.05, -0.137629, -0.704984, 0.69574, -0.0, 0.0, 0.0, 0.0, 1.0],
                [0.99464, -0.092073, 0.047113, 0.0, 0.033788, 0.719788, 0.693369, 0.05, -0.097753, -0.688056, 0.719041, -0.0, 0.0, 0.0, 0.0, 1.0],
                [0.996214, -0.086931, -0.002517, -0.0, 0.065968, 0.73648, 0.673233, 0.05, -0.056671, -0.670846, 0.739426, -0.0, 0.0, 0.0, 0.0, 1.0],
                [0.995401, -0.081424, -0.050502, 0.0, 0.094481, 0.74652, 0.658619, 0.05, -0.015927, -0.660359, 0.750781, 0.0, 0.0, 0.0, 0.0, 1.0]
            ]
        },
        {
            "name": "Chest",
            "time": [0.0, 0.0333, 0.0667, 0.1, 0.1333, 0.1667, 0.2, 0.2333, 0.2667, 0.3, 0.3333, 0.3667, 0.4, 0.4333, 0.4667, 0.5, 0.5333, 0.5667, 0.6, 0.6333, 0.6667, 0.7, 0.7333, 0.7667, 0.8, 0.8333, 0.8667, 0.9, 0.9333, 0.9667, 1.0, 1.0333, 1.0667, 1.1],
            "transform": [
                [0.992373, 0.110237, 0.055176, 0.0, -0.073515, 0.888499, -0.452949, 0.3, -0.098956, 0.445439, 0.889825, 0.0, 0.0, 0.0, 0.0, 1.0],
                [0.992062, -0.121592, 0.032098, -0.0, 0.124125, 0.987742, -0.094647, 0.3, -0.020197, 0.09788, 0.994991, 0.0, 0.0, 0.0, 0.0, 1.0],
                [0.993467, -0.102635, -0.049914, 0.0, 0.10081, 0.994188, -0.037799, 0.3, 0.053504, 0.03252, 0.998036, 0.0, 0.0, 0.0, 0.0, 1.0],
                [0.988848, -0.050329, -0.140177, 0.0, 0.050289, 0.998727, -0.003828, 0.3, 0.140192, -0.003264, 0.990117, -0.0, 0.0, 0.0, 0.0, 1.0],
                [0.974395, 0.01249, -0.224504, 0.0, -0.009676, 0.99986, 0.013632, 0.3, 0.224644, -0.011111, 0.974376, -0.0, 0.0, 0.0, 0.0, 1.0],
                [0.952923, 0.066509, -0.295833, -0.0, -0.063918, 0.997784, 0.018433, 0.3, 0.296405, 0.001344, 0.955059, -0.0, 0.0, 0.0, 0.0, 1.0],
                [0.934496, 0.09261, -0.343721, -0.0, -0.094393, 0.995467, 0.01158, 0.3, 0.343237, 0.021623, 0.938998, -0.0, 0.0, 0.0, 0.0, 1.0],
                [0.923381, 0.090031, -0.373181, -0.0, -0.100918, 0.994847, -0.009697, 0.3, 0.370387, 0.046615, 0.927705, 0.0, 0.0, 0.0, 0.0, 1.0],
                [0.916674, 0.073384, -0.392841, 0.0, -0.099908, 0.993864, -0.047474, 0.3, 0.386948, 0.082767, 0.918377, 0.0, 0.0, 0.0, 0.0, 1.0],
                [0.913664, 0.047029, -0.403743, -0.0, -0.092828, 0.991177, -0.09461, 0.3, 0.395733, 0.12392, 0.909964, 0.0, 0.0, 0.0, 0.0, 1.0],
                [0.914528, 0.017032, -0.404165, 0.0, -0.083298, 0.985631, -0.146946, 0.3, 0.395856, 0.168052, 0.902803, -0.0, 0.0, 0.0, 0.0, 1.0],
                [0.915, -0.012591, -0.40326, -0.0, -0.074242, 0.97719, -0.198964, 0.3, 0.396569, 0.211991, 0.893191, -0.0, 0.0, 0.0, 0.0, 1.0],
                [0.917229, -0.038035, -0.396544, -0.0, -0.067354, 0.966293, -0.248476, 0.3, 0.392631, 0.254618, 0.883746, 0.0, 0.0, 0.0, 0.0, 1.0],
                [0.91968, -0.053873, -0.388956, -0.0, -0.065085, 0.955929, -0.286292, 0.3, 0.387239, 0.288613, 0.875639, 0.0, 0.0, 0.0, 0.0, 1.0],
                [0.922855, -0.062808, -0.379994, -0.0, -0.066494, 0.945818, -0.317816, 0.3, 0.379368, 0.318565, 0.868673, 0.0, 0.0, 0.0, 0.0, 1.0],
                [0.925975, -0.071512, -0.370754, -0.0, -0.067561, 0.934676, -0.349019, 0.3, 0.371496, 0.348232, 0.860652, 0.0, 0.0, 0.0, 0.0, 1.0],
                [0.929036, -0.079978, -0.361246, 0.0, -0.06829, 0.922517, -0.379864, 0.3, 0.363638, 0.377577, 0.851587, -0.0, 0.0, 0.0, 0.0, 1.0],
                [0.93335, -0.086235, -0.348459, -0.0, -0.068949, 0.909576, -0.409774, 0.3, 0.352289, 0.406488, 0.843005, 0.0, 0.0, 0.0, 0.0, 1.0],
                [0.937543, -0.092191, -0.335433, -0.0, -0.06909, 0.895689, -0.439279, 0.3, 0.340943, 0.435018, 0.833375, 0.0, 0.0, 0.0, 0.0, 1.0],
                [0.942411, -0.095582, -0.320515, -0.0, -0.068645, 0.88262, -0.465045, 0.3, 0.327345, 0.460264, 0.825227, -0.0, 0.0, 0.0, 0.0, 1.0],
                [0.94709, -0.098684, -0.305424, -0.0, -0.067634, 0.868839, -0.490451, 0.3, 0.313765, 0.485158, 0.816193, -0.0, 0.0, 0.0, 0.0, 1.0],
                [0.952546, -0.098328, -0.288082, -0.0, -0.066384, 0.85651, -0.511841, 0.3, 0.297075, 0.506675, 0.809336, 0.0, 0.0, 0.0, 0.0, 1.0],
                [0.957714, -0.097666, -0.270644, -0.0, -0.064567, 0.843686, -0.532937, 0.3, 0.28039, 0.527875, 0.801703, 0.0, 0.0, 0.0, 0.0, 1.0],
                [0.963544, -0.092527, -0.251046, 0.0, -0.062365, 0.834782, -0.547035, 0.3, 0.260185, 0.542748, 0.798578, -0.0, 0.0, 0.0, 0.0, 1.0],
                [0.968948, -0.087137, -0.231408, -0.0, -0.059725, 0.825666, -0.560987, 0.3, 0.23995, 0.557387, 0.794822, 0.0, 0.0, 0.0, 0.0, 1.0],
                [0.974436, -0.079077, -0.210296, 0.0, -0.056911, 0.818608, -0.571523, 0.3, 0.217345, 0.56888, 0.79318, -0.0, 0.0, 0.0, 0.0, 1.0],
                [0.980284, -0.065405, -0.186464, 0.0, -0.05455, 0.81739, -0.573494, 0.3, 0.189924, 0.572357, 0.797705, -0.0, 0.0, 0.0, 0.0, 1.0],
                [0.986272, -0.045307, -0.158804, 0.0, -0.053604, 0.821726, -0.567354, 0.3, 0.1562, 0.568077, 0.808015, 0.0, 0.0, 0.0, 0.0, 1.0],
                [0.991663, -0.021321, -0.127092, 0.0, -0.053101, 0.830992, -0.553742, 0.3, 0.117419, 0.555874, 0.822931, -0.0, 0.0, 0.0, 0.0, 1.0],
                [0.995738, 0.007082, -0.091961, 0.0, -0.055228, 0.84433, -0.532969, 0.3, 0.073871, 0.535776, 0.841121, -0.0, 0.0, 0.0, 0.0, 1.0],
                [0.997837, 0.034684, -0.055871, -0.0, -0.05846, 0.856932, -0.512101, 0.3, 0.030116, 0.514259, 0.857105, -0.0, 0.0, 0.0, 0.0, 1.0],
                [0.997934, 0.061408, -0.018937, 0.0, -0.062782, 0.868775, -0.49121, 0.3, -0.013713, 0.491384, 0.870834, -0.0, 0.0, 0.0, 0.0, 1.0],
                [0.996018, 0.087183, 0.018727, 0.0, -0.068169, 0.879831, -0.47037, 0.3, -0.057485, 0.46722, 0.882269, -0.0, 0.0, 0.0, 0.0, 1.0],
                [0.992373, 0.110237, 0.055176, -0.0, -0.073515, 0.8885, -0.452949, 0.3, -0.098956, 0.445439, 0.889826, 0.0, 0.0, 0.0, 0.0, 1.0]
            ]
        },
        {
            "name": "Head",
            "time": [0.0, 0.0333, 0.0667, 0.1, 0.1333, 0.1667, 0.2, 0.2333, 0.2667, 0.3, 0.3333, 0.3667, 0.4, 0.4333, 0.4667, 0.5, 0.5333, 0.5667, 0.6, 0.6333, 0.6667, 0.7, 0.7333, 0.7667, 0.8, 0.8333, 0.8667, 0.9, 0.9333, 0.9667, 1.0, 1.0333, 1.0667, 1.1],
            "transform": [
