{
    "animation": [
        {
            "name": "Root",
            "time": [0.0, 0.0333, 0.0667, 0.1, 0.1333, 0.1667, 0.2, 0.2333, 0.2667, 0.3, 0.3333, 0.3667, 0.4, 0.4333, 0.4667, 0.5, 0.5333, 0.5667, 0.6, 0.6333, 0.6667, 0.7, 0.7333, 0.7667, 0.8, 0.8333, 0.8667, 0.9, 0.9333, 0.9667, 1.0, 1.0333, 1.0667, 1.1, 1.1333, 1.1667, 1.2, 1.2333, 1.2667, 1.3, 1.3333, 1.3667, 1.4, 1.4333, 1.4667, 1.5, 1.5333, 1.5667, 1.6, 1.6333, 1.6667, 1.7, 1.7333, 1.7667, 1.8, 1.8333, 1.8667, 1.9, 1.9333, 1.9667, 2.0, 2.0333, 2.0667, 2.1, 2.1333, 2.1667, 2.2, 2.2333, 2.2667, 2.3, 2.3333, 2.3667, 2.4, 2.4333, 2.4667, 2.5, 2.5333, 2.5667, 2.6, 2.6333, 2.6667, 2.7, 2.7333, 2.7667, 2.8, 2.8333, 2.8667, 2.9, 2.9333, 2.9667, 3.0, 3.0333, 3.0667],
            "transform": [
                [0.829882, 0.00057, -0.557939, 0.000528, -0.557939, 0.001869, -0.829879, 0.005312, 0.00057, 0.999998, 0.001869, 0.593447, 0.0, 0.0, 0.0, 1.0],
                [0.841945, 0.000549, -0.539562, 0.000509, -0.539563, 0.001875, -0.841943, 0.005319, 0.000549, 0.999998, 0.001875, 0.594013, 0.0, 0.0, 0.0, 1.0],
                [0.869815, 0.000498, -0.493377, 0.000459, -0.493377, 0.001889, -0.869813, 0.005315, 0.000499, 0.999998, 0.001889, 0.58508, 0.0, 0.0, 0.0, 1.0],
                [0.877226, 0.000484, -0.480077, 0.000445, -0.480077, 0.001893, -0.877223, 0.005315, 0.000484, 0.999998, 0.001893, 0.583352, 0.0, 0.0, 0.0, 1.0],
                [0.898773, 0.00044, -0.438413, 0.000403, -0.438414, 0.001904, -0.898771, 0.005315, 0.00044, 0.999998, 0.001904, 0.578519, 0.0, 0.0, 0.0, 1.0],
                [0.933675, 0.000356, -0.35812, 0.000329, -0.35812, 0.001921, -0.933674, 0.005329, 0.000356, 0.999998, 0.001921, 0.577812, 0.0, 0.0, 0.0, 1.0],
                [0.97855, 0.000202, -0.206009, 0.000191, -0.206009, 0.001943, -0.978548, 0.005338, 0.000203, 0.999998, 0.001943, 0.572165, 0.0, 0.0, 0.0, 1.0],
                [0.993397, 0.000112, -0.114725, 0.000112, -0.114725, 0.001951, -0.993395, 0.005342, 0.000112, 0.999998, 0.001951, 0.570941, 0.0, 0.0, 0.0, 1.0],
                [0.999863, 1.6e-05, -0.016538, 2.7e-05, -0.016538, 0.001954, -0.999861, 0.005342, 1.6e-05, 0.999998, 0.001954, 0.569717, 0.0, 0.0, 0.0, 1.0],
                [0.995176, -9.6e-05, 0.0981, -7.2e-05, 0.0981, 0.001951, -0.995174, 0.005342, -9.6e-05, 0.999998, 0.001951, 0.570874, 0.0, 0.0, 0.0, 1.0],
                [0.941572, -0.000334, 0.336811, -0.000282, 0.336811, 0.001925, -0.94157, 0.005322, -0.000334, 0.999998, 0.001925, 0.57203, 0.0, 0.0, 0.0, 1.0],
                [0.842794, -0.000548, 0.538235, -0.000474, 0.538235, 0.001876, -0.842792, 0.005289, -0.000548, 0.999998, 0.001876, 0.578233, 0.0, 0.0, 0.0, 1.0],
                [0.733747, -0.000713, 0.679422, -0.00063, 0.679422, 0.001819, -0.733745, 0.005261, -0.000713, 0.999998, 0.001819, 0.590352, 0.0, 0.0, 0.0, 1.0],
                [0.667239, -0.000797, 0.744842, -0.000706, 0.744843, 0.001784, -0.667237, 0.005232, -0.000797, 0.999998, 0.001784, 0.591408, 0.0, 0.0, 0.0, 1.0],
                [0.585097, -0.00089, 0.810962, -0.000785, 0.810963, 0.001739, -0.585095, 0.005181, -0.00089, 0.999998, 0.00174, 0.585181, 0.0, 0.0, 0.0, 1.0],
                [0.484297, -0.000992, 0.874903, -0.000863, 0.874903, 0.001683, -0.484295, 0.005108, -0.000992, 0.999998, 0.001683, 0.571989, 0.0, 0.0, 0.0, 1.0],
                [0.371754, -0.001095, 0.92833, -0.00094, 0.928331, 0.001618, -0.371751, 0.005029, -0.001095, 0.999998, 0.001618, 0.558796, 0.0, 0.0, 0.0, 1.0],
                [0.281073, -0.001172, 0.959685, -0.000993, 0.959686, 0.001564, -0.28107, 0.004965, -0.001171, 0.999998, 0.001564, 0.548028, 0.0, 0.0, 0.0, 1.0],
                [0.258242, -0.00119, 0.966079, -0.001009, 0.96608, 0.00155, -0.258239, 0.004953, -0.00119, 0.999998, 0.00155, 0.548208, 0.0, 0.0, 0.0, 1.0],
                [0.31177, -0.001146, 0.950156, -0.000986, 0.950157, 0.001583, -0.311768, 0.005001, -0.001146, 0.999998, 0.001583, 0.560766, 0.0, 0.0, 0.0, 1.0],
                [0.399707, -0.001071, 0.916642, -0.000938, 0.916642, 0.001635, -0.399704, 0.005073, -0.00107, 0.999998, 0.001635, 0.577076, 0.0, 0.0, 0.0, 1.0],
                [0.480548, -0.000996, 0.876968, -0.000881, 0.876969, 0.001681, -0.480545, 0.005131, -0.000996, 0.999998, 0.001681, 0.586714, 0.0, 0.0, 0.0, 1.0],
                [0.543313, -0.000934, 0.839529, -0.00083, 0.839529, 0.001717, -0.543311, 0.005172, -0.000934, 0.999998, 0.001717, 0.59201, 0.0, 0.0, 0.0, 1.0],
                [0.589212, -0.000886, 0.807977, -0.000784, 0.807978, 0.001742, -0.58921, 0.00519, -0.000885, 0.999998, 0.001742, 0.589184, 0.0, 0.0, 0.0, 1.0],
                [0.619506, -0.000852, 0.784991, -0.000745, 0.784991, 0.001758, -0.619504, 0.005185, -0.000852, 0.999998, 0.001759, 0.57818, 0.0, 0.0, 0.0, 1.0],
                [0.648904, -0.000819, 0.760869, -0.00069, 0.76087, 0.001774, -0.648902, 0.005144, -0.000819, 0.999998, 0.001774, 0.547204, 0.0, 0.0, 0.0, 1.0],
                [0.686343, -0.000774, 0.727277, -0.000627, 0.727277, 0.001794, -0.686341, 0.005106, -0.000774, 0.999998, 0.001794, 0.516228, 0.0, 0.0, 0.0, 1.0],
                [0.725508, -0.000724, 0.688213, -0.000576, 0.688212, 0.001815, -0.725507, 0.005098, -0.000724, 0.999998, 0.001815, 0.502372, 0.0, 0.0, 0.0, 1.0],
                [0.744935, -0.000698, 0.667136, -0.000558, 0.667137, 0.001825, -0.744933, 0.005115, -0.000697, 0.999998, 0.001825, 0.507376, 0.0, 0.0, 0.0, 1.0],
                [0.7419, -0.000702, 0.67051, -0.000569, 0.67051, 0.001823, -0.741898, 0.005134, -0.000702, 0.999998, 0.001824, 0.518215, 0.0, 0.0, 0.0, 1.0],
                [0.735793, -0.00071, 0.677206, -0.000584, 0.677206, 0.00182, -0.735791, 0.005151, -0.00071, 0.999998, 0.00182, 0.529053, 0.0, 0.0, 0.0, 1.0],
                [0.748461, -0.000693, 0.663179, -0.000579, 0.663179, 0.001827, -0.748458, 0.005181, -0.000693, 0.999998, 0.001827, 0.542287, 0.0, 0.0, 0.0, 1.0],
                [0.782288, -0.000645, 0.622917, -0.000546, 0.622917, 0.001844, -0.782286, 0.00522, -0.000645, 0.999998, 0.001845, 0.555521, 0.0, 0.0, 0.0, 1.0],
                [0.825494, -0.000577, 0.564411, -0.000494, 0.564411, 0.001867, -0.825491, 0.005261, -0.000577, 0.999998, 0.001867, 0.567433, 0.0, 0.0, 0.0, 1.0],
                [0.868234, -0.000502, 0.496154, -0.00043, 0.496154, 0.001889, -0.868232, 0.005289, -0.000502, 0.999998, 0.001889, 0.571746, 0.0, 0.0, 0.0, 1.0],
                [0.906507, -0.000423, 0.42219, -0.000359, 0.42219, 0.001908, -0.906505, 0.005298, -0.000422, 0.999998, 0.001908, 0.567678, 0.0, 0.0, 0.0, 1.0],
                [0.936649, -0.000348, 0.350268, -0.000291, 0.350268, 0.001923, -0.936647, 0.005298, -0.000348, 0.999998, 0.001923, 0.560642, 0.0, 0.0, 0.0, 1.0],
                [0.956318, -0.000289, 0.292328, -0.000237, 0.292328, 0.001932, -0.956316, 0.005292, -0.000289, 0.999998, 0.001933, 0.553605, 0.0, 0.0, 0.0, 1.0],
                [0.970871, -0.000236, 0.2396, -0.000191, 0.2396, 0.00194, -0.970869, 0.005299, -0.000236, 0.999998, 0.00194, 0.553729, 0.0, 0.0, 0.0, 1.0],
                [0.985305, -0.000168, 0.170804, -0.000133, 0.170804, 0.001947, -0.985303, 0.005317, -0.000167, 0.999998, 0.001947, 0.55994, 0.0, 0.0, 0.0, 1.0],
                [0.996987, -7.6e-05, 0.077571, -5.4e-05, 0.077571, 0.001953, -0.996985, 0.005348, -7.6e-05, 0.999998, 0.001953, 0.573327, 0.0, 0.0, 0.0, 1.0],
                [0.999847, 1.7e-05, -0.017506, 2.8e-05, -0.017506, 0.001954, -0.999844, 0.005379, 1.7e-05, 0.999998, 0.001954, 0.588397, 0.0, 0.0, 0.0, 1.0],
                [0.995881, 8.8e-05, -0.090662, 9.3e-05, -0.090662, 0.001952, -0.99588, 0.005407, 8.9e-05, 0.999998, 0.001952, 0.603467, 0.0, 0.0, 0.0, 1.0],
                [0.988711, 0.000147, -0.149832, 0.000148, -0.149832, 0.001949, -0.98871, 0.005424, 0.000147, 0.999998, 0.001949, 0.613417, 0.0, 0.0, 0.0, 1.0],
                [0.978182, 0.000204, -0.20775, 0.000202, -0.20775, 0.001943, -0.97818, 0.00543, 0.000204, 0.999998, 0.001943, 0.61984, 0.0, 0.0, 0.0, 1.0],
                [0.962636, 0.000267, -0.270796, 0.000262, -0.270797, 0.001936, -0.962634, 0.005429, 0.000267, 0.999998, 0.001936, 0.622571, 0.0, 0.0, 0.0, 1.0],
                [0.942818, 0.000331, -0.333307, 0.000321, -0.333307, 0.001927, -0.942816, 0.005418, 0.000331, 0.999998, 0.001927, 0.621274, 0.0, 0.0, 0.0, 1.0],
                [0.918946, 0.000393, -0.394384, 0.000378, -0.394384, 0.001914, -0.918943, 0.005399, 0.000394, 0.999998, 0.001914, 0.617701, 0.0, 0.0, 0.0, 1.0],
                [0.892629, 0.000453, -0.450791, 0.000431, -0.450792, 0.001901, -0.892627, 0.00538, 0.000453, 0.999998, 0.001901, 0.614128, 0.0, 0.0, 0.0, 1.0],
                [0.865448, 0.000507, -0.500997, 0.00048, -0.500997, 0.001887, -0.865446, 0.005362, 0.000507, 0.999998, 0.001887, 0.611244, 0.0, 0.0, 0.0, 1.0],
                [0.839389, 0.000554, -0.543531, 0.000521, -0.543532, 0.001874, -0.839386, 0.005344, 0.000554, 0.999998, 0.001874, 0.608359, 0.0, 0.0, 0.0, 1.0],
                [0.814794, 0.000595, -0.57975, 0.000555, -0.57975, 0.001861, -0.814792, 0.005321, 0.000595, 0.999998, 0.001861, 0.601825, 0.0, 0.0, 0.0, 1.0],
                [0.79505, 0.000626, -0.606543, 0.000582, -0.606544, 0.001851, -0.795047, 0.005306, 0.000626, 0.999998, 0.001851, 0.599041, 0.0, 0.0, 0.0, 1.0],
                [0.783719, 0.000642, -0.621115, 0.000598, -0.621115, 0.001846, -0.783717, 0.005304, 0.000643, 0.999998, 0.001845, 0.600766, 0.0, 0.0, 0.0, 1.0],
                [0.779178, 0.000649, -0.626802, 0.000604, -0.626802, 0.001843, -0.779176, 0.005301, 0.000649, 0.999998, 0.001843, 0.600139, 0.0, 0.0, 0.0, 1.0],
                [0.774596, 0.000656, -0.632455, 0.000605, -0.632456, 0.001841, -0.774594, 0.005284, 0.000656, 0.999998, 0.001841, 0.592345, 0.0, 0.0, 0.0, 1.0],
                [0.759924, 0.000677, -0.650011, 0.000616, -0.650011, 0.001833, -0.759922, 0.005256, 0.000677, 0.999998, 0.001833, 0.580455, 0.0, 0.0, 0.0, 1.0],
                [0.739433, 0.000705, -0.673229, 0.000633, -0.67323, 0.001823, -0.739431, 0.005225, 0.000706, 0.999998, 0.001823, 0.568565, 0.0, 0.0, 0.0, 1.0],
                [0.718232, 0.000733, -0.695803, 0.00065, -0.695803, 0.001811, -0.71823, 0.005198, 0.000734, 0.999998, 0.001811, 0.559131, 0.0, 0.0, 0.0, 1.0],
                [0.704551, 0.000751, -0.709652, 0.000662, -0.709653, 0.001804, -0.704549, 0.005183, 0.000751, 0.999998, 0.001804, 0.554745, 0.0, 0.0, 0.0, 1.0],
                [0.694702, 0.000763, -0.719297, 0.000673, -0.719297, 0.001799, -0.694699, 0.005179, 0.000763, 0.999998, 0.001799, 0.555009, 0.0, 0.0, 0.0, 1.0],
                [0.684721, 0.000776, -0.728805, 0.000687, -0.728805, 0.001794, -0.684718, 0.005182, 0.000776, 0.999998, 0.001793, 0.558804, 0.0, 0.0, 0.0, 1.0],
                [0.6782, 0.000784, -0.734876, 0.000699, -0.734877, 0.00179, -0.678198, 0.00519, 0.000784, 0.999998, 0.00179, 0.565088, 0.0, 0.0, 0.0, 1.0],
                [0.675745, 0.000787, -0.737135, 0.000708, -0.737135, 0.001789, -0.675743, 0.005203, 0.000787, 0.999998, 0.001789, 0.573337, 0.0, 0.0, 0.0, 1.0],
                [0.673282, 0.00079, -0.739385, 0.000717, -0.739385, 0.001787, -0.67328, 0.005217, 0.00079, 0.999998, 0.001787, 0.581587, 0.0, 0.0, 0.0, 1.0],
                [0.665593, 0.000799, -0.746314, 0.000732, -0.746314, 0.001783, -0.665591, 0.005228, 0.000799, 0.999998, 0.001783, 0.589837, 0.0, 0.0, 0.0, 1.0],
                [0.657832, 0.000808, -0.753164, 0.000747, -0.753164, 0.001779, -0.65783, 0.005239, 0.000808, 0.999998, 0.001779, 0.598086, 0.0, 0.0, 0.0, 1.0],
                [0.652261, 0.000815, -0.757994, 0.000758, -0.757994, 0.001776, -0.652259, 0.005247, 0.000815, 0.999998, 0.001776, 0.604358, 0.0, 0.0, 0.0, 1.0],
                [0.650584, 0.000817, -0.759433, 0.000765, -0.759434, 0.001775, -0.650581, 0.005258, 0.000817, 0.999998, 0.001775, 0.610629, 0.0, 0.0, 0.0, 1.0],
                [0.652262, 0.000815, -0.757993, 0.000766, -0.757994, 0.001776, -0.652259, 0.005264, 0.000815, 0.999998, 0.001776, 0.613661, 0.0, 0.0, 0.0, 1.0],
                [0.653936, 0.000813, -0.756549, 0.000766, -0.75655, 0.001777, -0.653933, 0.00527, 0.000813, 0.999998, 0.001777, 0.616693, 0.0, 0.0, 0.0, 1.0],
                [0.655624, 0.000811, -0.755086, 0.000764, -0.755087, 0.001778, -0.655622, 0.005271, 0.000811, 0.999998, 0.001778, 0.616503, 0.0, 0.0, 0.0, 1.0],
                [0.659498, 0.000806, -0.751705, 0.00076, -0.751705, 0.00178, -0.659496, 0.005272, 0.000806, 0.999998, 0.00178, 0.616316, 0.0, 0.0, 0.0, 1.0],
                [0.667255, 0.000797, -0.744829, 0.000749, -0.744829, 0.001784, -0.667253, 0.005272, 0.000797, 0.999998, 0.001784, 0.613777, 0.0, 0.0, 0.0, 1.0],
                [0.67494, 0.000788, -0.737872, 0.000739, -0.737873, 0.001788, -0.674937, 0.005271, 0.000788, 0.999998, 0.001788, 0.611238, 0.0, 0.0, 0.0, 1.0],
                [0.682552, 0.000778, -0.730836, 0.000728, -0.730837, 0.001792, -0.682549, 0.00527, 0.000779, 0.999998, 0.001792, 0.608699, 0.0, 0.0, 0.0, 1.0],
                [0.687299, 0.000773, -0.726374, 0.000722, -0.726375, 0.001795, -0.687296, 0.00527, 0.000773, 0.999998, 0.001795, 0.607549, 0.0, 0.0, 0.0, 1.0],
                [0.692017, 0.000767, -0.72188, 0.000717, -0.721881, 0.001797, -0.692014, 0.005274, 0.000767, 0.999998, 0.001797, 0.608359, 0.0, 0.0, 0.0, 1.0],
                [0.696705, 0.000761, -0.717357, 0.000712, -0.717357, 0.0018, -0.696703, 0.005278, 0.000761, 0.999998, 0.0018, 0.609168, 0.0, 0.0, 0.0, 1.0],
                [0.701364, 0.000755, -0.712803, 0.000708, -0.712803, 0.001802, -0.701361, 0.005281, 0.000755, 0.999998, 0.001802, 0.609977, 0.0, 0.0, 0.0, 1.0],
                [0.710113, 0.000744, -0.704087, 0.000698, -0.704087, 0.001807, -0.710111, 0.005287, 0.000744, 0.999998, 0.001807, 0.610787, 0.0, 0.0, 0.0, 1.0],
                [0.718754, 0.000733, -0.695264, 0.000688, -0.695264, 0.001812, -0.718751, 0.005293, 0.000733, 0.999998, 0.001812, 0.611597, 0.0, 0.0, 0.0, 1.0],
                [0.725523, 0.000724, -0.688197, 0.000681, -0.688197, 0.001815, -0.725521, 0.005298, 0.000724, 0.999998, 0.001815, 0.612406, 0.0, 0.0, 0.0, 1.0],
                [0.732223, 0.000715, -0.681064, 0.000674, -0.681064, 0.001819, -0.732221, 0.005304, 0.000715, 0.999998, 0.001819, 0.614338, 0.0, 0.0, 0.0, 1.0],
                [0.738853, 0.000706, -0.673866, 0.000667, -0.673867, 0.001822, -0.73885, 0.005311, 0.000706, 0.999998, 0.001822, 0.61627, 0.0, 0.0, 0.0, 1.0],
                [0.750008, 0.000691, -0.661428, 0.000654, -0.661428, 0.001828, -0.750006, 0.00532, 0.000691, 0.999998, 0.001828, 0.618202, 0.0, 0.0, 0.0, 1.0],
                [0.761022, 0.000676, -0.648726, 0.000641, -0.648726, 0.001834, -0.761019, 0.005329, 0.000675, 0.999998, 0.001834, 0.620146, 0.0, 0.0, 0.0, 1.0],
                [0.771688, 0.00066, -0.636001, 0.000628, -0.636001, 0.001839, -0.771685, 0.005338, 0.00066, 0.999998, 0.001839, 0.622066, 0.0, 0.0, 0.0, 1.0],
                [0.779363, 0.000649, -0.626572, 0.000619, -0.626572, 0.001843, -0.779361, 0.005346, 0.000649, 0.999998, 0.001843, 0.624532, 0.0, 0.0, 0.0, 1.0],
                [0.786923, 0.000638, -0.61705, 0.00061, -0.61705, 0.001847, -0.786921, 0.005354, 0.000638, 0.999998, 0.001847, 0.626998, 0.0, 0.0, 0.0, 1.0],
                [0.794367, 0.000627, -0.607437, 0.000602, -0.607437, 0.001851, -0.794366, 0.005362, 0.000627, 0.999998, 0.001851, 0.629465, 0.0, 0.0, 0.0, 1.0],
                [0.801694, 0.000615, -0.597734, 0.000592, -0.597734, 0.001855, -0.801692, 0.005371, 0.000616, 0.999998, 0.001855, 0.631931, 0.0, 0.0, 0.0, 1.0],
                [0.808902, 0.000604, -0.587943, 0.000583, -0.587943, 0.001859, -0.8089, 0.005379, 0.000604, 0.999998, 0.001858, 0.634397, 0.0, 0.0, 0.0, 1.0]
            ]
        },
        {
            "name": "Thigh_R",
            "time": [0.0, 0.0333, 0.0667, 0.1, 0.1333, 0.1667, 0.2, 0.2333, 0.2667, 0.3, 0.3333, 0.3667, 0.4, 0.4333, 0.4667, 0.5, 0.5333, 0.5667, 0.6, 0.6333, 0.6667, 0.7, 0.7333, 0.7667, 0.8, 0.8333, 0.8667, 0.9, 0.9333, 0.9667, 1.0, 1.0333, 1.0667, 1.1, 1.1333, 1.1667, 1.2, 1.2333, 1.2667, 1.3, 1.3333, 1.3667, 1.4, 1.4333, 1.4667, 1.5, 1.5333, 1.5667, 1.6, 1.6333, 1.6667, 1.7, 1.7333, 1.7667, 1.8, 1.8333, 1.8667, 1.9, 1.9333, 1.9667, 2.0, 2.0333, 2.0667, 2.1, 2.1333, 2.1667, 2.2, 2.2333, 2.2667, 2.3, 2.3333, 2.3667, 2.4, 2.4333, 2.4667, 2.5, 2.5333, 2.5667, 2.6, 2.6333, 2.6667, 2.7, 2.7333, 2.7667, 2.8, 2.8333, 2.8667, 2.9, 2.9333, 2.9667, 3.0, 3.0333, 3.0667],
            "transform": [
                [0.910919, 0.402176, -0.092096, 0.124994, 0.384325, -0.745916, 0.543969, -0.00283, 0.150076, -0.530905, -0.834035, -1.2e-05, 0.0, 0.0, 0.0, 1.0],
                [0.91318, 0.398623, -0.084864, 0.124994, 0.374077, -0.737141, 0.56275, -0.00283, 0.161769, -0.545637, -0.822259, -1.2e-05, 0.0, 0.0, 0.0, 1.0],
                [0.911183, 0.407799, -0.058705, 0.124994, 0.362417, -0.725564, 0.584986, -0.00283, 0.195963, -0.554304, -0.808915, -1.2e-05, 0.0, 0.0, 0.0, 1.0],
                [0.911478, 0.408051, -0.051987, 0.124994, 0.347673, -0.696658, 0.627526, -0.00283, 0.219846, -0.59005, -0.776857, -1.2e-05, 0.0, 0.0, 0.0, 1.0],
                [0.901226, 0.433194, -0.011622, 0.124994, 0.329116, -0.666757, 0.668667, -0.00283, 0.281914, -0.606445, -0.74347, -1.2e-05, 0.0, 0.0, 0.0, 1.0],
                [0.883343, 0.467266, 0.037009, 0.124994, 0.315834, -0.651684, 0.689605, -0.002831, 0.346348, -0.597467, -0.723239, -1.2e-05, 0.0, 0.0, 0.0, 1.0],
                [0.86655, 0.491467, 0.086894, 0.124994, 0.314552, -0.672975, 0.669448, -0.00283, 0.38749, -0.552777, -0.737759, -1.2e-05, 0.0, 0.0, 0.0, 1.0],
                [0.858436, 0.499252, 0.117625, 0.124994, 0.298976, -0.673374, 0.67615, -0.002831, 0.416776, -0.545264, -0.727313, -1.2e-05, 0.0, 0.0, 0.0, 1.0],
                [0.853034, 0.501226, 0.145278, 0.124994, 0.277813, -0.671825, 0.686637, -0.002831, 0.441762, -0.545364, -0.712337, -1.2e-05, 0.0, 0.0, 0.0, 1.0],
                [0.847736, 0.501659, 0.172287, 0.124994, 0.260988, -0.677273, 0.687884, -0.00283, 0.461771, -0.538178, -0.705075, -1.2e-05, 0.0, 0.0, 0.0, 1.0],
                [0.835503, 0.510608, 0.203013, 0.124994, 0.27432, -0.70772, 0.65106, -0.002831, 0.476114, -0.488271, -0.731373, -1.2e-05, 0.0, 0.0, 0.0, 1.0],
                [0.830282, 0.500134, 0.245964, 0.124994, 0.293729, -0.767709, 0.569513, -0.00283, 0.473662, -0.400609, -0.784319, -1.2e-05, 0.0, 0.0, 0.0, 1.0],
                [0.831309, 0.47168, 0.294014, 0.124994, 0.315769, -0.836117, 0.448548, -0.002831, 0.457402, -0.280041, -0.844014, -1.2e-05, 0.0, 0.0, 0.0, 1.0],
                [0.837939, 0.453754, 0.303258, 0.124994, 0.320842, -0.859055, 0.398852, -0.00283, 0.441497, -0.236915, -0.865419, -1.2e-05, 0.0, 0.0, 0.0, 1.0],
                [0.843404, 0.449378, 0.294498, 0.124994, 0.33695, -0.869336, 0.36155, -0.00283, 0.418491, -0.205701, -0.88462, -1.2e-05, 0.0, 0.0, 0.0, 1.0],
                [0.828158, 0.511482, 0.229218, 0.124994, 0.424757, -0.839543, 0.338743, -0.002831, 0.365699, -0.18317, -0.91253, -1.2e-05, 0.0, 0.0, 0.0, 1.0],
                [0.807227, 0.566885, 0.164394, 0.124994, 0.495598, -0.802239, 0.332856, -0.00283, 0.320575, -0.187216, -0.928537, -1.2e-05, 0.0, 0.0, 0.0, 1.0],
                [0.799815, 0.582412, 0.145234, 0.124994, 0.50887, -0.786234, 0.350551, -0.00283, 0.318354, -0.20647, -0.925213, -1.2e-05, 0.0, 0.0, 0.0, 1.0],
                [0.787394, 0.602247, 0.131563, 0.124994, 0.507388, -0.754361, 0.416527, -0.00283, 0.350099, -0.261217, -0.899553, -1.2e-05, 0.0, 0.0, 0.0, 1.0],
                [0.807578, 0.577895, 0.117711, 0.124994, 0.392019, -0.675114, 0.624932, -0.002831, 0.440614, -0.458536, -0.771753, -1.2e-05, 0.0, 0.0, 0.0, 1.0],
                [0.811513, 0.547409, 0.204426, 0.124994, 0.249315, -0.640764, 0.726127, -0.002831, 0.528479, -0.538294, -0.656466, -1.2e-05, 0.0, 0.0, 0.0, 1.0],
                [0.77523, 0.535405, 0.335201, 0.124994, 0.174186, -0.691265, 0.701291, -0.002831, 0.607189, -0.485274, -0.62915, -1.2e-05, 0.0, 0.0, 0.0, 1.0],
                [0.755611, 0.474674, 0.451371, 0.124994, 0.178895, -0.812444, 0.554914, -0.00283, 0.630118, -0.338551, -0.698809, -1.2e-05, 0.0, 0.0, 0.0, 1.0],
                [0.801678, 0.300624, 0.51666, 0.124994, 0.125107, -0.929572, 0.34676, -0.002831, 0.584518, -0.213352, -0.782828, -1.2e-05, 0.0, 0.0, 0.0, 1.0],
                [0.870959, 0.095613, 0.481963, 0.124994, 0.037813, -0.991017, 0.12827, -0.002831, 0.489899, -0.093493, -0.866751, -1.2e-05, 0.0, 0.0, 0.0, 1.0],
                [0.922773, -0.054128, 0.381524, 0.124994, -0.045077, -0.998449, -0.032627, -0.00283, 0.382699, 0.01291, -0.923783, -1.2e-05, 0.0, 0.0, 0.0, 1.0],
                [0.946555, -0.15978, 0.280187, 0.124994, -0.138112, -0.985793, -0.095576, -0.00283, 0.291479, 0.051772, -0.955175, -1.2e-05, 0.0, 0.0, 0.0, 1.0],
                [0.960317, -0.177637, 0.215027, 0.124994, -0.164724, -0.983351, -0.076702, -0.002831, 0.225073, 0.038238, -0.973591, -1.2e-05, 0.0, 0.0, 0.0, 1.0],
                [0.954004, -0.096374, 0.283884, 0.124994, -0.098333, -0.995125, -0.00738, -0.002831, 0.283212, -0.020874, -0.95883, -1.2e-05, 0.0, 0.0, 0.0, 1.0],
                [0.933806, -0.025648, 0.356859, 0.124994, -0.049956, -0.997003, 0.059067, -0.00283, 0.354275, -0.072984, -0.932288, -1.2e-05, 0.0, 0.0, 0.0, 1.0],
                [0.920309, 0.021129, 0.39062, 0.124994, -0.019205, -0.994895, 0.099065, -0.00283, 0.39072, -0.098672, -0.915205, -1.2e-05, 0.0, 0.0, 0.0, 1.0],
                [0.933086, 0.021647, 0.359001, 0.124994, -0.023233, -0.992474, 0.12023, -0.00283, 0.358902, -0.120525, -0.92556, -1.2e-05, 0.0, 0.0, 0.0, 1.0],
                [0.951724, 0.022024, 0.306165, 0.124994, -0.024925, -0.988582, 0.148596, -0.002831, 0.305943, -0.149053, -0.940309, -1.2e-05, 0.0, 0.0, 0.0, 1.0],
                [0.966339, 0.05219, 0.251923, 0.124994, 0.00301, -0.981433, 0.191775, -0.002831, 0.257255, -0.184561, -0.948555, -1.2e-05, 0.0, 0.0, 0.0, 1.0],
                [0.975201, 0.092065, 0.201264, 0.124994, 0.043305, -0.97117, 0.234415, -0.00283, 0.217044, -0.219885, -0.951074, -1.2e-05, 0.0, 0.0, 0.0, 1.0],
                [0.981011, 0.136401, 0.137879, 0.124994, 0.094963, -0.957671, 0.27175, -0.002831, 0.16911, -0.253496, -0.952439, -1.2e-05, 0.0, 0.0, 0.0, 1.0],
                [0.980777, 0.18636, 0.057846, 0.124994, 0.16037, -0.938706, 0.305141, -0.00283, 0.111166, -0.289998, -0.950548, -1.2e-05, 0.0, 0.0, 0.0, 1.0],
                [0.974926, 0.220393, -0.030758, 0.124994, 0.217863, -0.917156, 0.333704, -0.002831, 0.045336, -0.332037, -0.942176, -1.2e-05, 0.0, 0.0, 0.0, 1.0],
                [0.962013, 0.240379, -0.129414, 0.124994, 0.271778, -0.888107, 0.370677, -0.00283, -0.025831, -0.391768, -0.919701, -1.2e-05, 0.0, 0.0, 0.0, 1.0],
                [0.952022, 0.23094, -0.200803, 0.124994, 0.29686, -0.85633, 0.422577, -0.002831, -0.074364, -0.461913, -0.883801, -1.2e-05, 0.0, 0.0, 0.0, 1.0],
                [0.946754, 0.233846, -0.2213, 0.124994, 0.313308, -0.827441, 0.466023, -0.002831, -0.074135, -0.510544, -0.856649, -1.2e-05, 0.0, 0.0, 0.0, 1.0],
                [0.948088, 0.267259, -0.172346, 0.124994, 0.317973, -0.805082, 0.500734, -0.00283, -0.004927, -0.52954, -0.84827, -1.2e-05, 0.0, 0.0, 0.0, 1.0],
                [0.956597, 0.285935, -0.056259, 0.124994, 0.269643, -0.795241, 0.543031, -0.002831, 0.110532, -0.53463, -0.837825, -1.2e-05, 0.0, 0.0, 0.0, 1.0],
                [0.944901, 0.322676, 0.055165, 0.124994, 0.237283, -0.7912, 0.563646, -0.002831, 0.225522, -0.519499, -0.824171, -1.2e-05, 0.0, 0.0, 0.0, 1.0],
                [0.93145, 0.333152, 0.146327, 0.124994, 0.19849, -0.802243, 0.563031, -0.00283, 0.304966, -0.49539, -0.813377, -1.2e-05, 0.0, 0.0, 0.0, 1.0],
                [0.9305, 0.321322, 0.175846, 0.124994, 0.177369, -0.815289, 0.551219, -0.00283, 0.320485, -0.481718, -0.81562, -1.2e-05, 0.0, 0.0, 0.0, 1.0],
                [0.942945, 0.279526, 0.180892, 0.124994, 0.160121, -0.857053, 0.489713, -0.00283, 0.291922, -0.432806, -0.852912, -1.2e-05, 0.0, 0.0, 0.0, 1.0],
                [0.959341, 0.246463, 0.137554, 0.124994, 0.161289, -0.878634, 0.449428, -0.00283, 0.231628, -0.408968, -0.882662, -1.2e-05, 0.0, 0.0, 0.0, 1.0],
                [0.96929, 0.2255, 0.09813, 0.124994, 0.160667, -0.882743, 0.441528, -0.002831, 0.186189, -0.412201, -0.891864, -1.2e-05, 0.0, 0.0, 0.0, 1.0],
                [0.972258, 0.222921, 0.070871, 0.124994, 0.168443, -0.877437, 0.449141, -0.002831, 0.162308, -0.424742, -0.890645, -1.2e-05, 0.0, 0.0, 0.0, 1.0],
                [0.967468, 0.245358, 0.061691, 0.124994, 0.188074, -0.86059, 0.473298, -0.002831, 0.169219, -0.446298, -0.878739, -1.2e-05, 0.0, 0.0, 0.0, 1.0],
                [0.964004, 0.262044, 0.045049, 0.124994, 0.207323, -0.84688, 0.489702, -0.00283, 0.166475, -0.462734, -0.870725, -1.2e-05, 0.0, 0.0, 0.0, 1.0],
                [0.966162, 0.257423, 0.016269, 0.124994, 0.216879, -0.84489, 0.489001, -0.00283, 0.139626, -0.468925, -0.872131, -1.2e-05, 0.0, 0.0, 0.0, 1.0],
                [0.969309, 0.245701, -0.008563, 0.124994, 0.219888, -0.85084, 0.477198, -0.00283, 0.109962, -0.464433, -0.878754, -1.2e-05, 0.0, 0.0, 0.0, 1.0],
                [0.968802, 0.247092, -0.01923, 0.124994, 0.22726, -0.85472, 0.466694, -0.00283, 0.09888, -0.456503, -0.88421, -1.2e-05, 0.0, 0.0, 0.0, 1.0],
                [0.96413, 0.264359, -0.023834, 0.124994, 0.244926, -0.851442, 0.463741, -0.00283, 0.102301, -0.452944, -0.88565, -1.2e-05, 0.0, 0.0, 0.0, 1.0],
                [0.956735, 0.288155, -0.040328, 0.124994, 0.273116, -0.84158, 0.465992, -0.00283, 0.100339, -0.456844, -0.883869, -1.2e-05, 0.0, 0.0, 0.0, 1.0],
                [0.948951, 0.3071, -0.071985, 0.124994, 0.304298, -0.831233, 0.465244, -0.00283, 0.083041, -0.463398, -0.88225, -1.2e-05, 0.0, 0.0, 0.0, 1.0],
                [0.941076, 0.319659, -0.110427, 0.124994, 0.333923, -0.826512, 0.453179, -0.00283, 0.053594, -0.463349, -0.884553, -1.2e-05, 0.0, 0.0, 0.0, 1.0],
                [0.933521, 0.329551, -0.141191, 0.124994, 0.357684, -0.829133, 0.42965, -0.002831, 0.024525, -0.451589, -0.891888, -1.2e-05, 0.0, 0.0, 0.0, 1.0],
                [0.92442, 0.345405, -0.161687, 0.124994, 0.381352, -0.832311, 0.402277, -0.002831, 0.004374, -0.433532, -0.901127, -1.2e-05, 0.0, 0.0, 0.0, 1.0],
                [0.916635, 0.358556, -0.176689, 0.124994, 0.399519, -0.836092, 0.375943, -0.002831, -0.012931, -0.415192, -0.909641, -1.2e-05, 0.0, 0.0, 0.0, 1.0],
                [0.91108, 0.367381, -0.18699, 0.124994, 0.411209, -0.841864, 0.349528, -0.00283, -0.029011, -0.395339, -0.918076, -1.2e-05, 0.0, 0.0, 0.0, 1.0],
                [0.908311, 0.371807, -0.191656, 0.124994, 0.416297, -0.848257, 0.327343, -0.00283, -0.040866, -0.377114, -0.925264, -1.2e-05, 0.0, 0.0, 0.0, 1.0],
                [0.905964, 0.37614, -0.194291, 0.124994, 0.420521, -0.852559, 0.310326, -0.002831, -0.048919, -0.362847, -0.930563, -1.2e-05, 0.0, 0.0, 0.0, 1.0],
                [0.904543, 0.378712, -0.195912, 0.124994, 0.423232, -0.853245, 0.304706, -0.00283, -0.051766, -0.358535, -0.932079, -1.2e-05, 0.0, 0.0, 0.0, 1.0],
                [0.902207, 0.387457, -0.189475, 0.124994, 0.429208, -0.849821, 0.305911, -0.002831, -0.042493, -0.357319, -0.933015, -1.2e-05, 0.0, 0.0, 0.0, 1.0],
                [0.903514, 0.384942, -0.188372, 0.124994, 0.428249, -0.827764, 0.362502, -0.00283, -0.016386, -0.408194, -0.912747, -1.2e-05, 0.0, 0.0, 0.0, 1.0],
                [0.902713, 0.390304, -0.181031, 0.124994, 0.429926, -0.802117, 0.414452, -0.00283, 0.016554, -0.45196, -0.891884, -1.2e-05, 0.0, 0.0, 0.0, 1.0],
                [0.902677, 0.390599, -0.180572, 0.124994, 0.428183, -0.773534, 0.46723, -0.002831, 0.042821, -0.499075, -0.8655, -1.2e-05, 0.0, 0.0, 0.0, 1.0],
                [0.908171, 0.375674, -0.18465, 0.124994, 0.415089, -0.751172, 0.513264, -0.002831, 0.054116, -0.542776, -0.838131, -1.2e-05, 0.0, 0.0, 0.0, 1.0],
                [0.913392, 0.36294, -0.184365, 0.124994, 0.401361, -0.727228, 0.556819, -0.00283, 0.068017, -0.58259, -0.809914, -1.2e-05, 0.0, 0.0, 0.0, 1.0],
                [0.91915, 0.350242, -0.180265, 0.124994, 0.38553, -0.705956, 0.59413, -0.00283, 0.08083, -0.61559, -0.783909, -1.2e-05, 0.0, 0.0, 0.0, 1.0],
                [0.922832, 0.342942, -0.175422, 0.124994, 0.373432, -0.68474, 0.625842, -0.00283, 0.094509, -0.643054, -0.759965, -1.2e-05, 0.0, 0.0, 0.0, 1.0],
                [0.924267, 0.33552, -0.182096, 0.124994, 0.369066, -0.663401, 0.650913, -0.00283, 0.097592, -0.668821, -0.736988, -1.2e-05, 0.0, 0.0, 0.0, 1.0],
                [0.923633, 0.334809, -0.186566, 0.124994, 0.368177, -0.639722, 0.674685, -0.00283, 0.106541, -0.691849, -0.714137, -1.2e-05, 0.0, 0.0, 0.0, 1.0],
                [0.922221, 0.347266, -0.170047, 0.124994, 0.361695, -0.619281, 0.696897, -0.00283, 0.136702, -0.704197, -0.696719, -1.2e-05, 0.0, 0.0, 0.0, 1.0],
                [0.921374, 0.362524, -0.14017, 0.124994, 0.34832, -0.610109, 0.711645, -0.002831, 0.172469, -0.704514, -0.688413, -1.2e-05, 0.0, 0.0, 0.0, 1.0],
                [0.921809, 0.36904, -0.118652, 0.124994, 0.337815, -0.614626, 0.712821, -0.00283, 0.190133, -0.697167, -0.691235, -1.2e-05, 0.0, 0.0, 0.0, 1.0],
                [0.924246, 0.365334, -0.110911, 0.124994, 0.331828, -0.624955, 0.706625, -0.00283, 0.18884, -0.689898, -0.698841, -1.2e-05, 0.0, 0.0, 0.0, 1.0],
                [0.928367, 0.356484, -0.105142, 0.124994, 0.324149, -0.638191, 0.69831, -0.002831, 0.181836, -0.682369, -0.70803, -1.2e-05, 0.0, 0.0, 0.0, 1.0],
                [0.930634, 0.353295, -0.095414, 0.124994, 0.318335, -0.652927, 0.687275, -0.00283, 0.180513, -0.669974, -0.720102, -1.2e-05, 0.0, 0.0, 0.0, 1.0],
                [0.93464, 0.345076, -0.085852, 0.124994, 0.307476, -0.662979, 0.68258, -0.002831, 0.178624, -0.664363, -0.72575, -1.2e-05, 0.0, 0.0, 0.0, 1.0],
                [0.935873, 0.342765, -0.081574, 0.124994, 0.305868, -0.675436, 0.670991, -0.00283, 0.174895, -0.652912, -0.736964, -1.2e-05, 0.0, 0.0, 0.0, 1.0],
                [0.937108, 0.340364, -0.077345, 0.124994, 0.304185, -0.687695, 0.6592, -0.002831, 0.171178, -0.641268, -0.747978, -1.2e-05, 0.0, 0.0, 0.0, 1.0],
                [0.937058, 0.341083, -0.074736, 0.124994, 0.306628, -0.701409, 0.643431, -0.002831, 0.167043, -0.625847, -0.761847, -1.2e-05, 0.0, 0.0, 0.0, 1.0],
                [0.937641, 0.340335, -0.070731, 0.124994, 0.307935, -0.718846, 0.623245, -0.002831, 0.161267, -0.60616, -0.778821, -1.2e-05, 0.0, 0.0, 0.0, 1.0],
                [0.937135, 0.342504, -0.06685, 0.124994, 0.311712, -0.73546, 0.601608, -0.00283, 0.156888, -0.584626, -0.795988, -1.2e-05, 0.0, 0.0, 0.0, 1.0],
                [0.936652, 0.344579, -0.062838, 0.124994, 0.315364, -0.751582, 0.579369, -0.002831, 0.152411, -0.562483, -0.812638, -1.2e-05, 0.0, 0.0, 0.0, 1.0],
                [0.936192, 0.346549, -0.058726, 0.124994, 0.318872, -0.767082, 0.55669, -0.00283, 0.147873, -0.539894, -0.828641, -1.2e-05, 0.0, 0.0, 0.0, 1.0],
                [0.93624, 0.347224, -0.053766, 0.124994, 0.321076, -0.78331, 0.532292, -0.00283, 0.142709, -0.515615, -0.844851, -1.2e-05, 0.0, 0.0, 0.0, 1.0],
                [0.936313, 0.347768, -0.048745, 0.124994, 0.323119, -0.798822, 0.50742, -0.002831, 0.137527, -0.490853, -0.860319, -1.2e-05, 0.0, 0.0, 0.0, 1.0],
                [0.936409, 0.348183, -0.043668, 0.124994, 0.325002, -0.8136, 0.482108, -0.00283, 0.132333, -0.465642, -0.875023, -1.2e-05, 0.0, 0.0, 0.0, 1.0]
            ]
        },
        {
            "name": "Leg_R",
            "time": [0.0, 0.0333, 0.0667, 0.1, 0.1333, 0.1667, 0.2, 0.2333, 0.2667, 0.3, 0.3333, 0.3667, 0.4, 0.4333, 0.4667, 0.5, 0.5333, 0.5667, 0.6, 0.6333, 0.6667, 0.7, 0.7333, 0.7667, 0.8, 0.8333, 0.8667, 0.9, 0.9333, 0.9667, 1.0, 1.0333, 1.0667, 1.1, 1.1333, 1.1667, 1.2, 1.2333, 1.2667, 1.3, 1.3333, 1.3667, 1.4, 1.4333, 1.4667, 1.5, 1.5333, 1.5667, 1.6, 1.6333, 1.6667, 1.7, 1.7333, 1.7667, 1.8, 1.8333, 1.8667, 1.9, 1.9333, 1.9667, 2.0, 2.0333, 2.0667, 2.1, 2.1333, 2.1667, 2.2, 2.2333, 2.2667, 2.3, 2.3333, 2.3667, 2.4, 2.4333, 2.4667, 2.5, 2.5333, 2.5667, 2.6, 2.6333, 2.6667, 2.7, 2.7333, 2.7667, 2.8, 2.8333, 2.8667, 2.9, 2.9333, 2.9667, 3.0, 3.0333, 3.0667],
            "transform": [
                [1.0, -0.001905, 0.000438, -0.0, 0.000438, 0.436949, 0.899486, 0.37472, -0.001905, -0.899481, 0.43695, 0.0, 0.0, 0.0, 0.0, 1.0],
                [1.000001, -0.001913, 0.000405, 0.0, 0.000405, 0.404983, 0.914324, 0.37472, -0.001913, -0.914319, 0.404984, -0.0, 0.0, 0.0, 0.0, 1.0],
                [1.000001, -0.001924, 0.000348, -0.0, 0.000348, 0.35027, 0.936649, 0.37472, -0.001924, -0.936643, 0.350271, -0.0, 0.0, 0.0, 0.0, 1.0],
                [1.000001, -0.001931, 0.000312, -0.0, 0.000312, 0.314914, 0.94912, 0.37472, -0.00193, -0.949114, 0.314915, -0.0, 0.0, 0.0, 0.0, 1.0],
                [1.000001, -0.001936, 0.000275, 0.0, 0.000276, 0.279116, 0.960257, 0.37472, -0.001936, -0.960252, 0.279117, -0.0, 0.0, 0.0, 0.0, 1.0],
                [1.000001, -0.001938, 0.000258, 0.0, 0.000259, 0.262429, 0.964951, 0.37472, -0.001938, -0.964946, 0.26243, 0.0, 0.0, 0.0, 0.0, 1.0],
                [1.000001, -0.001938, 0.00026, -0.0, 0.00026, 0.263687, 0.964609, 0.37472, -0.001938, -0.964603, 0.263688, 0.0, 0.0, 0.0, 0.0, 1.0],
                [1.000001, -0.001938, 0.000261, 0.0, 0.000262, 0.264945, 0.964264, 0.37472, -0.001938, -0.964258, 0.264946, 0.0, 0.0, 0.0, 0.0, 1.0],
                [1.000001, -0.001936, 0.00027, 0.0, 0.000271, 0.27413, 0.961693, 0.37472, -0.001936, -0.961687, 0.274131, 0.0, 0.0, 0.0, 0.0, 1.0],
                [1.000001, -0.001934, 0.000289, -0.0, 0.000289, 0.292327, 0.956318, 0.37472, -0.001934, -0.956312, 0.292329, 0.0, 0.0, 0.0, 0.0, 1.0],
                [1.000001, -0.001929, 0.000323, 0.0, 0.000323, 0.325624, 0.945499, 0.37472, -0.001929, -0.945494, 0.325626, 0.0, 0.0, 0.0, 0.0, 1.0],
                [1.000001, -0.001914, 0.0004, -0.0, 0.0004, 0.400451, 0.916318, 0.37472, -0.001914, -0.916313, 0.400452, 0.0, 0.0, 0.0, 0.0, 1.0],
                [1.000001, -0.001881, 0.000536, 0.0, 0.000534, 0.526206, 0.850357, 0.37472, -0.001881, -0.850351, 0.526208, -0.0, 0.0, 0.0, 0.0, 1.0],
                [1.000001, -0.001862, 0.000597, -0.0, 0.000596, 0.581015, 0.813892, 0.37472, -0.001862, -0.813887, 0.581017, -0.0, 0.0, 0.0, 0.0, 1.0],
                [1.0, -0.001854, 0.000621, -0.0, 0.00062, 0.602242, 0.798313, 0.37472, -0.001854, -0.798308, 0.602244, -0.0, 0.0, 0.0, 0.0, 1.0],
                [1.0, -0.001859, 0.000606, 0.0, 0.000606, 0.589196, 0.807989, 0.37472, -0.001859, -0.807984, 0.589198, 0.0, 0.0, 0.0, 0.0, 1.0],
                [1.000001, -0.001872, 0.000565, -0.0, 0.000564, 0.552833, 0.833291, 0.37472, -0.001872, -0.833285, 0.552835, -0.0, 0.0, 0.0, 0.0, 1.0],
                [1.0, -0.001884, 0.000523, -0.0, 0.000523, 0.515386, 0.856958, 0.37472, -0.001884, -0.856953, 0.515388, -0.0, 0.0, 0.0, 0.0, 1.0],
                [1.000001, -0.001903, 0.000449, 0.0, 0.000447, 0.445711, 0.895177, 0.37472, -0.001903, -0.895171, 0.445713, -0.0, 0.0, 0.0, 0.0, 1.0],
                [1.000001, -0.001941, 0.000235, 0.0, 0.000234, 0.237895, 0.971291, 0.37472, -0.001942, -0.971285, 0.237896, -0.0, 0.0, 0.0, 0.0, 1.0],
                [1.000001, -0.001955, 4.1e-05, -0.0, 4e-05, 0.04157, 0.999136, 0.37472, -0.001955, -0.99913, 0.04157, 0.0, 0.0, 0.0, 0.0, 1.0],
                [1.000001, -0.001952, -0.000125, 0.0, -0.000125, -0.127548, 0.991832, 0.37472, -0.001952, -0.991827, -0.127548, 0.0, 0.0, 0.0, 0.0, 1.0],
                [1.000001, -0.001951, -0.000143, 0.0, -0.000143, -0.145705, 0.989328, 0.37472, -0.001951, -0.989323, -0.145705, 0.0, 0.0, 0.0, 0.0, 1.0],
                [1.000001, -0.001955, -2e-05, -0.0, -2e-05, -0.02041, 0.999792, 0.37472, -0.001955, -0.999786, -0.02041, -0.0, 0.0, 0.0, 0.0, 1.0],
                [1.000001, -0.001948, 0.000179, 0.0, 0.000178, 0.181443, 0.983402, 0.37472, -0.001948, -0.983396, 0.181444, 0.0, 0.0, 0.0, 0.0, 1.0],
                [1.000002, -0.001931, 0.000307, 0.0, 0.000304, 0.308682, 0.951165, 0.37472, -0.001931, -0.951159, 0.308683, 0.0, 0.0, 0.0, 0.0, 1.0],
                [1.000002, -0.00192, 0.00037, 0.0, 0.000368, 0.370586, 0.928798, 0.37472, -0.00192, -0.928791, 0.370588, 0.0, 0.0, 0.0, 0.0, 1.0],
                [1.000001, -0.001921, 0.000368, 0.0, 0.000365, 0.368258, 0.929724, 0.37472, -0.001921, -0.929718, 0.36826, -0.0, 0.0, 0.0, 0.0, 1.0],
                [1.000002, -0.001931, 0.00031, 0.0, 0.000308, 0.311922, 0.950108, 0.37472, -0.001931, -0.950101, 0.311924, -0.0, 0.0, 0.0, 0.0, 1.0],
                [1.000002, -0.001937, 0.000269, -0.0, 0.000267, 0.271635, 0.9624, 0.37472, -0.001937, -0.962394, 0.271636, -0.0, 0.0, 0.0, 0.0, 1.0],
                [1.000001, -0.001938, 0.000265, 0.0, 0.000263, 0.267456, 0.96357, 0.37472, -0.001938, -0.963564, 0.267457, -0.0, 0.0, 0.0, 0.0, 1.0],
                [1.000001, -0.001935, 0.000282, -0.0, 0.000281, 0.284911, 0.958554, 0.37472, -0.001935, -0.958549, 0.284912, 0.0, 0.0, 0.0, 0.0, 1.0],
                [1.000001, -0.001934, 0.00029, 0.0, 0.000288, 0.292327, 0.956319, 0.37472, -0.001934, -0.956313, 0.292328, 0.0, 0.0, 0.0, 0.0, 1.0],
                [1.000001, -0.001935, 0.000281, 0.0, 0.000279, 0.283256, 0.959045, 0.37472, -0.001936, -0.959038, 0.283257, 0.0, 0.0, 0.0, 0.0, 1.0],
                [1.000001, -0.001938, 0.000263, -0.0, 0.000261, 0.265719, 0.964051, 0.37472, -0.001938, -0.964045, 0.26572, -0.0, 0.0, 0.0, 0.0, 1.0],
                [1.000001, -0.00194, 0.000245, 0.0, 0.000244, 0.248095, 0.968736, 0.37472, -0.00194, -0.968731, 0.248096, 0.0, 0.0, 0.0, 0.0, 1.0],
                [1.000001, -0.001943, 0.000224, -0.0, 0.000223, 0.227105, 0.97387, 0.37472, -0.001943, -0.973864, 0.227106, -0.0, 0.0, 0.0, 0.0, 1.0],
                [1.000001, -0.001945, 0.000203, -0.0, 0.000202, 0.206009, 0.97855, 0.37472, -0.001945, -0.978545, 0.20601, -0.0, 0.0, 0.0, 0.0, 1.0],
                [1.0, -0.001946, 0.000188, -0.0, 0.000188, 0.191536, 0.981486, 0.37472, -0.001946, -0.981481, 0.191536, -0.0, 0.0, 0.0, 0.0, 1.0],
                [1.0, -0.001947, 0.000173, 0.0, 0.000174, 0.17702, 0.984208, 0.37472, -0.001947, -0.984202, 0.17702, 0.0, 0.0, 0.0, 0.0, 1.0],
                [1.000001, -0.001945, 0.000201, 0.0, 0.000201, 0.204268, 0.978915, 0.37472, -0.001945, -0.97891, 0.204269, -0.0, 0.0, 0.0, 0.0, 1.0],
                [1.000001, -0.001941, 0.000238, 0.0, 0.000238, 0.241304, 0.97045, 0.37472, -0.001941, -0.970445, 0.241305, -0.0, 0.0, 0.0, 0.0, 1.0],
                [1.000001, -0.001942, 0.000221, 0.0, 0.00022, 0.224187, 0.974546, 0.37472, -0.001943, -0.974541, 0.224188, -0.0, 0.0, 0.0, 0.0, 1.0],
                [1.0, -0.001947, 0.000188, 0.0, 0.000188, 0.191148, 0.981561, 0.37472, -0.001947, -0.981557, 0.191149, -0.0, 0.0, 0.0, 0.0, 1.0],
                [1.0, -0.001949, 0.000155, -0.0, 0.000155, 0.158302, 0.987391, 0.37472, -0.001949, -0.987386, 0.158302, -0.0, 0.0, 0.0, 0.0, 1.0],
                [1.0, -0.001953, 0.000102, -0.0, 0.0001, 0.103659, 0.994613, 0.37472, -0.001953, -0.994609, 0.10366, -0.0, 0.0, 0.0, 0.0, 1.0],
                [1.0, -0.001948, 0.000172, -0.0, 0.000172, 0.175246, 0.984525, 0.37472, -0.001948, -0.98452, 0.175247, -0.0, 0.0, 0.0, 0.0, 1.0],
                [1.0, -0.001943, 0.000216, 0.0, 0.000215, 0.219015, 0.975721, 0.37472, -0.001943, -0.975716, 0.219016, 0.0, 0.0, 0.0, 0.0, 1.0],
                [1.000001, -0.001941, 0.000238, -0.0, 0.000237, 0.241303, 0.97045, 0.37472, -0.001941, -0.970445, 0.241304, -0.0, 0.0, 0.0, 0.0, 1.0],
                [1.0, -0.00194, 0.000248, -0.0, 0.000248, 0.251481, 0.967862, 0.37472, -0.00194, -0.967858, 0.251481, -0.0, 0.0, 0.0, 0.0, 1.0],
                [1.000001, -0.001941, 0.000233, -0.0, 0.000234, 0.237042, 0.9715, 0.37472, -0.001941, -0.971495, 0.237043, -0.0, 0.0, 0.0, 0.0, 1.0],
                [1.0, -0.001944, 0.000214, -0.0, 0.000213, 0.217287, 0.976108, 0.37472, -0.001944, -0.976103, 0.217288, -0.0, 0.0, 0.0, 0.0, 1.0],
