{
    "animation": [
        {
            "name": "Root",
            "time": [0.0, 0.0333, 0.0667, 0.1, 0.1333, 0.1667, 0.2, 0.2333, 0.2667, 0.3, 0.3333, 0.3667, 0.4, 0.4333, 0.4667, 0.5, 0.5333, 0.5667, 0.6, 0.6333, 0.6667, 0.7, 0.7333, 0.7667, 0.8, 0.8333],
            "transform": [
                [0.829882, 0.00057, -0.557938, 0.000528, -0.557939, 0.001869, -0.829879, 0.001731, 0.00057, 0.999998, 0.001869, 0.546183, 0.0, 0.0, 0.0, 1.0],
                [0.830333, 0.000569, -0.557267, 0.000521, -0.557267, 0.001869, -0.830331, 0.001711, 0.000569, 0.999998, 0.001869, 0.535688, 0.0, 0.0, 0.0, 1.0],
                [0.830435, 0.000569, -0.557114, 0.000515, -0.557115, 0.001869, -0.830432, 0.001693, 0.000569, 0.999998, 0.001869, 0.525828, 0.0, 0.0, 0.0, 1.0],
                [0.824264, 0.000579, -0.566206, 0.000525, -0.566206, 0.001866, -0.824261, 0.001692, 0.000579, 0.999998, 0.001866, 0.527162, 0.0, 0.0, 0.0, 1.0],
                [0.805807, 0.000609, -0.592178, 0.000564, -0.592179, 0.001857, -0.805804, 0.001723, 0.000609, 0.999998, 0.001857, 0.548274, 0.0, 0.0, 0.0, 1.0],
                [0.782533, 0.000644, -0.622608, 0.000614, -0.622609, 0.001845, -0.782531, 0.001763, 0.000644, 0.999998, 0.001845, 0.575984, 0.0, 0.0, 0.0, 1.0],
                [0.768161, 0.000665, -0.640256, 0.000643, -0.640257, 0.001837, -0.768158, 0.001783, 0.000665, 0.999998, 0.001837, 0.59026, 0.0, 0.0, 0.0, 1.0],
                [0.762473, 0.000673, -0.647019, 0.000651, -0.64702, 0.001834, -0.76247, 0.00178, 0.000673, 0.999998, 0.001834, 0.590359, 0.0, 0.0, 0.0, 1.0],
                [0.756725, 0.000681, -0.653732, 0.000656, -0.653733, 0.001831, -0.756722, 0.00177, 0.000682, 0.999998, 0.001831, 0.586115, 0.0, 0.0, 0.0, 1.0],
                [0.750919, 0.00069, -0.660394, 0.000659, -0.660394, 0.001828, -0.750916, 0.001754, 0.00069, 0.999998, 0.001828, 0.579148, 0.0, 0.0, 0.0, 1.0],
                [0.745525, 0.000697, -0.666476, 0.00066, -0.666477, 0.001825, -0.745523, 0.001736, 0.000697, 0.999998, 0.001826, 0.57108, 0.0, 0.0, 0.0, 1.0],
                [0.741083, 0.000703, -0.671412, 0.00066, -0.671413, 0.001823, -0.74108, 0.001721, 0.000703, 0.999998, 0.001823, 0.563611, 0.0, 0.0, 0.0, 1.0],
                [0.737224, 0.000708, -0.675648, 0.000661, -0.675648, 0.001821, -0.737221, 0.001707, 0.000708, 0.999998, 0.001821, 0.557233, 0.0, 0.0, 0.0, 1.0],
                [0.73432, 0.000712, -0.678802, 0.000659, -0.678803, 0.00182, -0.734318, 0.001694, 0.000712, 0.999998, 0.001819, 0.550854, 0.0, 0.0, 0.0, 1.0],
                [0.732602, 0.000714, -0.680656, 0.000657, -0.680657, 0.001819, -0.7326, 0.001682, 0.000715, 0.999998, 0.001819, 0.544475, 0.0, 0.0, 0.0, 1.0],
                [0.732337, 0.000715, -0.680941, 0.000653, -0.680942, 0.001819, -0.732334, 0.00167, 0.000715, 0.999998, 0.001819, 0.538096, 0.0, 0.0, 0.0, 1.0],
                [0.733304, 0.000714, -0.6799, 0.000648, -0.679901, 0.001819, -0.733301, 0.001661, 0.000714, 0.999998, 0.001819, 0.532658, 0.0, 0.0, 0.0, 1.0],
                [0.735419, 0.000711, -0.677611, 0.000643, -0.677612, 0.00182, -0.735417, 0.001656, 0.000711, 0.999998, 0.00182, 0.529293, 0.0, 0.0, 0.0, 1.0],
                [0.740278, 0.000704, -0.6723, 0.000636, -0.672301, 0.001823, -0.740276, 0.001656, 0.000704, 0.999998, 0.001823, 0.528246, 0.0, 0.0, 0.0, 1.0],
                [0.749938, 0.000691, -0.661508, 0.000626, -0.661508, 0.001828, -0.749935, 0.001663, 0.000691, 0.999998, 0.001828, 0.529557, 0.0, 0.0, 0.0, 1.0],
                [0.763549, 0.000672, -0.645749, 0.00061, -0.64575, 0.001835, -0.763546, 0.001673, 0.000672, 0.999998, 0.001835, 0.531746, 0.0, 0.0, 0.0, 1.0],
                [0.779881, 0.000648, -0.625927, 0.000591, -0.625927, 0.001844, -0.779878, 0.001687, 0.000648, 0.999998, 0.001844, 0.534855, 0.0, 0.0, 0.0, 1.0],
                [0.796533, 0.000623, -0.604595, 0.000571, -0.604595, 0.001852, -0.79653, 0.001701, 0.000623, 0.999998, 0.001852, 0.538402, 0.0, 0.0, 0.0, 1.0],
                [0.8126, 0.000598, -0.582821, 0.000551, -0.582823, 0.00186, -0.812597, 0.001715, 0.000598, 0.999998, 0.00186, 0.541949, 0.0, 0.0, 0.0, 1.0],
                [0.827173, 0.000574, -0.561946, 0.000531, -0.561947, 0.001868, -0.82717, 0.001728, 0.000575, 0.999998, 0.001868, 0.545496, 0.0, 0.0, 0.0, 1.0],
                [0.840958, 0.000551, -0.5411, 0.000512, -0.541101, 0.001875, -0.840955, 0.001741, 0.000551, 0.999998, 0.001875, 0.549044, 0.0, 0.0, 0.0, 1.0]
            ]
        },
        {
            "name": "Thigh_R",
            "time": [0.0, 0.0333, 0.0667, 0.1, 0.1333, 0.1667, 0.2, 0.2333, 0.2667, 0.3, 0.3333, 0.3667, 0.4, 0.4333, 0.4667, 0.5, 0.5333, 0.5667, 0.6, 0.6333, 0.6667, 0.7, 0.7333, 0.7667, 0.8, 0.8333],
            "transform": [
                [0.910917, 0.402176, -0.092097, 0.124994, 0.384324, -0.745917, 0.543969, -0.00283, 0.150075, -0.530907, -0.834035, -1.2e-05, 0.0, 0.0, 0.0, 1.0],
                [0.90892, 0.407173, -0.089849, 0.124994, 0.385652, -0.738975, 0.552438, -0.00283, 0.158542, -0.536773, -0.828696, -1.2e-05, 0.0, 0.0, 0.0, 1.0],
                [0.907569, 0.410042, -0.090458, 0.124994, 0.385779, -0.729172, 0.565227, -0.002831, 0.165807, -0.54788, -0.81996, -1.2e-05, 0.0, 0.0, 0.0, 1.0],
                [0.911756, 0.401689, -0.085706, 0.124994, 0.372576, -0.721024, 0.584218, -0.00283, 0.172878, -0.564597, -0.807058, -1.2e-05, 0.0, 0.0, 0.0, 1.0],
                [0.924753, 0.37412, -0.069734, 0.124994, 0.336543, -0.718394, 0.608809, -0.00283, 0.177671, -0.586468, -0.790245, -1.2e-05, 0.0, 0.0, 0.0, 1.0],
                [0.94057, 0.335517, -0.052475, 0.124994, 0.289979, -0.713083, 0.638298, -0.00283, 0.176741, -0.615582, -0.767998, -1.2e-05, 0.0, 0.0, 0.0, 1.0],
                [0.949754, 0.309871, -0.044109, 0.124994, 0.261597, -0.708497, 0.655438, -0.00283, 0.17185, -0.634045, -0.753959, -1.2e-05, 0.0, 0.0, 0.0, 1.0],
                [0.953188, 0.299007, -0.044996, 0.124994, 0.251477, -0.701291, 0.667045, -0.00283, 0.167896, -0.647137, -0.743656, -1.2e-05, 0.0, 0.0, 0.0, 1.0],
                [0.955371, 0.291381, -0.048606, 0.124994, 0.245264, -0.690686, 0.680292, -0.00283, 0.164653, -0.661854, -0.731327, -1.2e-05, 0.0, 0.0, 0.0, 1.0],
                [0.956422, 0.286784, -0.054864, 0.124994, 0.243349, -0.679075, 0.692559, -0.00283, 0.161358, -0.675731, -0.719271, -1.2e-05, 0.0, 0.0, 0.0, 1.0],
                [0.956755, 0.284152, -0.062246, 0.124994, 0.244322, -0.668844, 0.702106, -0.00283, 0.157872, -0.686953, -0.709346, -1.2e-05, 0.0, 0.0, 0.0, 1.0],
                [0.956296, 0.283915, -0.069917, 0.124994, 0.247684, -0.65948, 0.709745, -0.00283, 0.155398, -0.696046, -0.70098, -1.2e-05, 0.0, 0.0, 0.0, 1.0],
                [0.95546, 0.28474, -0.07757, 0.124994, 0.252181, -0.651216, 0.715766, -0.00283, 0.153293, -0.703449, -0.694017, -1.2e-05, 0.0, 0.0, 0.0, 1.0],
                [0.953374, 0.289222, -0.086174, 0.124994, 0.260536, -0.644685, 0.71868, -0.00283, 0.152303, -0.707624, -0.68998, -1.2e-05, 0.0, 0.0, 0.0, 1.0],
                [0.95033, 0.296062, -0.096016, 0.124994, 0.271548, -0.637939, 0.720621, -0.00283, 0.152096, -0.710902, -0.686647, -1.2e-05, 0.0, 0.0, 0.0, 1.0],
                [0.94645, 0.304738, -0.106602, 0.124994, 0.284588, -0.631593, 0.721179, -0.00283, 0.152442, -0.7129, -0.684496, -1.2e-05, 0.0, 0.0, 0.0, 1.0],
                [0.941614, 0.315775, -0.116824, 0.124994, 0.299595, -0.627484, 0.718683, -0.00283, 0.153636, -0.711723, -0.685453, -1.2e-05, 0.0, 0.0, 0.0, 1.0],
                [0.93653, 0.32755, -0.124981, 0.124994, 0.314653, -0.628113, 0.711665, -0.00283, 0.154603, -0.705824, -0.691311, -1.2e-05, 0.0, 0.0, 0.0, 1.0],
                [0.930678, 0.341801, -0.130422, 0.124994, 0.331087, -0.635277, 0.697713, -0.00283, 0.155625, -0.692528, -0.704404, -1.2e-05, 0.0, 0.0, 0.0, 1.0],
                [0.922926, 0.361077, -0.133528, 0.124994, 0.351275, -0.647936, 0.675858, -0.00283, 0.157519, -0.670673, -0.724834, -1.2e-05, 0.0, 0.0, 0.0, 1.0],
                [0.91491, 0.380834, -0.133806, 0.124994, 0.371305, -0.663973, 0.649054, -0.00283, 0.158338, -0.64351, -0.748881, -1.2e-05, 0.0, 0.0, 0.0, 1.0],
                [0.908893, 0.396311, -0.129809, 0.124994, 0.386119, -0.682122, 0.620985, -0.00283, 0.157557, -0.614531, -0.772999, -1.2e-05, 0.0, 0.0, 0.0, 1.0],
                [0.906632, 0.404204, -0.120978, 0.124994, 0.392288, -0.702007, 0.594387, -0.00283, 0.155326, -0.586349, -0.795027, -1.2e-05, 0.0, 0.0, 0.0, 1.0],
                [0.908152, 0.404391, -0.10829, 0.124994, 0.389782, -0.722402, 0.571143, -0.00283, 0.152736, -0.560895, -0.813676, -1.2e-05, 0.0, 0.0, 0.0, 1.0],
                [0.910479, 0.402558, -0.094725, 0.124994, 0.385207, -0.742188, 0.548427, -0.00283, 0.150469, -0.535821, -0.830816, -1.2e-05, 0.0, 0.0, 0.0, 1.0],
                [0.912697, 0.400502, -0.08113, 0.124994, 0.38066, -0.761088, 0.525208, -0.00283, 0.148599, -0.510239, -0.847097, -1.2e-05, 0.0, 0.0, 0.0, 1.0]
            ]
        },
        {
            "name": "Leg_R",
            "time": [0.0, 0.0333, 0.0667, 0.1, 0.1333, 0.1667, 0.2, 0.2333, 0.2667, 0.3, 0.3333, 0.3667, 0.4, 0.4333, 0.4667, 0.5, 0.5333, 0.5667, 0.6, 0.6333, 0.6667, 0.7, 0.7333, 0.7667, 0.8, 0.8333],
            "transform": [
                [0.999999, -0.001905, 0.000439, 0.0, 0.000438, 0.436948, 0.899487, 0.37472, -0.001905, -0.899483, 0.436949, -0.0, 0.0, 0.0, 0.0, 1.0],
                [1.0, -0.001912, 0.00041, 0.0, 0.000408, 0.409138, 0.912472, 0.37472, -0.001912, -0.912468, 0.40914, 0.0, 0.0, 0.0, 0.0, 1.0],
                [1.0, -0.001919, 0.000375, -0.0, 0.000374, 0.375894, 0.926663, 0.37472, -0.001919, -0.926658, 0.375895, -0.0, 0.0, 0.0, 0.0, 1.0],
                [0.999999, -0.001921, 0.000366, 0.0, 0.000365, 0.367378, 0.930072, 0.37472, -0.001921, -0.930067, 0.367379, -0.0, 0.0, 0.0, 0.0, 1.0],
                [1.0, -0.001912, 0.000409, 0.0, 0.000408, 0.408287, 0.912854, 0.37472, -0.001912, -0.912849, 0.408288, -0.0, 0.0, 0.0, 0.0, 1.0],
                [0.999999, -0.0019, 0.000463, -0.0, 0.000462, 0.459537, 0.888159, 0.37472, -0.0019, -0.888155, 0.459538, -0.0, 0.0, 0.0, 0.0, 1.0],
                [1.0, -0.001892, 0.000495, 0.0, 0.000493, 0.488916, 0.872331, 0.37472, -0.001892, -0.872326, 0.488918, 0.0, 0.0, 0.0, 0.0, 1.0],
                [0.999999, -0.001892, 0.000494, 0.0, 0.000493, 0.488799, 0.872396, 0.37472, -0.001892, -0.872392, 0.4888, 0.0, 0.0, 0.0, 0.0, 1.0],
                [0.999999, -0.001894, 0.000484, 0.0, 0.000482, 0.478858, 0.877892, 0.37472, -0.001895, -0.877888, 0.47886, 0.0, 0.0, 0.0, 0.0, 1.0],
                [0.999999, -0.001899, 0.000467, 0.0, 0.000466, 0.463134, 0.886288, 0.37472, -0.001899, -0.886283, 0.463136, 0.0, 0.0, 0.0, 0.0, 1.0],
                [1.0, -0.001903, 0.00045, -0.0, 0.000449, 0.447263, 0.894402, 0.37472, -0.001903, -0.894398, 0.447264, 0.0, 0.0, 0.0, 0.0, 1.0],
                [0.999998, -0.001906, 0.000435, -0.0, 0.000433, 0.433038, 0.901376, 0.37472, -0.001906, -0.901372, 0.433039, -0.0, 0.0, 0.0, 0.0, 1.0],
                [0.999999, -0.001909, 0.000423, -0.0, 0.000422, 0.42197, 0.90661, 0.37472, -0.001909, -0.906606, 0.42197, -0.0, 0.0, 0.0, 0.0, 1.0],
                [0.999999, -0.001912, 0.000412, -0.0, 0.00041, 0.410838, 0.911709, 0.37472, -0.001912, -0.911704, 0.410839, 0.0, 0.0, 0.0, 0.0, 1.0],
                [0.999999, -0.001914, 0.0004, 0.0, 0.000398, 0.399644, 0.916671, 0.37472, -0.001915, -0.916666, 0.399645, 0.0, 0.0, 0.0, 0.0, 1.0],
                [0.999999, -0.001916, 0.000388, -0.0, 0.000387, 0.388392, 0.921494, 0.37472, -0.001917, -0.92149, 0.388393, 0.0, 0.0, 0.0, 0.0, 1.0],
                [0.999999, -0.001918, 0.000379, -0.0, 0.000378, 0.379645, 0.925133, 0.37472, -0.001918, -0.925129, 0.379646, -0.0, 0.0, 0.0, 0.0, 1.0],
                [0.999999, -0.001918, 0.000376, 0.0, 0.000375, 0.377208, 0.926129, 0.37472, -0.001919, -0.926125, 0.377208, -0.0, 0.0, 0.0, 0.0, 1.0],
                [1.0, -0.001918, 0.000382, 0.0, 0.000381, 0.383075, 0.923717, 0.37472, -0.001918, -0.923713, 0.383076, 0.0, 0.0, 0.0, 0.0, 1.0],
                [0.999998, -0.001915, 0.000396, -0.0, 0.000395, 0.396032, 0.918237, 0.37472, -0.001915, -0.918233, 0.396033, 0.0, 0.0, 0.0, 0.0, 1.0],
                [0.999999, -0.001911, 0.000412, 0.0, 0.00041, 0.41108, 0.911599, 0.37472, -0.001912, -0.911595, 0.411081, 0.0, 0.0, 0.0, 0.0, 1.0],
                [1.0, -0.001908, 0.000428, 0.0, 0.000426, 0.426017, 0.904715, 0.37472, -0.001908, -0.90471, 0.426018, 0.0, 0.0, 0.0, 0.0, 1.0],
                [0.999999, -0.001906, 0.000436, 0.0, 0.000435, 0.434648, 0.9006, 0.37472, -0.001906, -0.900596, 0.434649, -0.0, 0.0, 0.0, 0.0, 1.0],
                [0.999999, -0.001905, 0.000438, 0.0, 0.000437, 0.436496, 0.899706, 0.37472, -0.001906, -0.899702, 0.436497, -0.0, 0.0, 0.0, 0.0, 1.0],
                [0.999999, -0.001905, 0.000439, 0.0, 0.000437, 0.436875, 0.899523, 0.37472, -0.001906, -0.899518, 0.436876, 0.0, 0.0, 0.0, 0.0, 1.0],
                [1.0, -0.001905, 0.000439, 0.0, 0.000438, 0.437253, 0.899338, 0.37472, -0.001905, -0.899333, 0.437255, -0.0, 0.0, 0.0, 0.0, 1.0]
            ]
        },
        {
            "name": "Knee_R",
            "time": [0.0, 0.8333],
            "transform": [
                [1.0, 0.0, -0.0, 0.0, -0.0, 1e-06, -1.0, 0.37472, -0.0, 1.0, 1e-06, -0.0, 0.0, 0.0, 0.0, 1.0],
                [1.0, 0.0, -0.0, 0.0, -0.0, 1e-06, -1.0, 0.37472, -0.0, 1.0, 1e-06, -0.0, 0.0, 0.0, 0.0, 1.0]
            ]
        },
        {
            "name": "Thigh_L",
            "time": [0.0, 0.0333, 0.0667, 0.1, 0.1333, 0.1667, 0.2, 0.2333, 0.2667, 0.3, 0.3333, 0.3667, 0.4, 0.4333, 0.4667, 0.5, 0.5333, 0.5667, 0.6, 0.6333, 0.6667, 0.7, 0.7333, 0.7667, 0.8, 0.8333],
            "transform": [
                [0.712744, -0.640849, -0.285147, -0.125006, -0.234923, -0.601147, 0.763827, -0.002831, -0.660913, -0.477427, -0.579013, -1.2e-05, 0.0, 0.0, 0.0, 1.0],
                [0.703615, -0.655115, -0.275229, -0.125006, -0.239436, -0.583262, 0.776193, -0.002831, -0.669025, -0.480243, -0.567249, -1.2e-05, 0.0, 0.0, 0.0, 1.0],
                [0.693948, -0.669237, -0.265628, -0.125006, -0.244431, -0.56597, 0.787356, -0.002831, -0.677266, -0.481458, -0.556335, -1.2e-05, 0.0, 0.0, 0.0, 1.0],
                [0.686316, -0.676083, -0.268109, -0.125006, -0.246276, -0.56289, 0.788988, -0.002831, -0.684336, -0.475468, -0.552823, -1.2e-05, 0.0, 0.0, 0.0, 1.0],
                [0.68268, -0.667611, -0.297059, -0.125006, -0.242569, -0.59053, 0.769697, -0.002831, -0.68928, -0.4534, -0.565084, -1.2e-05, 0.0, 0.0, 0.0, 1.0],
                [0.680719, -0.64994, -0.337935, -0.125006, -0.238122, -0.632589, 0.736972, -0.002831, -0.692762, -0.421202, -0.58538, -1.2e-05, 0.0, 0.0, 0.0, 1.0],
                [0.679476, -0.638857, -0.360797, -0.125006, -0.237177, -0.656607, 0.715969, -0.002831, -0.694304, -0.400912, -0.59767, -1.2e-05, 0.0, 0.0, 0.0, 1.0],
                [0.68026, -0.638586, -0.359798, -0.125006, -0.238371, -0.656937, 0.715271, -0.002831, -0.693126, -0.400806, -0.599107, -1.2e-05, 0.0, 0.0, 0.0, 1.0],
                [0.680633, -0.642937, -0.351242, -0.125006, -0.240312, -0.648833, 0.721987, -0.002831, -0.692089, -0.407002, -0.596122, -1.2e-05, 0.0, 0.0, 0.0, 1.0],
                [0.680614, -0.650002, -0.338026, -0.125006, -0.243128, -0.635621, 0.732717, -0.002831, -0.691124, -0.416515, -0.590645, -1.2e-05, 0.0, 0.0, 0.0, 1.0],
                [0.680774, -0.657127, -0.323621, -0.125006, -0.246778, -0.621737, 0.743332, -0.002831, -0.689671, -0.426179, -0.585426, -1.2e-05, 0.0, 0.0, 0.0, 1.0],
                [0.68158, -0.66284, -0.309988, -0.125006, -0.249524, -0.608773, 0.753081, -0.002831, -0.687884, -0.435937, -0.580321, -1.2e-05, 0.0, 0.0, 0.0, 1.0],
                [0.68352, -0.666288, -0.298093, -0.125006, -0.250563, -0.597746, 0.761522, -0.002831, -0.685578, -0.445826, -0.575518, -1.2e-05, 0.0, 0.0, 0.0, 1.0],
                [0.685474, -0.669537, -0.286085, -0.125006, -0.25162, -0.586553, 0.769832, -0.002831, -0.683235, -0.455717, -0.570535, -1.2e-05, 0.0, 0.0, 0.0, 1.0],
                [0.68742, -0.672587, -0.274007, -0.125006, -0.25267, -0.575202, 0.77801, -0.002831, -0.680889, -0.465588, -0.565347, -1.2e-05, 0.0, 0.0, 0.0, 1.0],
                [0.689958, -0.67416, -0.263565, -0.125006, -0.251957, -0.565022, 0.785663, -0.002831, -0.678583, -0.475668, -0.5597, -1.2e-05, 0.0, 0.0, 0.0, 1.0],
                [0.693166, -0.673559, -0.25659, -0.125006, -0.249507, -0.558213, 0.791291, -0.002831, -0.676214, -0.484477, -0.554992, -1.2e-05, 0.0, 0.0, 0.0, 1.0],
                [0.696669, -0.671162, -0.253366, -0.125006, -0.246712, -0.555782, 0.793875, -0.002831, -0.673635, -0.490561, -0.552779, -1.2e-05, 0.0, 0.0, 0.0, 1.0],
                [0.700442, -0.666828, -0.254404, -0.125006, -0.242696, -0.557753, 0.793731, -0.002831, -0.671176, -0.494221, -0.552509, -1.2e-05, 0.0, 0.0, 0.0, 1.0],
                [0.70503, -0.659454, -0.260871, -0.125006, -0.235458, -0.564654, 0.791027, -0.002831, -0.668948, -0.496275, -0.553371, -1.2e-05, 0.0, 0.0, 0.0, 1.0],
                [0.709946, -0.650624, -0.269564, -0.125006, -0.226687, -0.573512, 0.787208, -0.002831, -0.666774, -0.49777, -0.554649, -1.2e-05, 0.0, 0.0, 0.0, 1.0],
                [0.713902, -0.642784, -0.2778, -0.125006, -0.220312, -0.582751, 0.782216, -0.002831, -0.664685, -0.497224, -0.557639, -1.2e-05, 0.0, 0.0, 0.0, 1.0],
                [0.715521, -0.638775, -0.282836, -0.125006, -0.220013, -0.590316, 0.776608, -0.002831, -0.66304, -0.493454, -0.562921, -1.2e-05, 0.0, 0.0, 0.0, 1.0],
                [0.714572, -0.639182, -0.284313, -0.125006, -0.226039, -0.595577, 0.770839, -0.002831, -0.662037, -0.486555, -0.570061, -1.2e-05, 0.0, 0.0, 0.0, 1.0],
                [0.713035, -0.640587, -0.285007, -0.125006, -0.233493, -0.60025, 0.76497, -0.002831, -0.661106, -0.478904, -0.577571, -1.2e-05, 0.0, 0.0, 0.0, 1.0],
                [0.711563, -0.641896, -0.285741, -0.125006, -0.240822, -0.604854, 0.759048, -0.002831, -0.660062, -0.471299, -0.584974, -1.2e-05, 0.0, 0.0, 0.0, 1.0]
            ]
        },
        {
            "name": "Leg_L",
            "time": [0.0, 0.0333, 0.0667, 0.1, 0.1333, 0.1667, 0.2, 0.2333, 0.2667, 0.3, 0.3333, 0.3667, 0.4, 0.4333, 0.4667, 0.5, 0.5333, 0.5667, 0.6, 0.6333, 0.6667, 0.7, 0.7333, 0.7667, 0.8, 0.8333],
            "transform": [
                [0.999999, -0.001922, 0.000356, -0.0, 0.000354, 0.357337, 0.933975, 0.37472, -0.001923, -0.933972, 0.357338, -0.0, 0.0, 0.0, 0.0, 1.0],
                [0.999999, -0.001928, 0.000329, -0.0, 0.000326, 0.33022, 0.943904, 0.37472, -0.001928, -0.943902, 0.33022, -0.0, 0.0, 0.0, 0.0, 1.0],
                [0.999999, -0.001932, 0.000302, -0.0, 0.000302, 0.305254, 0.952271, 0.37472, -0.001932, -0.952268, 0.305254, 0.0, 0.0, 0.0, 0.0, 1.0],
                [0.999999, -0.001929, 0.000322, 0.0, 0.000319, 0.32332, 0.946289, 0.37472, -0.001929, -0.946287, 0.32332, 0.0, 0.0, 0.0, 0.0, 1.0],
                [0.999999, -0.00191, 0.000423, 0.0, 0.000421, 0.421113, 0.907008, 0.37472, -0.00191, -0.907006, 0.421113, 0.0, 0.0, 0.0, 0.0, 1.0],
                [0.999999, -0.001872, 0.000564, 0.0, 0.000561, 0.551241, 0.834346, 0.37472, -0.001873, -0.834344, 0.551241, -0.0, 0.0, 0.0, 0.0, 1.0],
                [0.999999, -0.001844, 0.000651, -0.0, 0.000649, 0.627214, 0.778846, 0.37472, -0.001844, -0.778843, 0.627215, 0.0, 0.0, 0.0, 0.0, 1.0],
                [0.999999, -0.001837, 0.000669, 0.0, 0.000666, 0.64187, 0.766813, 0.37472, -0.001838, -0.76681, 0.641871, -0.0, 0.0, 0.0, 0.0, 1.0],
                [1.0, -0.001838, 0.000664, -0.0, 0.000662, 0.638269, 0.769813, 0.37472, -0.001839, -0.769809, 0.63827, -0.0, 0.0, 0.0, 0.0, 1.0],
                [1.0, -0.001846, 0.000645, 0.0, 0.000643, 0.62182, 0.783159, 0.37472, -0.001846, -0.783156, 0.621821, 0.0, 0.0, 0.0, 0.0, 1.0],
                [0.999999, -0.001855, 0.000617, -0.0, 0.000616, 0.598454, 0.801156, 0.37472, -0.001856, -0.801153, 0.598455, -0.0, 0.0, 0.0, 0.0, 1.0],
                [0.999998, -0.001865, 0.000588, 0.0, 0.000587, 0.572979, 0.81957, 0.37472, -0.001866, -0.819567, 0.57298, -0.0, 0.0, 0.0, 0.0, 1.0],
                [0.999999, -0.001874, 0.000559, 0.0, 0.000557, 0.546937, 0.837173, 0.37472, -0.001875, -0.837171, 0.546938, 0.0, 0.0, 0.0, 0.0, 1.0],
                [0.999999, -0.001883, 0.000526, -0.0, 0.000524, 0.517159, 0.855889, 0.37472, -0.001884, -0.855886, 0.51716, -0.0, 0.0, 0.0, 0.0, 1.0],
                [1.0, -0.001894, 0.000488, -0.0, 0.000486, 0.482182, 0.876071, 0.37472, -0.001895, -0.876068, 0.482182, -0.0, 0.0, 0.0, 0.0, 1.0],
                [0.999999, -0.001903, 0.00045, -0.0, 0.000447, 0.446417, 0.894825, 0.37472, -0.001904, -0.894822, 0.446417, -0.0, 0.0, 0.0, 0.0, 1.0],
                [0.999999, -0.001911, 0.000414, 0.0, 0.000411, 0.412151, 0.911115, 0.37472, -0.001912, -0.911113, 0.412152, -0.0, 0.0, 0.0, 0.0, 1.0],
                [0.999999, -0.001917, 0.000384, 0.0, 0.000381, 0.383563, 0.923514, 0.37472, -0.001918, -0.923512, 0.383563, -0.0, 0.0, 0.0, 0.0, 1.0],
                [0.999999, -0.001922, 0.000361, -0.0, 0.000358, 0.361425, 0.932401, 0.37472, -0.001922, -0.932398, 0.361425, -0.0, 0.0, 0.0, 0.0, 1.0],
                [0.999999, -0.001925, 0.00034, 0.0, 0.000338, 0.341523, 0.939873, 0.37472, -0.001926, -0.939871, 0.341523, 0.0, 0.0, 0.0, 0.0, 1.0],
                [0.999999, -0.001928, 0.000323, 0.0, 0.000323, 0.325886, 0.945409, 0.37472, -0.001928, -0.945407, 0.325886, 0.0, 0.0, 0.0, 0.0, 1.0],
                [0.999999, -0.00193, 0.000316, 0.0, 0.000317, 0.319352, 0.947636, 0.37472, -0.00193, -0.947634, 0.319352, -0.0, 0.0, 0.0, 0.0, 1.0],
                [0.999999, -0.001929, 0.000322, -0.0, 0.000321, 0.324285, 0.945959, 0.37472, -0.001929, -0.945957, 0.324285, 0.0, 0.0, 0.0, 0.0, 1.0],
                [0.999999, -0.001926, 0.000336, 0.0, 0.000335, 0.33832, 0.941031, 0.37472, -0.001926, -0.941029, 0.33832, 0.0, 0.0, 0.0, 0.0, 1.0],
                [0.999999, -0.001923, 0.000353, 0.0, 0.000351, 0.354263, 0.935146, 0.37472, -0.001923, -0.935143, 0.354263, -0.0, 0.0, 0.0, 0.0, 1.0],
                [0.999998, -0.00192, 0.000369, -0.0, 0.000368, 0.370104, 0.92899, 0.37472, -0.00192, -0.928989, 0.370103, -0.0, 0.0, 0.0, 0.0, 1.0]
            ]
        },
        {
            "name": "Knee_L",
            "time": [0.0, 0.8333],
            "transform": [
                [1.0, 0.0, -0.0, -0.0, -0.0, 1e-06, -1.0, 0.37472, -0.0, 1.0, 1e-06, -0.0, 0.0, 0.0, 0.0, 1.0],
                [1.0, 0.0, -0.0, -0.0, -0.0, 1e-06, -1.0, 0.37472, -0.0, 1.0, 1e-06, -0.0, 0.0, 0.0, 0.0, 1.0]
            ]
        },
        {
            "name": "Torso",
            "time": [0.0, 0.0333, 0.0667, 0.1, 0.1333, 0.1667, 0.2, 0.2333, 0.2667, 0.3, 0.3333, 0.3667, 0.4, 0.4333, 0.4667, 0.5, 0.5333, 0.5667, 0.6, 0.6333, 0.6667, 0.7, 0.7333, 0.7667, 0.8, 0.8333],
            "transform": [
                [0.9954, -0.081424, -0.050502, 0.0, 0.094481, 0.74652, 0.658619, 0.05, -0.015926, -0.660359, 0.75078, -0.0, 0.0, 0.0, 0.0, 1.0],
                [0.999439, 0.026196, -0.02091, -0.0, -0.020471, 0.971032, 0.238063, 0.05, 0.026541, -0.237501, 0.971025, -0.0, 0.0, 0.0, 0.0, 1.0],
                [0.99407, 0.101114, -0.040035, -0.0, -0.10382, 0.991946, -0.072516, 0.05, 0.03238, 0.076242, 0.996564, 0.0, 0.0, 0.0, 0.0, 1.0],
                [0.991125, 0.122995, -0.050453, -0.0, -0.129435, 0.979375, -0.155139, 0.05, 0.030331, 0.160292, 0.986604, -0.0, 0.0, 0.0, 0.0, 1.0],
                [0.987834, 0.142234, -0.06289, -0.0, -0.152657, 0.964046, -0.217503, 0.05, 0.029692, 0.224457, 0.974032, -0.0, 0.0, 0.0, 0.0, 1.0],
                [0.984535, 0.158911, -0.073759, -0.0, -0.17265, 0.951556, -0.254422, 0.05, 0.029756, 0.263221, 0.964277, -0.0, 0.0, 0.0, 0.0, 1.0],
                [0.982308, 0.167844, -0.083076, 0.0, -0.184366, 0.94461, -0.271507, 0.05, 0.032903, 0.282019, 0.958845, -0.0, 0.0, 0.0, 0.0, 1.0],
                [0.981455, 0.170406, -0.087804, -0.0, -0.187992, 0.945203, -0.266919, 0.05, 0.037508, 0.278475, 0.959711, 0.0, 0.0, 0.0, 0.0, 1.0],
                [0.981057, 0.171266, -0.090532, 0.0, -0.189074, 0.948285, -0.254959, 0.05, 0.042185, 0.267246, 0.962705, 0.0, 0.0, 0.0, 0.0, 1.0],
                [0.981391, 0.169633, -0.089996, 0.0, -0.186264, 0.954877, -0.231324, 0.05, 0.046695, 0.243782, 0.968706, 0.0, 0.0, 0.0, 0.0, 1.0],
                [0.982546, 0.164349, -0.087153, -0.0, -0.178837, 0.963487, -0.199264, 0.05, 0.051222, 0.211372, 0.976063, 0.0, 0.0, 0.0, 0.0, 1.0],
                [0.984241, 0.156851, -0.081668, -0.0, -0.168281, 0.972673, -0.159951, 0.05, 0.054348, 0.171172, 0.983741, 0.0, 0.0, 0.0, 0.0, 1.0],
                [0.986277, 0.147518, -0.074145, -0.0, -0.15529, 0.981365, -0.113157, 0.05, 0.056071, 0.123118, 0.990807, -0.0, 0.0, 0.0, 0.0, 1.0],
                [0.988431, 0.136605, -0.065915, -0.0, -0.140671, 0.988138, -0.061567, 0.05, 0.056723, 0.070126, 0.995924, 0.0, 0.0, 0.0, 0.0, 1.0],
                [0.990618, 0.124157, -0.057126, 0.0, -0.124528, 0.992209, -0.002962, 0.05, 0.056313, 0.010048, 0.998363, 0.0, 0.0, 0.0, 0.0, 1.0],
                [0.992808, 0.109498, -0.048433, 0.0, -0.106544, 0.992501, 0.059867, 0.05, 0.054625, -0.054276, 0.997031, 0.0, 0.0, 0.0, 0.0, 1.0],
                [0.994916, 0.092279, -0.040367, -0.0, -0.086498, 0.988123, 0.126987, 0.05, 0.051606, -0.122849, 0.991083, -0.0, 0.0, 0.0, 0.0, 1.0],
                [0.99673, 0.073459, -0.033679, 0.0, -0.065435, 0.9782, 0.19708, 0.05, 0.047423, -0.194231, 0.979809, 0.0, 0.0, 0.0, 0.0, 1.0],
                [0.998139, 0.053732, -0.028877, 0.0, -0.04401, 0.962117, 0.269054, 0.05, 0.042241, -0.267281, 0.962693, -0.0, 0.0, 0.0, 0.0, 1.0],
                [0.999147, 0.031859, -0.026311, 0.0, -0.021042, 0.940345, 0.339567, 0.05, 0.03556, -0.338723, 0.940214, 0.0, 0.0, 0.0, 0.0, 1.0],
                [0.999623, 0.008619, -0.026152, -0.0, 0.00281, 0.912865, 0.408245, 0.05, 0.027392, -0.408163, 0.912498, -0.0, 0.0, 0.0, 0.0, 1.0],
                [0.999494, -0.014432, -0.028386, -0.0, 0.026183, 0.8798, 0.474618, 0.05, 0.018125, -0.47512, 0.879734, 0.0, 0.0, 0.0, 0.0, 1.0],
                [0.998779, -0.03672, -0.033058, 0.0, 0.048739, 0.842034, 0.537216, 0.05, 0.008109, -0.53817, 0.842797, -0.0, 0.0, 0.0, 0.0, 1.0],
                [0.997537, -0.057741, -0.039859, 0.0, 0.070121, 0.80085, 0.594743, 0.05, -0.00242, -0.596071, 0.802927, 0.0, 0.0, 0.0, 0.0, 1.0],
                [0.995793, -0.077688, -0.048596, 0.0, 0.090611, 0.755731, 0.648582, 0.05, -0.013662, -0.650256, 0.759592, 0.0, 0.0, 0.0, 0.0, 1.0],
                [0.993574, -0.096498, -0.059165, 0.0, 0.110247, 0.706551, 0.699021, 0.05, -0.025651, -0.701049, 0.71265, -0.0, 0.0, 0.0, 0.0, 1.0]
            ]
        },
        {
            "name": "Chest",
            "time": [0.0, 0.0333, 0.0667, 0.1, 0.1333, 0.1667, 0.2, 0.2333, 0.2667, 0.3, 0.3333, 0.3667, 0.4, 0.4333, 0.4667, 0.5, 0.5333, 0.5667, 0.6, 0.6333, 0.6667, 0.7, 0.7333, 0.7667, 0.8, 0.8333],
            "transform": [
                [0.992371, 0.110238, 0.055176, 0.0, -0.073514, 0.888501, -0.452949, 0.3, -0.098956, 0.445439, 0.889825, -0.0, 0.0, 0.0, 0.0, 1.0],
                [0.992679, 0.095761, 0.073595, -0.0, -0.076799, 0.970797, -0.227281, 0.3, -0.093211, 0.219966, 0.971042, -0.0, 0.0, 0.0, 0.0, 1.0],
                [0.993147, 0.082637, 0.082642, 0.0, -0.07713, 0.994717, -0.067749, 0.3, -0.087804, 0.060911, 0.994272, 0.0, 0.0, 0.0, 0.0, 1.0],
                [0.993883, 0.072424, 0.083358, 0.0, -0.07148, 0.997342, -0.014257, 0.3, -0.084169, 0.008211, 0.996416, -0.0, 0.0, 0.0, 0.0, 1.0],
                [0.994571, 0.06213, 0.083458, -0.0, -0.065448, 0.997148, 0.037626, 0.3, -0.080882, -0.042884, 0.995798, -0.0, 0.0, 0.0, 0.0, 1.0],
                [0.995242, 0.051464, 0.082715, 0.0, -0.057971, 0.995245, 0.078289, 0.3, -0.078293, -0.082712, 0.993491, 0.0, 0.0, 0.0, 0.0, 1.0],
                [0.995823, 0.041084, 0.08153, 0.0, -0.050432, 0.991954, 0.116129, 0.3, -0.076103, -0.119757, 0.98988, -0.0, 0.0, 0.0, 0.0, 1.0],
                [0.996281, 0.032041, 0.079967, 0.0, -0.043167, 0.988994, 0.141529, 0.3, -0.074552, -0.144455, 0.986697, 0.0, 0.0, 0.0, 0.0, 1.0],
                [0.996642, 0.024418, 0.078144, 0.0, -0.036718, 0.986425, 0.160067, 0.3, -0.073175, -0.162399, 0.984006, 0.0, 0.0, 0.0, 0.0, 1.0],
                [0.996894, 0.01925, 0.07636, 0.0, -0.031824, 0.985436, 0.167046, 0.3, -0.072032, -0.168958, 0.982985, 0.0, 0.0, 0.0, 0.0, 1.0],
                [0.996999, 0.016902, 0.075536, -0.0, -0.029069, 0.986197, 0.163009, 0.3, -0.071738, -0.164717, 0.983727, 0.0, 0.0, 0.0, 0.0, 1.0],
                [0.996982, 0.017913, 0.075528, 0.0, -0.028876, 0.988765, 0.146668, 0.3, -0.072053, -0.148407, 0.986296, 0.0, 0.0, 0.0, 0.0, 1.0],
                [0.996908, 0.021156, 0.075657, 0.0, -0.030243, 0.992186, 0.121061, 0.3, -0.072505, -0.122976, 0.989756, 0.0, 0.0, 0.0, 0.0, 1.0],
                [0.996806, 0.025359, 0.075705, 0.0, -0.03218, 0.995397, 0.090286, 0.3, -0.073067, -0.092434, 0.993032, -0.0, 0.0, 0.0, 0.0, 1.0],
                [0.996659, 0.03089, 0.07559, -0.0, -0.034903, 0.99802, 0.052358, 0.3, -0.073823, -0.054822, 0.995761, -0.0, 0.0, 0.0, 0.0, 1.0],
                [0.996457, 0.037282, 0.075383, 0.0, -0.038131, 0.999226, 0.009844, 0.3, -0.074957, -0.012684, 0.997104, 0.0, 0.0, 0.0, 0.0, 1.0],
                [0.996186, 0.044586, 0.07499, 0.0, -0.041862, 0.998421, -0.037503, 0.3, -0.076544, 0.034221, 0.996477, 0.0, 0.0, 0.0, 0.0, 1.0],
                [0.995845, 0.052616, 0.07431, -0.0, -0.045979, 0.995028, -0.088366, 0.3, -0.07859, 0.084582, 0.99331, -0.0, 0.0, 0.0, 0.0, 1.0],
                [0.995434, 0.061212, 0.073226, 0.0, -0.050348, 0.988593, -0.141958, 0.3, -0.08108, 0.137623, 0.987158, 0.0, 0.0, 0.0, 0.0, 1.0],
                [0.994996, 0.069856, 0.071421, 0.0, -0.054707, 0.979165, -0.195561, 0.3, -0.083594, 0.190677, 0.978085, 0.0, 0.0, 0.0, 0.0, 1.0],
                [0.994528, 0.078456, 0.068971, -0.0, -0.059006, 0.966742, -0.248858, 0.3, -0.086202, 0.243428, 0.966079, 0.0, 0.0, 0.0, 0.0, 1.0],
                [0.994026, 0.086888, 0.066029, 0.0, -0.063142, 0.951406, -0.3014, 0.3, -0.089009, 0.295432, 0.951206, -0.0, 0.0, 0.0, 0.0, 1.0],
                [0.993504, 0.094861, 0.062849, 0.0, -0.066889, 0.933664, -0.35185, 0.3, -0.092057, 0.345362, 0.933942, -0.0, 0.0, 0.0, 0.0, 1.0],
                [0.992993, 0.102072, 0.059538, 0.0, -0.070065, 0.914308, -0.398914, 0.3, -0.095154, 0.391949, 0.915051, 0.0, 0.0, 0.0, 0.0, 1.0],
                [0.992474, 0.108933, 0.055919, 0.0, -0.072971, 0.892905, -0.444294, 0.3, -0.098329, 0.436872, 0.894132, -0.0, 0.0, 0.0, 0.0, 1.0],
                [0.991938, 0.115586, 0.051937, -0.0, -0.07571, 0.869253, -0.488537, 0.3, -0.101614, 0.480667, 0.870994, 0.0, 0.0, 0.0, 0.0, 1.0]
            ]
        },
        {
            "name": "Head",
            "time": [0.0, 0.0333, 0.0667, 0.1, 0.1333, 0.1667, 0.2, 0.2333, 0.2667, 0.3, 0.3333, 0.3667, 0.4, 0.4333, 0.4667, 0.5, 0.5333, 0.5667, 0.6, 0.6333, 0.6667, 0.7, 0.7333, 0.7667, 0.8, 0.8333],
            "transform": [
                [0.844247, -0.366687, 0.390882, -0.0, 0.39162, 0.919965, 0.017183, 0.4, -0.365898, 0.13857, 0.920282, -0.0, 0.0, 0.0, 0.0, 1.0],
                [0.847173, -0.391766, 0.358912, -0.0, 0.283662, 0.904679, 0.317944, 0.4, -0.44926, -0.167544, 0.877552, 0.0, 0.0, 0.0, 0.0, 1.0],
                [0.869632, -0.374033, 0.322242, 0.0, 0.168793, 0.838625, 0.517896, 0.4, -0.46395, -0.395985, 0.792432, 0.0, 0.0, 0.0, 0.0, 1.0],
                [0.890806, -0.324587, 0.317975, 0.0, 0.090397, 0.812401, 0.576049, 0.4, -0.445302, -0.484403, 0.753035, -0.0, 0.0, 0.0, 0.0, 1.0],
                [0.898019, -0.297757, 0.323886, -0.0, 0.058363, 0.810295, 0.583109, 0.4, -0.436068, -0.504739, 0.74504, -0.0, 0.0, 0.0, 0.0, 1.0],
                [0.895876, -0.287821, 0.338478, -0.0, 0.057717, 0.830744, 0.553653, 0.4, -0.440541, -0.476467, 0.760857, 0.0, 0.0, 0.0, 0.0, 1.0],
                [0.89109, -0.280347, 0.356882, 0.0, 0.071364, 0.863157, 0.499866, 0.4, -0.448181, -0.419956, 0.789159, 0.0, 0.0, 0.0, 0.0, 1.0],
                [0.884466, -0.272708, 0.378617, 0.0, 0.091414, 0.896975, 0.432525, 0.4, -0.457563, -0.347942, 0.818275, 0.0, 0.0, 0.0, 0.0, 1.0],
                [0.876972, -0.265485, 0.400548, -0.0, 0.119692, 0.927938, 0.352989, 0.4, -0.465398, -0.261619, 0.845554, -0.0, 0.0, 0.0, 0.0, 1.0],
                [0.869445, -0.258551, 0.420973, -0.0, 0.151087, 0.950447, 0.271701, 0.4, -0.470361, -0.172625, 0.865427, -0.0, 0.0, 0.0, 0.0, 1.0],
                [0.863124, -0.252829, 0.437145, 0.0, 0.182958, 0.963393, 0.195951, 0.4, -0.470684, -0.08915, 0.877788, 0.0, 0.0, 0.0, 0.0, 1.0],
                [0.858039, -0.24992, 0.448676, 0.0, 0.211153, 0.968027, 0.135404, 0.4, -0.468171, -0.021442, 0.883379, 0.0, 0.0, 0.0, 0.0, 1.0],
                [0.854401, -0.249521, 0.455784, -0.0, 0.234898, 0.967885, 0.089542, 0.4, -0.463489, 0.030558, 0.885577, -0.0, 0.0, 0.0, 0.0, 1.0],
                [0.852245, -0.25097, 0.459015, 0.0, 0.253201, 0.965679, 0.057881, 0.4, -0.457788, 0.066894, 0.886543, -0.0, 0.0, 0.0, 0.0, 1.0],
                [0.851141, -0.254751, 0.458979, -0.0, 0.268298, 0.962632, 0.036763, 0.4, -0.451194, 0.091852, 0.887688, 0.0, 0.0, 0.0, 0.0, 1.0],
                [0.85053, -0.260743, 0.456741, -0.0, 0.282161, 0.959111, 0.022105, 0.4, -0.44383, 0.110073, 0.889326, 0.0, 0.0, 0.0, 0.0, 1.0],
                [0.850009, -0.269424, 0.452653, -0.0, 0.295287, 0.955303, 0.014108, 0.4, -0.436222, 0.12167, 0.891577, -0.0, 0.0, 0.0, 0.0, 1.0],
                [0.849478, -0.279813, 0.447318, 0.0, 0.308167, 0.95128, 0.009837, 0.4, -0.428278, 0.129492, 0.894322, -0.0, 0.0, 0.0, 0.0, 1.0],
                [0.849072, -0.291413, 0.440631, -0.0, 0.320037, 0.947352, 0.009843, 0.4, -0.420301, 0.13266, 0.897636, 0.0, 0.0, 0.0, 0.0, 1.0],
                [0.848603, -0.303799, 0.433103, 0.0, 0.331876, 0.943253, 0.011382, 0.4, -0.411984, 0.134077, 0.901274, -0.0, 0.0, 0.0, 0.0, 1.0],
                [0.847827, -0.316393, 0.425542, 0.0, 0.343615, 0.939011, 0.013564, 0.4, -0.403881, 0.134722, 0.904839, 0.0, 0.0, 0.0, 0.0, 1.0],
                [0.846847, -0.329273, 0.417648, 0.0, 0.355482, 0.934545, 0.016002, 0.4, -0.39558, 0.134915, 0.90847, -0.0, 0.0, 0.0, 0.0, 1.0],
                [0.845972, -0.341659, 0.40939, 0.0, 0.366613, 0.930184, 0.018716, 0.4, -0.387203, 0.134254, 0.912169, -0.0, 0.0, 0.0, 0.0, 1.0],
                [0.845158, -0.353801, 0.400666, -0.0, 0.378137, 0.925539, 0.01965, 0.4, -0.377784, 0.134899, 0.916016, -0.0, 0.0, 0.0, 0.0, 1.0],
                [0.844403, -0.364624, 0.392471, -0.0, 0.389435, 0.920883, 0.017675, 0.4, -0.367864, 0.137917, 0.919596, -0.0, 0.0, 0.0, 0.0, 1.0],
                [0.843498, -0.375524, 0.384048, -0.0, 0.400869, 0.916006, 0.015238, 0.4, -0.357514, 0.141099, 0.923189, -0.0, 0.0, 0.0, 0.0, 1.0]
            ]
        },
        {
            "name": "Shoulder_R",
            "time": [0.0, 0.0333, 0.0667, 0.1, 0.1333, 0.1667, 0.2, 0.2333, 0.2667, 0.3, 0.3333, 0.3667, 0.4, 0.4333, 0.4667, 0.5, 0.5333, 0.5667, 0.6, 0.6333, 0.6667, 0.7, 0.7333, 0.7667, 0.8, 0.8333],
            "transform": [
                [-0.295671, 0.809707, 0.506905, -0.0, 0.210384, -0.46241, 0.861343, 0.4, 0.931838, 0.361319, -0.033628, -0.0, 0.0, 0.0, 0.0, 1.0],
                [-0.358668, 0.797417, 0.485265, -0.0, 0.166473, -0.456879, 0.873811, 0.4, 0.918503, 0.394192, 0.031119, 0.0, 0.0, 0.0, 0.0, 1.0],
                [-0.404585, 0.779559, 0.478121, 0.0, 0.132868, -0.467167, 0.874128, 0.4, 0.904798, 0.417186, 0.08543, 0.0, 0.0, 0.0, 0.0, 1.0],
                [-0.446639, 0.752978, 0.483258, 0.0, 0.119714, -0.484977, 0.866293, 0.4, 0.886671, 0.444774, 0.126467, -0.0, 0.0, 0.0, 0.0, 1.0],
                [-0.484407, 0.728463, 0.484451, -0.0, 0.101249, -0.503356, 0.858126, 0.4, 0.868966, 0.464732, 0.170073, -0.0, 0.0, 0.0, 0.0, 1.0],
                [-0.510114, 0.701592, 0.497547, -0.0, 0.087067, -0.53338, 0.841382, 0.4, 0.85569, 0.472521, 0.210999, 0.0, 0.0, 0.0, 0.0, 1.0],
                [-0.535302, 0.670352, 0.513887, 0.0, 0.070914, -0.570581, 0.818174, 0.4, 0.84168, 0.474412, 0.257895, 0.0, 0.0, 0.0, 0.0, 1.0],
                [-0.557199, 0.63886, 0.53046, 0.0, 0.060937, -0.605637, 0.793403, 0.4, 0.828141, 0.47441, 0.298528, 0.0, 0.0, 0.0, 0.0, 1.0],
                [-0.57428, 0.610618, 0.545296, -0.0, 0.051745, -0.63768, 0.768561, 0.4, 0.817023, 0.469587, 0.334609, -0.0, 0.0, 0.0, 0.0, 1.0],
                [-0.585149, 0.590356, 0.555951, -0.0, 0.047173, -0.659636, 0.750103, 0.4, 0.809553, 0.465149, 0.358135, -0.0, 0.0, 0.0, 0.0, 1.0],
                [-0.58914, 0.581147, 0.561411, 0.0, 0.04638, -0.669324, 0.741521, 0.4, 0.8067, 0.462899, 0.36737, 0.0, 0.0, 0.0, 0.0, 1.0],
                [-0.587005, 0.581743, 0.563028, 0.0, 0.050309, -0.667899, 0.742549, 0.4, 0.80802, 0.464206, 0.362792, 0.0, 0.0, 0.0, 0.0, 1.0],
                [-0.580719, 0.588128, 0.562912, -0.0, 0.058538, -0.659495, 0.749425, 0.4, 0.811999, 0.468157, 0.348553, -0.0, 0.0, 0.0, 0.0, 1.0],
                [-0.57015, 0.59936, 0.561869, 0.0, 0.067833, -0.647242, 0.759259, 0.4, 0.818737, 0.471005, 0.328368, -0.0, 0.0, 0.0, 0.0, 1.0],
                [-0.556712, 0.613979, 0.559555, -0.0, 0.079219, -0.631283, 0.771495, 0.4, 0.82692, 0.473829, 0.302804, 0.0, 0.0, 0.0, 0.0, 1.0],
                [-0.541214, 0.630234, 0.55668, -0.0, 0.091971, -0.61368, 0.784179, 0.4, 0.835842, 0.475607, 0.274168, 0.0, 0.0, 0.0, 0.0, 1.0],
                [-0.523467, 0.647558, 0.553762, -0.0, 0.106981, -0.594826, 0.796704, 0.4, 0.845304, 0.476291, 0.242095, -0.0, 0.0, 0.0, 0.0, 1.0],
                [-0.504552, 0.664707, 0.550992, 0.0, 0.122229, -0.57676, 0.807716, 0.4, 0.854688, 0.474882, 0.209758, -0.0, 0.0, 0.0, 0.0, 1.0],
                [-0.482524, 0.684212, 0.546831, -0.0, 0.136186, -0.558122, 0.818506, 0.4, 0.865232, 0.46942, 0.176126, 0.0, 0.0, 0.0, 0.0, 1.0],
                [-0.452607, 0.710207, 0.539216, 0.0, 0.144733, -0.538172, 0.830314, 0.4, 0.879887, 0.453849, 0.140789, -0.0, 0.0, 0.0, 0.0, 1.0],
                [-0.418849, 0.73794, 0.52916, 0.0, 0.151097, -0.517978, 0.841942, 0.4, 0.895398, 0.432601, 0.105454, 0.0, 0.0, 0.0, 0.0, 1.0],
                [-0.385345, 0.762533, 0.519666, 0.0, 0.159196, -0.499779, 0.851396, 0.4, 0.908939, 0.41081, 0.071194, -0.0, 0.0, 0.0, 0.0, 1.0],
                [-0.355306, 0.780945, 0.513695, 0.0, 0.172759, -0.485224, 0.857153, 0.4, 0.918648, 0.393297, 0.037488, -0.0, 0.0, 0.0, 0.0, 1.0],
                [-0.328271, 0.795407, 0.509476, -0.0, 0.189033, -0.473136, 0.860469, 0.4, 0.925477, 0.378775, 0.004959, -0.0, 0.0, 0.0, 0.0, 1.0],
                [-0.301038, 0.807602, 0.507104, -0.0, 0.206771, -0.463843, 0.861448, 0.4, 0.930927, 0.364183, -0.027355, -0.0, 0.0, 0.0, 0.0, 1.0],
                [-0.273047, 0.817574, 0.506968, -0.0, 0.226031, -0.457719, 0.859883, 0.4, 0.935072, 0.34938, -0.059818, -0.0, 0.0, 0.0, 0.0, 1.0]
            ]
        },
        {
            "name": "Arm_R",
            "time": [0.0, 0.0333, 0.0667, 0.1, 0.1333, 0.1667, 0.2, 0.2333, 0.2667, 0.3, 0.3333, 0.3667, 0.4, 0.4333, 0.4667, 0.5, 0.5333, 0.5667, 0.6, 0.6333, 0.6667, 0.7, 0.7333, 0.7667, 0.8, 0.8333],
            "transform": [
                [0.515468, -0.011302, -0.856835, 0.0, 0.431567, 0.867267, 0.248187, 0.393861, 0.740304, -0.497712, 0.451925, -0.0, 0.0, 0.0, 0.0, 1.0],
                [0.418749, 0.156539, -0.894508, 0.0, 0.303326, 0.904344, 0.300256, 0.393861, 0.855949, -0.397058, 0.33121, 0.0, 0.0, 0.0, 0.0, 1.0],
                [0.354109, 0.25886, -0.898664, -0.0, 0.197745, 0.918476, 0.342486, 0.39386, 0.914063, -0.298983, 0.274051, 0.0, 0.0, 0.0, 0.0, 1.0],
                [0.352558, 0.30401, -0.885031, -0.0, 0.124518, 0.922107, 0.366349, 0.39386, 0.927473, -0.23936, 0.28724, 0.0, 0.0, 0.0, 0.0, 1.0],
                [0.325622, 0.315203, -0.891412, -0.0, 0.079274, 0.930373, 0.357937, 0.39386, 0.942174, -0.187217, 0.277961, -0.0, 0.0, 0.0, 0.0, 1.0],
