{
    "animation": [
        {
            "name": "Root",
            "time": [0.0, 0.0333, 0.0667, 0.1, 0.1333, 0.1667, 0.2, 0.2333, 0.2667, 0.3, 0.3333, 0.3667, 0.4, 0.4333, 0.4667, 0.5, 0.5333, 0.5667, 0.6, 0.6333, 0.6667, 0.7, 0.7333, 0.7667, 0.8, 0.8333, 0.8667, 0.9, 0.9333, 0.9667, 1.0],
            "transform": [
                [0.829445, 0.000571, -0.558588, 0.000523, -0.558588, 0.001869, -0.829443, 0.001714, 0.000571, 0.999998, 0.001869, 0.561645, 0.0, 0.0, 0.0, 1.0],
                [0.772595, 0.000659, -0.634899, 0.060036, -0.6349, 0.00184, -0.772592, -0.033711, 0.000659, 0.999998, 0.00184, 0.579842, 0.0, 0.0, 0.0, 1.0],
                [0.770925, 0.000661, -0.636925, 0.090648, -0.636926, 0.001839, -0.770923, -0.211239, 0.000661, 0.999998, 0.001839, 0.546251, 0.0, 0.0, 0.0, 1.0],
                [0.770053, 0.000663, -0.637979, 0.113834, -0.63798, 0.001838, -0.77005, -0.404575, 0.000663, 0.999998, 0.001838, 0.504814, 0.0, 0.0, 0.0, 1.0],
                [0.77022, 0.000662, -0.637778, 0.122251, -0.637778, 0.001838, -0.770218, -0.532834, 0.000662, 0.999998, 0.001838, 0.473163, 0.0, 0.0, 0.0, 1.0],
                [0.771511, 0.00066, -0.636215, 0.119845, -0.636216, 0.001839, -0.771509, -0.599639, 0.000661, 0.999998, 0.001839, 0.451379, 0.0, 0.0, 0.0, 1.0],
                [0.773894, 0.000657, -0.633314, 0.114336, -0.633316, 0.00184, -0.773891, -0.652413, 0.000657, 0.999998, 0.00184, 0.429596, 0.0, 0.0, 0.0, 1.0],
                [0.777785, 0.000651, -0.628529, 0.106403, -0.62853, 0.001842, -0.777783, -0.694629, 0.000651, 0.999998, 0.001842, 0.408544, 0.0, 0.0, 0.0, 1.0],
                [0.781692, 0.000646, -0.623665, 0.096727, -0.623665, 0.001844, -0.781689, -0.729758, 0.000645, 0.999998, 0.001844, 0.389998, 0.0, 0.0, 0.0, 1.0],
                [0.785594, 0.00064, -0.618743, 0.085986, -0.618743, 0.001846, -0.785591, -0.761275, 0.00064, 0.999998, 0.001846, 0.372506, 0.0, 0.0, 0.0, 1.0],
                [0.789472, 0.000634, -0.613787, 0.074859, -0.613787, 0.001848, -0.789469, -0.792652, 0.000634, 0.999998, 0.001848, 0.358612, 0.0, 0.0, 0.0, 1.0],
                [0.793308, 0.000628, -0.608821, 0.064026, -0.608821, 0.00185, -0.793305, -0.827361, 0.000628, 0.999998, 0.00185, 0.348188, 0.0, 0.0, 0.0, 1.0],
                [0.797084, 0.000622, -0.603868, 0.053173, -0.603869, 0.001852, -0.797081, -0.867267, 0.000622, 0.999998, 0.001852, 0.342409, 0.0, 0.0, 0.0, 1.0],
                [0.801955, 0.000615, -0.597385, 0.040566, -0.597385, 0.001855, -0.801952, -0.910256, 0.000615, 0.999998, 0.001855, 0.342891, 0.0, 0.0, 0.0, 1.0],
                [0.808365, 0.000605, -0.588681, 0.026276, -0.588682, 0.001858, -0.808363, -0.953654, 0.000605, 0.999998, 0.001858, 0.349372, 0.0, 0.0, 0.0, 1.0],
                [0.814693, 0.000595, -0.579893, 0.012174, -0.579894, 0.001861, -0.81469, -0.996481, 0.000595, 0.999998, 0.001861, 0.360251, 0.0, 0.0, 0.0, 1.0],
                [0.820936, 0.000584, -0.571021, 0.000129, -0.571021, 0.001865, -0.820933, -1.037756, 0.000585, 0.999998, 0.001865, 0.374043, 0.0, 0.0, 0.0, 1.0],
                [0.825731, 0.000577, -0.564065, -0.007988, -0.564065, 0.001867, -0.825728, -1.076495, 0.000577, 0.999998, 0.001867, 0.388891, 0.0, 0.0, 0.0, 1.0],
                [0.82936, 0.000571, -0.558714, -0.010436, -0.558715, 0.001869, -0.829357, -1.112271, 0.000571, 0.999998, 0.001869, 0.40499, 0.0, 0.0, 0.0, 1.0],
                [0.832959, 0.000565, -0.553334, -0.007197, -0.553335, 0.001871, -0.832957, -1.145549, 0.000565, 0.999998, 0.001871, 0.424095, 0.0, 0.0, 0.0, 1.0],
                [0.835015, 0.000561, -0.550228, -0.000144, -0.550229, 0.001872, -0.835011, -1.176741, 0.000561, 0.999998, 0.001872, 0.445785, 0.0, 0.0, 0.0, 1.0],
                [0.835844, 0.00056, -0.548967, 0.00839, -0.548968, 0.001872, -0.835841, -1.206006, 0.00056, 0.999998, 0.001872, 0.468167, 0.0, 0.0, 0.0, 1.0],
                [0.836064, 0.000559, -0.548632, 0.01607, -0.548633, 0.001872, -0.836061, -1.233506, 0.000559, 0.999998, 0.001872, 0.490549, 0.0, 0.0, 0.0, 1.0],
                [0.835514, 0.00056, -0.549469, 0.020563, -0.549469, 0.001872, -0.835511, -1.259401, 0.00056, 0.999998, 0.001872, 0.510741, 0.0, 0.0, 0.0, 1.0],
                [0.834305, 0.000562, -0.551303, 0.021026, -0.551304, 0.001871, -0.834302, -1.283182, 0.000562, 0.999998, 0.001871, 0.526954, 0.0, 0.0, 0.0, 1.0],
                [0.833026, 0.000565, -0.553234, 0.018761, -0.553235, 0.001871, -0.833022, -1.304451, 0.000565, 0.999998, 0.001871, 0.539055, 0.0, 0.0, 0.0, 1.0],
                [0.831798, 0.000567, -0.555078, 0.014788, -0.555078, 0.00187, -0.831795, -1.323846, 0.000567, 0.999998, 0.00187, 0.54827, 0.0, 0.0, 0.0, 1.0],
                [0.830725, 0.000569, -0.556683, 0.009909, -0.556684, 0.001869, -0.830722, -1.342252, 0.000568, 0.999998, 0.001869, 0.554546, 0.0, 0.0, 0.0, 1.0],
                [0.829908, 0.00057, -0.5579, 0.004931, -0.5579, 0.001869, -0.829906, -1.360556, 0.00057, 0.999998, 0.001869, 0.558163, 0.0, 0.0, 0.0, 1.0],
                [0.829453, 0.00057, -0.558577, 0.00066, -0.558577, 0.001869, -0.82945, -1.379639, 0.000571, 0.999998, 0.001869, 0.561536, 0.0, 0.0, 0.0, 1.0],
                [0.829461, 0.000571, -0.558565, 0.000525, -0.558565, 0.001869, -0.829459, -1.38025, 0.000571, 0.999998, 0.001869, 0.564909, 0.0, 0.0, 0.0, 1.0]
            ]
        },
        {
            "name": "Thigh_R",
            "time": [0.0, 0.0333, 0.0667, 0.1, 0.1333, 0.1667, 0.2, 0.2333, 0.2667, 0.3, 0.3333, 0.3667, 0.4, 0.4333, 0.4667, 0.5, 0.5333, 0.5667, 0.6, 0.6333, 0.6667, 0.7, 0.7333, 0.7667, 0.8, 0.8333, 0.8667, 0.9, 0.9333, 0.9667, 1.0],
            "transform": [
                [0.907221, 0.409083, -0.097983, 0.124994, 0.392154, -0.738212, 0.548871, -0.002831, 0.152202, -0.536372, -0.830144, -1.2e-05, 0.0, 0.0, 0.0, 1.0],
                [0.942982, 0.312917, -0.113435, 0.124994, 0.316848, -0.739546, 0.593868, -0.002831, 0.10194, -0.595949, -0.796525, -1.2e-05, 0.0, 0.0, 0.0, 1.0],
                [0.925356, 0.340677, -0.166297, 0.124994, 0.375216, -0.760434, 0.530051, -0.002831, 0.054118, -0.552884, -0.831499, -1.2e-05, 0.0, 0.0, 0.0, 1.0],
                [0.925148, 0.334737, -0.179029, 0.124994, 0.37677, -0.752171, 0.540633, -0.002831, 0.046309, -0.567619, -0.821987, -1.2e-05, 0.0, 0.0, 0.0, 1.0],
                [0.955456, 0.253246, -0.151557, 0.124994, 0.283858, -0.647951, 0.706812, -0.002831, 0.080795, -0.71835, -0.690974, -1.2e-05, 0.0, 0.0, 0.0, 1.0],
                [0.966093, 0.22928, -0.118722, 0.124994, 0.231118, -0.56295, 0.793518, -0.002831, 0.115104, -0.794052, -0.596852, -1.2e-05, 0.0, 0.0, 0.0, 1.0],
                [0.970829, 0.224373, -0.084546, 0.124994, 0.186641, -0.485806, 0.853906, -0.002831, 0.150521, -0.844778, -0.513511, -1.2e-05, 0.0, 0.0, 0.0, 1.0],
                [0.971193, 0.23155, -0.05631, 0.124994, 0.151628, -0.418166, 0.895625, -0.002831, 0.183836, -0.878362, -0.441229, -1.2e-05, 0.0, 0.0, 0.0, 1.0],
                [0.969045, 0.244991, -0.030546, 0.124994, 0.119887, -0.358785, 0.925688, -0.002831, 0.215826, -0.900695, -0.37705, -1.2e-05, 0.0, 0.0, 0.0, 1.0],
                [0.965603, 0.25998, -0.004905, 0.124994, 0.087954, -0.308803, 0.947049, -0.002831, 0.2447, -0.914904, -0.321047, -1.2e-05, 0.0, 0.0, 0.0, 1.0],
                [0.9619, 0.272723, 0.019278, 0.124994, 0.055797, -0.264843, 0.962675, -0.002831, 0.26765, -0.924921, -0.26997, -1.2e-05, 0.0, 0.0, 0.0, 1.0],
                [0.959621, 0.277621, 0.045357, 0.124994, 0.020399, -0.229493, 0.973095, -0.002831, 0.280562, -0.932876, -0.22589, -1.2e-05, 0.0, 0.0, 0.0, 1.0],
                [0.96144, 0.26544, 0.071954, 0.124994, -0.019257, -0.196015, 0.980411, -0.002831, 0.274345, -0.94399, -0.183345, -1.2e-05, 0.0, 0.0, 0.0, 1.0],
                [0.965616, 0.242462, 0.093808, 0.124994, -0.052638, -0.17102, 0.983859, -0.002831, 0.254592, -0.954967, -0.152378, -1.1e-05, 0.0, 0.0, 0.0, 1.0],
                [0.980365, 0.192164, 0.044266, 0.124994, -0.013269, -0.159682, 0.987078, -0.002831, 0.19675, -0.968283, -0.153997, -1.2e-05, 0.0, 0.0, 0.0, 1.0],
                [0.986826, 0.083869, -0.138355, 0.124994, 0.152593, -0.198246, 0.9682, -0.002831, 0.053774, -0.976556, -0.208432, -1.2e-05, 0.0, 0.0, 0.0, 1.0],
                [0.938431, -0.001564, -0.345468, 0.124994, 0.326733, -0.320853, 0.888986, -0.002831, -0.112235, -0.947126, -0.300587, -1.2e-05, 0.0, 0.0, 0.0, 1.0],
                [0.87976, 0.076437, -0.469235, 0.124994, 0.447878, -0.464316, 0.764078, -0.002831, -0.15947, -0.882364, -0.442721, -1.2e-05, 0.0, 0.0, 0.0, 1.0],
                [0.822642, 0.296642, -0.485041, 0.124994, 0.560366, -0.567346, 0.603414, -0.002831, -0.096189, -0.768193, -0.63295, -1.2e-05, 0.0, 0.0, 0.0, 1.0],
                [0.777306, 0.478827, -0.408071, 0.124994, 0.628588, -0.617933, 0.472267, -0.002831, -0.026027, -0.623603, -0.781307, -1.2e-05, 0.0, 0.0, 0.0, 1.0],
                [0.779289, 0.530582, -0.333454, 0.124994, 0.626575, -0.650593, 0.429106, -0.002831, 0.010733, -0.543331, -0.839449, -1.2e-05, 0.0, 0.0, 0.0, 1.0],
                [0.813528, 0.520618, -0.259095, 0.124994, 0.580601, -0.702012, 0.41241, -0.002831, 0.032821, -0.485937, -0.873376, -1.2e-05, 0.0, 0.0, 0.0, 1.0],
                [0.851786, 0.488752, -0.18863, 0.124994, 0.521246, -0.754518, 0.398753, -0.002831, 0.052566, -0.437975, -0.897448, -1.2e-05, 0.0, 0.0, 0.0, 1.0],
                [0.877124, 0.457271, -0.146822, 0.124994, 0.475131, -0.781622, 0.404126, -0.002831, 0.070036, -0.424228, -0.902842, -1.2e-05, 0.0, 0.0, 0.0, 1.0],
                [0.890036, 0.44019, -0.118611, 0.124994, 0.447451, -0.793642, 0.412214, -0.002831, 0.087318, -0.419958, -0.903333, -1.2e-05, 0.0, 0.0, 0.0, 1.0],
                [0.896606, 0.431033, -0.101531, 0.124994, 0.430365, -0.794138, 0.429104, -0.002831, 0.104329, -0.428432, -0.89753, -1.2e-05, 0.0, 0.0, 0.0, 1.0],
                [0.899832, 0.426501, -0.091643, 0.124994, 0.418746, -0.785596, 0.455511, -0.002831, 0.122282, -0.448259, -0.8855, -1.2e-05, 0.0, 0.0, 0.0, 1.0],
                [0.901634, 0.423609, -0.087239, 0.124994, 0.409027, -0.76963, 0.490272, -0.002831, 0.140542, -0.477729, -0.867191, -1.2e-05, 0.0, 0.0, 0.0, 1.0],
                [0.902824, 0.421474, -0.085262, 0.124994, 0.399621, -0.749143, 0.528288, -0.002831, 0.158786, -0.511023, -0.844773, -1.2e-05, 0.0, 0.0, 0.0, 1.0],
                [0.904161, 0.420415, -0.075792, 0.124994, 0.387847, -0.73349, 0.558182, -0.002831, 0.179076, -0.534082, -0.826249, -1.2e-05, 0.0, 0.0, 0.0, 1.0],
                [0.905456, 0.4194, -0.065212, 0.124994, 0.374765, -0.717869, 0.586698, -0.002831, 0.199247, -0.555669, -0.807175, -1.2e-05, 0.0, 0.0, 0.0, 1.0]
            ]
        },
        {
            "name": "Leg_R",
            "time": [0.0, 0.0333, 0.0667, 0.1, 0.1333, 0.1667, 0.2, 0.2333, 0.2667, 0.3, 0.3333, 0.3667, 0.4, 0.4333, 0.4667, 0.5, 0.5333, 0.5667, 0.6, 0.6333, 0.6667, 0.7, 0.7333, 0.7667, 0.8, 0.8333, 0.8667, 0.9, 0.9333, 0.9667, 1.0],
            "transform": [
                [0.999997, -0.001905, 0.000438, -0.0, 0.000439, 0.436951, 0.899486, 0.37472, -0.001905, -0.899483, 0.436951, 0.0, 0.0, 0.0, 0.0, 1.0],
                [0.999998, -0.001921, 0.000368, -0.0, 0.000368, 0.369647, 0.929173, 0.37472, -0.00192, -0.92917, 0.369647, -0.0, 0.0, 0.0, 0.0, 1.0],
                [1.0, -0.001941, 0.000238, 0.0, 0.00024, 0.242398, 0.970177, 0.37472, -0.001941, -0.970173, 0.242398, 0.0, 0.0, 0.0, 0.0, 1.0],
                [1.0, -0.001952, 0.000117, -0.0, 0.000118, 0.120149, 0.992756, 0.37472, -0.001952, -0.992753, 0.120149, 0.0, 0.0, 0.0, 0.0, 1.0],
                [0.999999, -0.001955, -4.8e-05, -0.0, -4.7e-05, -0.048639, 0.998817, 0.37472, -0.001955, -0.998815, -0.048639, -0.0, 0.0, 0.0, 0.0, 1.0],
                [0.999999, -0.001952, -0.000127, -0.0, -0.000126, -0.128667, 0.991688, 0.37472, -0.001952, -0.991686, -0.128667, 0.0, 0.0, 0.0, 0.0, 1.0],
                [0.999998, -0.001947, -0.00018, 0.0, -0.000179, -0.182984, 0.983115, 0.37472, -0.001947, -0.983114, -0.182984, -0.0, 0.0, 0.0, 0.0, 1.0],
                [0.999998, -0.001943, -0.000217, 0.0, -0.000217, -0.220252, 0.975442, 0.37472, -0.001943, -0.975442, -0.220252, 0.0, 0.0, 0.0, 0.0, 1.0],
                [0.999999, -0.001941, -0.000242, -0.0, -0.000243, -0.245823, 0.969314, 0.37472, -0.001941, -0.969313, -0.245823, 0.0, 0.0, 0.0, 0.0, 1.0],
                [0.999998, -0.001939, -0.000257, 0.0, -0.000257, -0.260495, 0.965474, 0.37472, -0.001939, -0.965473, -0.260495, -0.0, 0.0, 0.0, 0.0, 1.0],
                [0.999998, -0.001938, -0.000261, 0.0, -0.000262, -0.264944, 0.964263, 0.37472, -0.001938, -0.964263, -0.264944, 0.0, 0.0, 0.0, 0.0, 1.0],
                [0.999999, -0.00194, -0.000254, -0.0, -0.000254, -0.257713, 0.966221, 0.37472, -0.00194, -0.96622, -0.257713, 0.0, 0.0, 0.0, 0.0, 1.0],
                [0.999998, -0.001942, -0.000231, 0.0, -0.000231, -0.234423, 0.972135, 0.37472, -0.001942, -0.972133, -0.234422, -0.0, 0.0, 0.0, 0.0, 1.0],
                [0.999998, -0.001947, -0.000186, -0.0, -0.000186, -0.189453, 0.98189, 0.37472, -0.001947, -0.981889, -0.189453, -0.0, 0.0, 0.0, 0.0, 1.0],
                [0.999998, -0.001949, -0.000173, -0.0, -0.000173, -0.17646, 0.984308, 0.37472, -0.001949, -0.984307, -0.176459, -0.0, 0.0, 0.0, 0.0, 1.0],
                [0.999998, -0.001942, -0.000239, 0.0, -0.000239, -0.24261, 0.970124, 0.37472, -0.001942, -0.970123, -0.24261, -0.0, 0.0, 0.0, 0.0, 1.0],
                [0.999998, -0.00193, -0.000295, 0.0, -0.000295, -0.298807, 0.954313, 0.37472, -0.00193, -0.954312, -0.298807, -0.0, 0.0, 0.0, 0.0, 1.0],
                [0.999999, -0.001937, -0.000263, -0.0, -0.000261, -0.265739, 0.964045, 0.37472, -0.001938, -0.964043, -0.265739, 0.0, 0.0, 0.0, 0.0, 1.0],
                [0.999999, -0.001954, -0.000109, 0.0, -0.000106, -0.109679, 0.993967, 0.37472, -0.001954, -0.993965, -0.109679, 0.0, 0.0, 0.0, 0.0, 1.0],
                [0.999999, -0.001954, 9.7e-05, 0.0, 9.9e-05, 0.099746, 0.995013, 0.37472, -0.001954, -0.99501, 0.099746, 0.0, 0.0, 0.0, 0.0, 1.0],
                [0.999998, -0.001943, 0.000213, 0.0, 0.000213, 0.216803, 0.976216, 0.37472, -0.001942, -0.976213, 0.216803, 0.0, 0.0, 0.0, 0.0, 1.0],
                [0.999998, -0.001935, 0.000287, -0.0, 0.000288, 0.290557, 0.956858, 0.37472, -0.001934, -0.956855, 0.290558, 0.0, 0.0, 0.0, 0.0, 1.0],
                [0.999998, -0.001921, 0.000363, 0.0, 0.000364, 0.365496, 0.930814, 0.37472, -0.001921, -0.93081, 0.365497, -0.0, 0.0, 0.0, 0.0, 1.0],
                [0.999998, -0.001911, 0.000416, 0.0, 0.000416, 0.415519, 0.909585, 0.37472, -0.001911, -0.909581, 0.41552, -0.0, 0.0, 0.0, 0.0, 1.0],
                [0.999998, -0.001901, 0.000459, 0.0, 0.00046, 0.456621, 0.889662, 0.37472, -0.0019, -0.889658, 0.456622, -0.0, 0.0, 0.0, 0.0, 1.0],
                [0.999999, -0.001895, 0.000481, 0.0, 0.000482, 0.477489, 0.878638, 0.37472, -0.001895, -0.878634, 0.47749, 0.0, 0.0, 0.0, 0.0, 1.0],
                [0.999998, -0.001894, 0.000484, 0.0, 0.000484, 0.47947, 0.877559, 0.37472, -0.001894, -0.877556, 0.47947, -0.0, 0.0, 0.0, 0.0, 1.0],
                [0.999999, -0.001897, 0.000473, -0.0, 0.000472, 0.468531, 0.883448, 0.37472, -0.001898, -0.883444, 0.468532, -0.0, 0.0, 0.0, 0.0, 1.0],
                [0.999998, -0.001902, 0.000451, 0.0, 0.000452, 0.449196, 0.893434, 0.37472, -0.001902, -0.89343, 0.449197, 0.0, 0.0, 0.0, 0.0, 1.0],
                [0.999999, -0.001905, 0.000439, 0.0, 0.000439, 0.438024, 0.898963, 0.37472, -0.001905, -0.89896, 0.438025, -0.0, 0.0, 0.0, 0.0, 1.0],
                [0.999998, -0.001908, 0.000427, -0.0, 0.000429, 0.427418, 0.904055, 0.37472, -0.001907, -0.904052, 0.427418, -0.0, 0.0, 0.0, 0.0, 1.0]
            ]
        },
        {
            "name": "Knee_R",
            "time": [0.0, 1.0],
            "transform": [
                [1.0, 0.0, -0.0, -0.0, -0.0, 1e-06, -1.0, 0.37472, -0.0, 1.0, 1e-06, 0.0, 0.0, 0.0, 0.0, 1.0],
                [1.0, 0.0, -0.0, -0.0, -0.0, 1e-06, -1.0, 0.37472, -0.0, 1.0, 1e-06, -0.0, 0.0, 0.0, 0.0, 1.0]
            ]
        },
        {
            "name": "Thigh_L",
            "time": [0.0, 0.0333, 0.0667, 0.1, 0.1333, 0.1667, 0.2, 0.2333, 0.2667, 0.3, 0.3333, 0.3667, 0.4, 0.4333, 0.4667, 0.5, 0.5333, 0.5667, 0.6, 0.6333, 0.6667, 0.7, 0.7333, 0.7667, 0.8, 0.8333, 0.8667, 0.9, 0.9333, 0.9667, 1.0],
            "transform": [
                [0.714552, -0.635271, -0.292997, -0.125006, -0.223307, -0.604023, 0.765041, -0.002831, -0.662988, -0.481231, -0.573466, -1.2e-05, 0.0, 0.0, 0.0, 1.0],
                [0.563198, -0.739107, -0.369497, -0.125006, -0.241306, -0.574774, 0.781923, -0.00283, -0.790307, -0.351214, -0.502062, -1.2e-05, 0.0, 0.0, 0.0, 1.0],
                [0.308845, -0.773529, -0.553411, -0.125006, -0.504538, -0.626485, 0.594101, -0.002831, -0.806263, 0.095732, -0.583762, -1.2e-05, 0.0, 0.0, 0.0, 1.0],
                [0.219271, -0.729291, -0.648114, -0.125006, -0.574445, -0.633436, 0.518431, -0.002831, -0.788631, 0.258628, -0.557831, -1.2e-05, 0.0, 0.0, 0.0, 1.0],
                [0.152862, -0.599392, -0.785722, -0.125006, -0.623701, -0.675236, 0.393768, -0.00283, -0.766574, 0.429862, -0.477059, -1.2e-05, 0.0, 0.0, 0.0, 1.0],
                [0.123419, -0.437368, -0.890772, -0.125006, -0.655502, -0.709857, 0.257719, -0.002831, -0.745044, 0.552093, -0.374305, -1.1e-05, 0.0, 0.0, 0.0, 1.0],
                [0.133878, -0.376975, -0.916495, -0.125006, -0.66427, -0.720435, 0.199298, -0.00283, -0.735411, 0.582116, -0.346863, -1.2e-05, 0.0, 0.0, 0.0, 1.0],
                [0.182196, -0.407907, -0.894659, -0.125006, -0.645906, -0.735685, 0.203889, -0.002831, -0.741359, 0.540717, -0.397508, -1.2e-05, 0.0, 0.0, 0.0, 1.0],
                [0.255879, -0.460948, -0.849736, -0.125006, -0.618192, -0.753802, 0.222755, -0.002831, -0.743215, 0.4683, -0.477836, -1.2e-05, 0.0, 0.0, 0.0, 1.0],
                [0.341192, -0.493562, -0.799989, -0.125006, -0.586313, -0.776956, 0.229294, -0.002831, -0.734732, 0.39081, -0.554472, -1.2e-05, 0.0, 0.0, 0.0, 1.0],
                [0.423913, -0.515374, -0.744773, -0.125006, -0.55014, -0.799753, 0.240292, -0.00283, -0.719478, 0.307865, -0.622553, -1.2e-05, 0.0, 0.0, 0.0, 1.0],
                [0.48943, -0.531331, -0.69148, -0.125006, -0.517928, -0.81505, 0.259696, -0.002831, -0.701578, 0.231034, -0.674101, -1.2e-05, 0.0, 0.0, 0.0, 1.0],
                [0.526306, -0.553862, -0.645165, -0.125006, -0.487338, -0.818251, 0.304901, -0.002831, -0.696784, 0.153942, -0.700568, -1.2e-05, 0.0, 0.0, 0.0, 1.0],
                [0.550768, -0.579928, -0.60028, -0.125006, -0.454915, -0.811553, 0.366649, -0.00283, -0.699793, 0.071138, -0.710796, -1.1e-05, 0.0, 0.0, 0.0, 1.0],
                [0.575436, -0.59764, -0.5583, -0.125006, -0.41648, -0.801635, 0.428862, -0.002831, -0.703861, -0.014261, -0.710195, -1.2e-05, 0.0, 0.0, 0.0, 1.0],
                [0.604547, -0.605719, -0.517327, -0.125006, -0.374808, -0.78936, 0.486237, -0.00283, -0.702884, -0.100054, -0.704233, -1.2e-05, 0.0, 0.0, 0.0, 1.0],
                [0.638402, -0.60493, -0.475923, -0.125006, -0.334766, -0.774993, 0.536017, -0.00283, -0.693094, -0.18287, -0.697266, -1.2e-05, 0.0, 0.0, 0.0, 1.0],
                [0.672976, -0.598019, -0.43529, -0.125006, -0.301714, -0.759251, 0.576632, -0.00283, -0.675334, -0.256725, -0.691387, -1.2e-05, 0.0, 0.0, 0.0, 1.0],
                [0.704124, -0.589757, -0.395469, -0.125006, -0.280433, -0.742625, 0.608164, -0.002831, -0.652357, -0.317319, -0.688287, -1.1e-05, 0.0, 0.0, 0.0, 1.0],
                [0.729087, -0.583555, -0.357625, -0.125006, -0.271708, -0.726363, 0.631323, -0.002831, -0.628181, -0.363118, -0.688138, -1.2e-05, 0.0, 0.0, 0.0, 1.0],
                [0.746373, -0.580322, -0.325813, -0.125006, -0.271995, -0.712784, 0.646494, -0.00283, -0.607412, -0.393905, -0.689847, -1.2e-05, 0.0, 0.0, 0.0, 1.0],
                [0.755863, -0.580437, -0.302927, -0.125006, -0.276809, -0.702591, 0.655545, -0.00283, -0.59334, -0.411648, -0.691733, -1.2e-05, 0.0, 0.0, 0.0, 1.0],
                [0.75875, -0.583347, -0.289837, -0.125006, -0.28184, -0.695153, 0.661306, -0.002831, -0.587255, -0.420077, -0.691857, -1.2e-05, 0.0, 0.0, 0.0, 1.0],
                [0.75806, -0.586818, -0.284587, -0.125006, -0.283831, -0.689709, 0.666137, -0.002831, -0.587186, -0.424196, -0.689398, -1.1e-05, 0.0, 0.0, 0.0, 1.0],
                [0.755907, -0.589644, -0.284474, -0.125006, -0.281724, -0.685203, 0.671659, -0.00283, -0.590964, -0.427567, -0.684066, -1.1e-05, 0.0, 0.0, 0.0, 1.0],
                [0.750038, -0.603912, -0.269693, -0.125006, -0.278561, -0.65827, 0.699344, -0.00283, -0.599876, -0.449407, -0.661953, -1.1e-05, 0.0, 0.0, 0.0, 1.0],
                [0.739982, -0.628709, -0.239066, -0.125006, -0.273775, -0.60617, 0.746728, -0.002831, -0.614392, -0.487114, -0.620679, -1.2e-05, 0.0, 0.0, 0.0, 1.0],
                [0.728447, -0.647738, -0.223161, -0.125006, -0.262143, -0.564469, 0.782722, -0.00283, -0.63297, -0.511669, -0.580985, -1.2e-05, 0.0, 0.0, 0.0, 1.0],
                [0.718679, -0.648436, -0.251058, -0.125006, -0.244771, -0.573866, 0.781513, -0.002831, -0.650839, -0.500204, -0.571144, -1.1e-05, 0.0, 0.0, 0.0, 1.0],
                [0.713701, -0.636206, -0.293042, -0.125006, -0.226274, -0.605337, 0.763128, -0.002831, -0.662899, -0.478336, -0.575986, -1.2e-05, 0.0, 0.0, 0.0, 1.0],
                [0.709654, -0.619978, -0.334692, -0.125006, -0.206853, -0.637448, 0.742206, -0.00283, -0.673502, -0.457477, -0.580612, -1.1e-05, 0.0, 0.0, 0.0, 1.0]
            ]
        },
        {
            "name": "Leg_L",
            "time": [0.0, 0.0333, 0.0667, 0.1, 0.1333, 0.1667, 0.2, 0.2333, 0.2667, 0.3, 0.3333, 0.3667, 0.4, 0.4333, 0.4667, 0.5, 0.5333, 0.5667, 0.6, 0.6333, 0.6667, 0.7, 0.7333, 0.7667, 0.8, 0.8333, 0.8667, 0.9, 0.9333, 0.9667, 1.0],
            "transform": [
                [0.999999, -0.001923, 0.000357, 0.0, 0.000354, 0.357336, 0.933977, 0.37472, -0.001923, -0.933973, 0.357337, -0.0, 0.0, 0.0, 0.0, 1.0],
                [0.999999, -0.001904, 0.000449, 0.0, 0.000447, 0.445778, 0.895143, 0.37472, -0.001905, -0.89514, 0.445779, -0.0, 0.0, 0.0, 0.0, 1.0],
                [0.999999, -0.001951, 0.000133, 0.0, 0.000131, 0.134343, 0.990936, 0.37472, -0.001951, -0.990931, 0.134343, -0.0, 0.0, 0.0, 0.0, 1.0],
                [1.0, -0.001949, 0.000162, 0.0, 0.000159, 0.163884, 0.98648, 0.37472, -0.00195, -0.986475, 0.163885, -0.0, 0.0, 0.0, 0.0, 1.0],
                [1.0, -0.001936, 0.00028, 0.0, 0.000279, 0.282799, 0.95918, 0.37472, -0.001936, -0.959175, 0.2828, -0.0, 0.0, 0.0, 0.0, 1.0],
                [1.0, -0.001908, 0.000428, -0.0, 0.000425, 0.425341, 0.905033, 0.37472, -0.001909, -0.905028, 0.425342, 0.0, 0.0, 0.0, 0.0, 1.0],
                [1.0, -0.001901, 0.00046, 0.0, 0.000457, 0.456204, 0.889875, 0.37472, -0.001901, -0.889871, 0.456205, 0.0, 0.0, 0.0, 0.0, 1.0],
                [1.0, -0.001918, 0.000387, -0.0, 0.000385, 0.386716, 0.922199, 0.37472, -0.001918, -0.922194, 0.386718, 0.0, 0.0, 0.0, 0.0, 1.0],
                [0.999999, -0.001937, 0.000268, -0.0, 0.000267, 0.271101, 0.962551, 0.37472, -0.001938, -0.962547, 0.271102, -0.0, 0.0, 0.0, 0.0, 1.0],
                [1.0, -0.001948, 0.000177, -0.0, 0.000175, 0.179526, 0.983754, 0.37472, -0.001948, -0.983749, 0.179526, -0.0, 0.0, 0.0, 0.0, 1.0],
                [0.999999, -0.001954, 9.6e-05, 0.0, 9.3e-05, 0.096943, 0.995291, 0.37472, -0.001954, -0.995286, 0.096943, -0.0, 0.0, 0.0, 0.0, 1.0],
                [0.999999, -0.001956, 2.9e-05, 0.0, 2.7e-05, 0.028475, 0.999596, 0.37472, -0.001956, -0.999591, 0.028476, 0.0, 0.0, 0.0, 0.0, 1.0],
                [0.999999, -0.001956, -3.7e-05, 0.0, -3.8e-05, -0.038069, 0.999276, 0.37472, -0.001956, -0.999272, -0.038069, -0.0, 0.0, 0.0, 0.0, 1.0],
                [0.999999, -0.001953, -9.4e-05, 0.0, -9.5e-05, -0.096743, 0.99531, 0.37472, -0.001953, -0.995306, -0.096743, -0.0, 0.0, 0.0, 0.0, 1.0],
                [0.999999, -0.001951, -0.000134, 0.0, -0.000136, -0.137386, 0.990518, 0.37472, -0.001951, -0.990514, -0.137386, 0.0, 0.0, 0.0, 0.0, 1.0],
                [1.0, -0.001949, -0.000157, -0.0, -0.000159, -0.160977, 0.986959, 0.37472, -0.001949, -0.986954, -0.160978, 0.0, 0.0, 0.0, 0.0, 1.0],
                [1.0, -0.001949, -0.000165, 0.0, -0.000166, -0.168608, 0.985684, 0.37472, -0.001949, -0.98568, -0.168608, 0.0, 0.0, 0.0, 0.0, 1.0],
                [1.0, -0.001949, -0.000161, 0.0, -0.000161, -0.163964, 0.986467, 0.37472, -0.001949, -0.986463, -0.163965, 0.0, 0.0, 0.0, 0.0, 1.0],
                [0.999999, -0.001951, -0.000143, 0.0, -0.000145, -0.147125, 0.989119, 0.37472, -0.00195, -0.989115, -0.147125, 0.0, 0.0, 0.0, 0.0, 1.0],
                [0.999999, -0.001953, -0.000113, 0.0, -0.000115, -0.116439, 0.993198, 0.37472, -0.001952, -0.993194, -0.11644, 0.0, 0.0, 0.0, 0.0, 1.0],
                [0.999999, -0.001955, -7.1e-05, -0.0, -7.2e-05, -0.073078, 0.997327, 0.37472, -0.001955, -0.997322, -0.073079, -0.0, 0.0, 0.0, 0.0, 1.0],
                [0.999999, -0.001956, -2e-05, 0.0, -2.1e-05, -0.02075, 0.999785, 0.37472, -0.001956, -0.999781, -0.02075, -0.0, 0.0, 0.0, 0.0, 1.0],
                [0.999999, -0.001956, 3.7e-05, 0.0, 3.5e-05, 0.036679, 0.999328, 0.37472, -0.001956, -0.999324, 0.036679, 0.0, 0.0, 0.0, 0.0, 1.0],
                [1.0, -0.001954, 9.4e-05, -0.0, 9.3e-05, 0.095124, 0.995466, 0.37472, -0.001954, -0.995461, 0.095124, -0.0, 0.0, 0.0, 0.0, 1.0],
                [0.999999, -0.001951, 0.000142, 0.0, 0.000141, 0.144008, 0.989577, 0.37472, -0.001951, -0.989573, 0.144008, 0.0, 0.0, 0.0, 0.0, 1.0],
                [0.999999, -0.00195, 0.000156, -0.0, 0.000155, 0.158896, 0.987296, 0.37472, -0.00195, -0.987292, 0.158896, -0.0, 0.0, 0.0, 0.0, 1.0],
                [0.999999, -0.00195, 0.000149, -0.0, 0.000147, 0.150751, 0.988573, 0.37472, -0.00195, -0.988568, 0.150751, -0.0, 0.0, 0.0, 0.0, 1.0],
                [1.0, -0.001949, 0.000165, 0.0, 0.000163, 0.167055, 0.985948, 0.37472, -0.001949, -0.985944, 0.167055, 0.0, 0.0, 0.0, 0.0, 1.0],
                [1.0, -0.001941, 0.000241, -0.0, 0.000239, 0.243661, 0.969861, 0.37472, -0.001941, -0.969856, 0.243662, 0.0, 0.0, 0.0, 0.0, 1.0],
                [0.999999, -0.001923, 0.000354, 0.0, 0.000351, 0.354549, 0.935037, 0.37472, -0.001924, -0.935033, 0.35455, 0.0, 0.0, 0.0, 0.0, 1.0],
                [0.999999, -0.001893, 0.000465, 0.0, 0.000463, 0.462259, 0.886745, 0.37472, -0.001893, -0.886741, 0.46226, 0.0, 0.0, 0.0, 0.0, 1.0]
            ]
        },
        {
            "name": "Knee_L",
            "time": [0.0, 1.0],
            "transform": [
                [1.0, 0.0, -0.0, 0.0, -0.0, 1e-06, -1.0, 0.37472, -0.0, 1.0, 1e-06, -0.0, 0.0, 0.0, 0.0, 1.0],
                [1.0, 0.0, -0.0, 0.0, -0.0, 1e-06, -1.0, 0.37472, -0.0, 1.0, 1e-06, 0.0, 0.0, 0.0, 0.0, 1.0]
            ]
        },
        {
            "name": "Torso",
            "time": [0.0, 0.0333, 0.0667, 0.1, 0.1333, 0.1667, 0.2, 0.2333, 0.2667, 0.3, 0.3333, 0.3667, 0.4, 0.4333, 0.4667, 0.5, 0.5333, 0.5667, 0.6, 0.6333, 0.6667, 0.7, 0.7333, 0.7667, 0.8, 0.8333, 0.8667, 0.9, 0.9333, 0.9667, 1.0],
            "transform": [
                [0.994375, -0.089282, -0.057029, -0.0, 0.104793, 0.749838, 0.653268, 0.05, -0.015563, -0.655566, 0.754976, 0.0, 0.0, 0.0, 0.0, 1.0],
                [0.945246, 0.325695, 0.020891, -0.0, -0.325353, 0.945413, -0.018283, 0.05, -0.025706, 0.010485, 0.999615, -0.0, 0.0, 0.0, 0.0, 1.0],
                [0.876372, 0.478179, 0.057608, 0.0, -0.458141, 0.864532, -0.206614, 0.05, -0.148603, 0.154677, 0.976726, 0.0, 0.0, 0.0, 0.0, 1.0],
                [0.87956, 0.473445, 0.047183, -0.0, -0.456608, 0.867806, -0.196007, 0.05, -0.133745, 0.150854, 0.979467, 0.0, 0.0, 0.0, 0.0, 1.0],
                [0.885534, 0.463233, 0.035315, -0.0, -0.450844, 0.87521, -0.17534, 0.05, -0.112132, 0.139347, 0.983875, -0.0, 0.0, 0.0, 0.0, 1.0],
                [0.895855, 0.44376, 0.022873, -0.0, -0.436151, 0.887994, -0.145718, 0.05, -0.084976, 0.120565, 0.989062, 0.0, 0.0, 0.0, 0.0, 1.0],
                [0.907508, 0.419951, 0.008583, -0.0, -0.416512, 0.902334, -0.110936, 0.05, -0.054333, 0.0971, 0.993791, -0.0, 0.0, 0.0, 0.0, 1.0],
                [0.919747, 0.392472, -0.005985, -0.0, -0.391778, 0.916958, -0.075455, 0.05, -0.024126, 0.071744, 0.997132, -0.0, 0.0, 0.0, 0.0, 1.0],
                [0.930985, 0.364403, -0.021965, -0.0, -0.365034, 0.930015, -0.042634, 0.05, 0.004892, 0.047709, 0.99885, 0.0, 0.0, 0.0, 0.0, 1.0],
                [0.941291, 0.335385, -0.038639, -0.0, -0.336028, 0.941781, -0.011311, 0.05, 0.032597, 0.02363, 0.99919, -0.0, 0.0, 0.0, 0.0, 1.0],
                [0.949413, 0.309246, -0.054643, -0.0, -0.309196, 0.950947, 0.009613, 0.05, 0.054935, 0.007768, 0.99846, 0.0, 0.0, 0.0, 0.0, 1.0],
                [0.955606, 0.286338, -0.069512, -0.0, -0.285662, 0.958125, 0.019703, 0.05, 0.072244, 0.001029, 0.997387, -0.0, 0.0, 0.0, 0.0, 1.0],
                [0.959495, 0.268695, -0.084719, 0.0, -0.268094, 0.963209, 0.018628, 0.05, 0.086608, 0.004839, 0.996231, 0.0, 0.0, 0.0, 0.0, 1.0],
                [0.961977, 0.253273, -0.102272, 0.0, -0.252808, 0.96735, 0.017715, 0.05, 0.10342, 0.008813, 0.994599, 0.0, 0.0, 0.0, 0.0, 1.0],
                [0.963538, 0.239295, -0.119734, -0.0, -0.238345, 0.970919, 0.022418, 0.05, 0.121617, 0.006937, 0.992553, -0.0, 0.0, 0.0, 0.0, 1.0],
                [0.964814, 0.224915, -0.136204, 0.0, -0.222723, 0.974375, 0.031331, 0.05, 0.139762, 0.000107, 0.990186, 0.0, 0.0, 0.0, 0.0, 1.0],
                [0.966373, 0.208059, -0.151131, -0.0, -0.204668, 0.978097, 0.037837, 0.05, 0.155694, -0.005633, 0.98779, 0.0, 0.0, 0.0, 0.0, 1.0],
                [0.968996, 0.187632, -0.160765, 0.0, -0.183833, 0.982207, 0.038331, 0.05, 0.165097, -0.007589, 0.986249, 0.0, 0.0, 0.0, 0.0, 1.0],
                [0.973563, 0.159055, -0.163958, 0.0, -0.155313, 0.987225, 0.03548, 0.05, 0.167508, -0.009077, 0.98583, -0.0, 0.0, 0.0, 0.0, 1.0],
                [0.97926, 0.121696, -0.162005, -0.0, -0.116463, 0.992326, 0.041456, 0.05, 0.165808, -0.021728, 0.985919, -0.0, 0.0, 0.0, 0.0, 1.0],
                [0.984894, 0.078704, -0.154252, -0.0, -0.069062, 0.995363, 0.066916, 0.05, 0.158803, -0.055252, 0.985764, -0.0, 0.0, 0.0, 0.0, 1.0],
                [0.988915, 0.036115, -0.144049, 0.0, -0.020288, 0.993735, 0.109865, 0.05, 0.147116, -0.105724, 0.983453, 0.0, 0.0, 0.0, 0.0, 1.0],
                [0.99092, -0.002479, -0.134449, 0.0, 0.02526, 0.985461, 0.167998, 0.05, 0.132079, -0.169868, 0.976577, -0.0, 0.0, 0.0, 0.0, 1.0],
                [0.991432, -0.03225, -0.126598, 0.0, 0.06218, 0.968733, 0.240176, 0.05, 0.114894, -0.245988, 0.962439, -0.0, 0.0, 0.0, 0.0, 1.0],
                [0.991873, -0.050251, -0.116909, 0.0, 0.085596, 0.943284, 0.320755, 0.05, 0.09416, -0.328153, 0.93992, 0.0, 0.0, 0.0, 0.0, 1.0],
                [0.992618, -0.06062, -0.105069, 0.0, 0.097998, 0.911227, 0.400072, 0.05, 0.07149, -0.407412, 0.910442, -0.0, 0.0, 0.0, 0.0, 1.0],
                [0.993515, -0.066547, -0.092227, 0.0, 0.102558, 0.874733, 0.473623, 0.05, 0.049156, -0.480007, 0.875886, 0.0, 0.0, 0.0, 0.0, 1.0],
                [0.994332, -0.07184, -0.078421, -0.0, 0.102984, 0.834494, 0.541302, 0.05, 0.026555, -0.546306, 0.837164, -0.0, 0.0, 0.0, 0.0, 1.0],
                [0.994766, -0.078719, -0.065182, 0.0, 0.102099, 0.794186, 0.599033, 0.05, 0.004611, -0.602549, 0.798067, 0.0, 0.0, 0.0, 0.0, 1.0],
                [0.994394, -0.088926, -0.057253, 0.0, 0.104704, 0.751277, 0.651626, 0.05, -0.014934, -0.653964, 0.756377, -0.0, 0.0, 0.0, 0.0, 1.0],
                [0.99362, -0.100581, -0.051071, 0.0, 0.107402, 0.705086, 0.700939, 0.05, -0.034492, -0.701948, 0.71139, 0.0, 0.0, 0.0, 0.0, 1.0]
            ]
        },
        {
            "name": "Chest",
            "time": [0.0, 0.0333, 0.0667, 0.1, 0.1333, 0.1667, 0.2, 0.2333, 0.2667, 0.3, 0.3333, 0.3667, 0.4, 0.4333, 0.4667, 0.5, 0.5333, 0.5667, 0.6, 0.6333, 0.6667, 0.7, 0.7333, 0.7667, 0.8, 0.8333, 0.8667, 0.9, 0.9333, 0.9667, 1.0],
            "transform": [
                [0.992374, 0.110236, 0.055176, 0.0, -0.073514, 0.888498, -0.45295, 0.3, -0.098956, 0.445439, 0.889825, -0.0, 0.0, 0.0, 0.0, 1.0],
                [0.994656, -0.094794, 0.04095, -0.0, 0.096754, 0.994108, -0.04887, 0.3, -0.036077, 0.052571, 0.997963, 0.0, 0.0, 0.0, 0.0, 1.0],
                [0.987637, -0.15087, 0.042574, 0.0, 0.15272, 0.987282, -0.044174, 0.3, -0.035368, 0.05013, 0.998115, -0.0, 0.0, 0.0, 0.0, 1.0],
                [0.98739, -0.150994, 0.047608, 0.0, 0.152631, 0.987737, -0.032831, 0.3, -0.042067, 0.039684, 0.998324, 0.0, 0.0, 0.0, 0.0, 1.0],
                [0.987164, -0.150789, 0.052651, 0.0, 0.152087, 0.988132, -0.021555, 0.3, -0.048776, 0.029286, 0.998378, -0.0, 0.0, 0.0, 0.0, 1.0],
                [0.987233, -0.148304, 0.058143, -0.0, 0.149177, 0.988749, -0.010933, 0.3, -0.055867, 0.019467, 0.998246, -0.0, 0.0, 0.0, 0.0, 1.0],
                [0.987348, -0.145343, 0.063429, 0.0, 0.145661, 0.989334, -0.000391, 0.3, -0.062696, 0.009625, 0.997984, -0.0, 0.0, 0.0, 0.0, 1.0],
                [0.98774, -0.140544, 0.067969, 0.0, 0.14015, 0.990074, 0.010566, 0.3, -0.068779, -0.000911, 0.997629, 0.0, 0.0, 0.0, 0.0, 1.0],
                [0.988159, -0.135456, 0.07209, -0.0, 0.134036, 0.99068, 0.024208, 0.3, -0.074698, -0.014258, 0.997102, -0.0, 0.0, 0.0, 0.0, 1.0],
                [0.988803, -0.128318, 0.076201, -0.0, 0.125638, 0.99131, 0.038991, 0.3, -0.080542, -0.028981, 0.996328, -0.0, 0.0, 0.0, 0.0, 1.0],
                [0.989483, -0.121113, 0.079113, 0.0, 0.116657, 0.991433, 0.058735, 0.3, -0.085549, -0.048888, 0.995132, -0.0, 0.0, 0.0, 0.0, 1.0],
                [0.990359, -0.112906, 0.080277, 0.0, 0.106123, 0.990775, 0.084275, 0.3, -0.089052, -0.074944, 0.993201, 0.0, 0.0, 0.0, 0.0, 1.0],
                [0.991253, -0.104947, 0.080038, 0.0, 0.094833, 0.988097, 0.121122, 0.3, -0.091797, -0.112472, 0.989403, -0.0, 0.0, 0.0, 0.0, 1.0],
                [0.992303, -0.094845, 0.079649, 0.0, 0.0802, 0.982116, 0.170337, 0.3, -0.094381, -0.162638, 0.982159, -0.0, 0.0, 0.0, 0.0, 1.0],
                [0.993302, -0.084124, 0.079232, 0.0, 0.064453, 0.972367, 0.224382, 0.3, -0.095918, -0.217773, 0.971273, 0.0, 0.0, 0.0, 0.0, 1.0],
                [0.994116, -0.072768, 0.080256, -0.0, 0.047927, 0.959794, 0.276582, 0.3, -0.097156, -0.271108, 0.957631, 0.0, 0.0, 0.0, 0.0, 1.0],
                [0.994749, -0.060863, 0.082309, -0.0, 0.031145, 0.945877, 0.323023, 0.3, -0.097515, -0.318763, 0.942803, 0.0, 0.0, 0.0, 0.0, 1.0],
                [0.995174, -0.049219, 0.08491, -0.0, 0.015707, 0.93388, 0.357238, 0.3, -0.096879, -0.35418, 0.930144, -0.0, 0.0, 0.0, 0.0, 1.0],
                [0.995378, -0.037081, 0.088597, 0.0, 0.001254, 0.927404, 0.374057, 0.3, -0.096036, -0.372217, 0.923162, 0.0, 0.0, 0.0, 0.0, 1.0],
                [0.995389, -0.024888, 0.09265, -0.0, -0.011159, 0.929172, 0.369476, 0.3, -0.095284, -0.368806, 0.924608, 0.0, 0.0, 0.0, 0.0, 1.0],
                [0.995294, -0.012061, 0.096163, -0.0, -0.021426, 0.940291, 0.339696, 0.3, -0.094519, -0.340158, 0.935604, -0.0, 0.0, 0.0, 0.0, 1.0],
                [0.995127, 0.001598, 0.098612, 0.0, -0.030114, 0.957038, 0.288389, 0.3, -0.093915, -0.289953, 0.95242, 0.0, 0.0, 0.0, 0.0, 1.0],
                [0.994919, 0.01586, 0.099434, 0.0, -0.037443, 0.974978, 0.219125, 0.3, -0.093471, -0.221735, 0.970615, 0.0, 0.0, 0.0, 0.0, 1.0],
                [0.994642, 0.030713, 0.098724, 0.0, -0.044035, 0.989765, 0.135741, 0.3, -0.093545, -0.139361, 0.985811, 0.0, 0.0, 0.0, 0.0, 1.0],
                [0.994378, 0.045529, 0.095615, -0.0, -0.049459, 0.998008, 0.039145, 0.3, -0.093643, -0.043654, 0.994646, -0.0, 0.0, 0.0, 0.0, 1.0],
                [0.994089, 0.060238, 0.090343, 0.0, -0.054627, 0.996495, -0.063345, 0.3, -0.093842, 0.058035, 0.993892, 0.0, 0.0, 0.0, 0.0, 1.0],
                [0.993718, 0.074356, 0.083659, -0.0, -0.05954, 0.984084, -0.167429, 0.3, -0.094777, 0.161396, 0.982326, 0.0, 0.0, 0.0, 0.0, 1.0],
                [0.993302, 0.087561, 0.07542, 0.0, -0.064197, 0.960739, -0.26992, 0.3, -0.096094, 0.26327, 0.959922, 0.0, 0.0, 0.0, 0.0, 1.0],
                [0.99284, 0.09943, 0.066226, 0.0, -0.068716, 0.928762, -0.364249, 0.3, -0.097726, 0.357089, 0.928942, 0.0, 0.0, 0.0, 0.0, 1.0],
                [0.992389, 0.109918, 0.05554, 0.0, -0.073366, 0.889883, -0.450249, 0.3, -0.098915, 0.442747, 0.891172, 0.0, 0.0, 0.0, 0.0, 1.0],
                [0.991907, 0.119188, 0.043766, 0.0, -0.07786, 0.843254, -0.531845, 0.3, -0.100295, 0.524134, 0.845708, -0.0, 0.0, 0.0, 0.0, 1.0]
            ]
        },
        {
            "name": "Head",
            "time": [0.0, 0.0333, 0.0667, 0.1, 0.1333, 0.1667, 0.2, 0.2333, 0.2667, 0.3, 0.3333, 0.3667, 0.4, 0.4333, 0.4667, 0.5, 0.5333, 0.5667, 0.6, 0.6333, 0.6667, 0.7, 0.7333, 0.7667, 0.8, 0.8333, 0.8667, 0.9, 0.9333, 0.9667, 1.0],
            "transform": [
                [0.844249, -0.366685, 0.390883, 0.0, 0.39162, 0.919964, 0.017182, 0.4, -0.3659, 0.13857, 0.920283, -0.0, 0.0, 0.0, 0.0, 1.0],
                [0.839042, -0.462612, 0.286358, 0.0, 0.32178, 0.846341, 0.424453, 0.4, -0.438715, -0.263987, 0.858979, -0.0, 0.0, 0.0, 0.0, 1.0],
                [0.862968, -0.491232, 0.118223, -0.0, 0.309569, 0.698978, 0.644668, 0.4, -0.399317, -0.519726, 0.75527, -0.0, 0.0, 0.0, 0.0, 1.0],
                [0.866418, -0.489476, 0.098659, -0.0, 0.313956, 0.687669, 0.654632, 0.4, -0.388273, -0.536205, 0.749487, -0.0, 0.0, 0.0, 0.0, 1.0],
                [0.870053, -0.485476, 0.085563, -0.0, 0.318113, 0.685521, 0.654878, 0.4, -0.376583, -0.542555, 0.750881, -0.0, 0.0, 0.0, 0.0, 1.0],
                [0.87315, -0.481281, 0.077326, 0.0, 0.322513, 0.689326, 0.648702, 0.4, -0.365511, -0.54147, 0.757109, -0.0, 0.0, 0.0, 0.0, 1.0],
                [0.875649, -0.477278, 0.073796, -0.0, 0.326306, 0.697327, 0.638168, 0.4, -0.356044, -0.534726, 0.766357, 0.0, 0.0, 0.0, 0.0, 1.0],
                [0.877455, -0.474046, 0.073167, 0.0, 0.330128, 0.707499, 0.624868, 0.4, -0.347982, -0.524134, 0.7773, 0.0, 0.0, 0.0, 0.0, 1.0],
                [0.87891, -0.471021, 0.075212, 0.0, 0.33351, 0.719566, 0.609093, 0.4, -0.341017, -0.510248, 0.78953, 0.0, 0.0, 0.0, 0.0, 1.0],
                [0.879416, -0.469919, 0.076185, 0.0, 0.33816, 0.729265, 0.594826, 0.4, -0.33508, -0.497332, 0.800241, -0.0, 0.0, 0.0, 0.0, 1.0],
                [0.879605, -0.469423, 0.077059, -0.0, 0.342814, 0.73781, 0.581475, 0.4, -0.329813, -0.485046, 0.809911, 0.0, 0.0, 0.0, 0.0, 1.0],
                [0.878403, -0.471552, 0.077772, -0.0, 0.348063, 0.742705, 0.572049, 0.4, -0.327513, -0.475415, 0.816529, 0.0, 0.0, 0.0, 0.0, 1.0],
                [0.87623, -0.475101, 0.080625, 0.0, 0.351857, 0.745074, 0.56662, 0.4, -0.329275, -0.468116, 0.82003, -0.0, 0.0, 0.0, 0.0, 1.0],
                [0.872105, -0.481673, 0.086164, 0.0, 0.357152, 0.746957, 0.560799, 0.4, -0.334483, -0.458297, 0.823461, -0.0, 0.0, 0.0, 0.0, 1.0],
                [0.865993, -0.490282, 0.098386, -0.0, 0.362715, 0.7513, 0.551348, 0.4, -0.344234, -0.441773, 0.828458, -0.0, 0.0, 0.0, 0.0, 1.0],
                [0.857807, -0.500524, 0.116803, 0.0, 0.369342, 0.758324, 0.537149, 0.4, -0.357431, -0.417627, 0.835365, -0.0, 0.0, 0.0, 0.0, 1.0],
                [0.848198, -0.510712, 0.14048, 0.0, 0.377447, 0.768836, 0.51616, 0.4, -0.371617, -0.384778, 0.844897, 0.0, 0.0, 0.0, 0.0, 1.0],
                [0.837858, -0.518748, 0.169988, -0.0, 0.385318, 0.782572, 0.488986, 0.4, -0.38669, -0.344197, 0.855572, 0.0, 0.0, 0.0, 0.0, 1.0],
                [0.827424, -0.523959, 0.202082, -0.0, 0.394157, 0.798154, 0.455615, 0.4, -0.400018, -0.297332, 0.866939, -0.0, 0.0, 0.0, 0.0, 1.0],
                [0.818057, -0.524183, 0.236678, 0.0, 0.40298, 0.816005, 0.414413, 0.4, -0.410361, -0.243634, 0.878778, 0.0, 0.0, 0.0, 0.0, 1.0],
                [0.810568, -0.519064, 0.271205, -0.0, 0.411708, 0.834383, 0.366464, 0.4, -0.41651, -0.185385, 0.890032, -0.0, 0.0, 0.0, 0.0, 1.0],
