{
    "animation": [
        {
            "name": "Root",
            "time": [0.0, 0.0333, 0.0667, 0.1, 0.1333, 0.1667, 0.2, 0.2333, 0.2667, 0.3, 0.3333, 0.3667, 0.4, 0.4333, 0.4667, 0.5, 0.5333, 0.5667, 0.6, 0.6333, 0.6667, 0.7, 0.7333, 0.7667, 0.8, 0.8333, 0.8667, 0.9, 0.9333, 0.9667, 1.0, 1.0333, 1.0667, 1.1, 1.1333, 1.1667, 1.2, 1.2333, 1.2667, 1.3, 1.3333, 1.3667, 1.4, 1.4333, 1.4667, 1.5, 1.5333, 1.5667, 1.6, 1.6333, 1.6667, 1.7, 1.7333, 1.7667, 1.8, 1.8333, 1.8667, 1.9, 1.9333, 1.9667, 2.0, 2.0333, 2.0667, 2.1, 2.1333, 2.1667, 2.2, 2.2333, 2.2667, 2.3, 2.3333, 2.3667, 2.4, 2.4333, 2.4667, 2.5, 2.5333, 2.5667, 2.6, 2.6333, 2.6667, 2.7, 2.7333, 2.7667, 2.8, 2.8333, 2.8667, 2.9, 2.9333, 2.9667, 3.0, 3.0333, 3.0667, 3.1, 3.1333, 3.1667, 3.2, 3.2333, 3.2667, 3.3, 3.3333, 3.3667, 3.4, 3.4333, 3.4667, 3.5, 3.5333, 3.5667, 3.6, 3.6333, 3.6667, 3.7, 3.7333, 3.7667, 3.8, 3.8333, 3.8667, 3.9, 3.9333, 3.9667, 4.0],
            "transform": [
                [0.808902, 0.000604, -0.587942, 0.000583, -0.587943, 0.001859, -0.808899, 0.005379, 0.000604, 0.999998, 0.001858, 0.633637, 0.0, 0.0, 0.0, 1.0],
                [0.841095, 0.000551, -0.540887, -0.000233, -0.540888, 0.001875, -0.841091, 0.005582, 0.000551, 0.999998, 0.001875, 0.647763, 0.0, 0.0, 0.0, 1.0],
                [0.872956, 0.000492, -0.487798, -0.001573, -0.487798, 0.001891, -0.872953, 0.005893, 0.000493, 0.999998, 0.001891, 0.661889, 0.0, 0.0, 0.0, 1.0],
                [0.896621, 0.000444, -0.442797, -0.001873, -0.442798, 0.001903, -0.896618, 0.005981, 0.000444, 0.999998, 0.001903, 0.674291, 0.0, 0.0, 0.0, 1.0],
                [0.906162, 0.000423, -0.422932, 0.000432, -0.422933, 0.001908, -0.906158, 0.005515, 0.000423, 0.999998, 0.001908, 0.680949, 0.0, 0.0, 0.0, 1.0],
                [0.901261, 0.000434, -0.433276, 0.005757, -0.433277, 0.001905, -0.901258, 0.004473, 0.000434, 0.999998, 0.001905, 0.683598, 0.0, 0.0, 0.0, 1.0],
                [0.887462, 0.000464, -0.460881, 0.012942, -0.460882, 0.001898, -0.887458, 0.003104, 0.000463, 0.999998, 0.001898, 0.686247, 0.0, 0.0, 0.0, 1.0],
                [0.866645, 0.000504, -0.498924, 0.021199, -0.498925, 0.001888, -0.866642, 0.00148, 0.000505, 0.999998, 0.001888, 0.688896, 0.0, 0.0, 0.0, 1.0],
                [0.840751, 0.000552, -0.541422, 0.029743, -0.541423, 0.001876, -0.840747, -0.000324, 0.000552, 0.999998, 0.001876, 0.691545, 0.0, 0.0, 0.0, 1.0],
                [0.812756, 0.000598, -0.582603, 0.037782, -0.582604, 0.001861, -0.812753, -0.002237, 0.000598, 0.999998, 0.001861, 0.694193, 0.0, 0.0, 0.0, 1.0],
                [0.782765, 0.000644, -0.622316, 0.046093, -0.622317, 0.001845, -0.782763, -0.004199, 0.000644, 0.999998, 0.001845, 0.696842, 0.0, 0.0, 0.0, 1.0],
                [0.745944, 0.000696, -0.666007, 0.055585, -0.666008, 0.001826, -0.745941, -0.006203, 0.000697, 0.999998, 0.001826, 0.697987, 0.0, 0.0, 0.0, 1.0],
                [0.70324, 0.000753, -0.710951, 0.065675, -0.710953, 0.001804, -0.703237, -0.008252, 0.000753, 0.999998, 0.001804, 0.699133, 0.0, 0.0, 0.0, 1.0],
                [0.657832, 0.000808, -0.753163, 0.075766, -0.753164, 0.001779, -0.65783, -0.010355, 0.000808, 0.999998, 0.001779, 0.698575, 0.0, 0.0, 0.0, 1.0],
                [0.610189, 0.000863, -0.792254, 0.085276, -0.792255, 0.001753, -0.610187, -0.012511, 0.000863, 0.999998, 0.001753, 0.698017, 0.0, 0.0, 0.0, 1.0],
                [0.564345, 0.000912, -0.825538, 0.093614, -0.825539, 0.001728, -0.564342, -0.014729, 0.000912, 0.999998, 0.001728, 0.695177, 0.0, 0.0, 0.0, 1.0],
                [0.522628, 0.000955, -0.852559, 0.100195, -0.852561, 0.001705, -0.522625, -0.017008, 0.000955, 0.999998, 0.001705, 0.692336, 0.0, 0.0, 0.0, 1.0],
                [0.488039, 0.000989, -0.87282, 0.104427, -0.872822, 0.001686, -0.488036, -0.019357, 0.000989, 0.999998, 0.001686, 0.686643, 0.0, 0.0, 0.0, 1.0],
                [0.464225, 0.001011, -0.885716, 0.105727, -0.885718, 0.001672, -0.464222, -0.021774, 0.001011, 0.999998, 0.001672, 0.680949, 0.0, 0.0, 0.0, 1.0],
                [0.453485, 0.001021, -0.891262, 0.103762, -0.891264, 0.001666, -0.453483, -0.02636, 0.001021, 0.999998, 0.001666, 0.67033, 0.0, 0.0, 0.0, 1.0],
                [0.454752, 0.00102, -0.890617, 0.098955, -0.890618, 0.001666, -0.454749, -0.034163, 0.00102, 0.999998, 0.001666, 0.654127, 0.0, 0.0, 0.0, 1.0],
                [0.465485, 0.00101, -0.885054, 0.091847, -0.885056, 0.001673, -0.465482, -0.043604, 0.00101, 0.999998, 0.001673, 0.633861, 0.0, 0.0, 0.0, 1.0],
                [0.483048, 0.000993, -0.875592, 0.082981, -0.875594, 0.001683, -0.483045, -0.053112, 0.000994, 0.999998, 0.001683, 0.610582, 0.0, 0.0, 0.0, 1.0],
                [0.504867, 0.000972, -0.863195, 0.072898, -0.863197, 0.001695, -0.504864, -0.061106, 0.000972, 0.999998, 0.001695, 0.587303, 0.0, 0.0, 0.0, 1.0],
                [0.526372, 0.000951, -0.850253, 0.062139, -0.850254, 0.001707, -0.526369, -0.066014, 0.000951, 0.999998, 0.001707, 0.564025, 0.0, 0.0, 0.0, 1.0],
                [0.547542, 0.000929, -0.836777, 0.051243, -0.836778, 0.001719, -0.547539, -0.066257, 0.000929, 0.999998, 0.001719, 0.542835, 0.0, 0.0, 0.0, 1.0],
                [0.563151, 0.000913, -0.826353, 0.040754, -0.826354, 0.001728, -0.563148, -0.060261, 0.000913, 0.999998, 0.001728, 0.525239, 0.0, 0.0, 0.0, 1.0],
                [0.571492, 0.000905, -0.820606, 0.031212, -0.820607, 0.001732, -0.57149, -0.046448, 0.000904, 0.999998, 0.001732, 0.512767, 0.0, 0.0, 0.0, 1.0],
                [0.573274, 0.000903, -0.819362, 0.022192, -0.819364, 0.001733, -0.573271, -0.028948, 0.000903, 0.999998, 0.001733, 0.50627, 0.0, 0.0, 0.0, 1.0],
                [0.571493, 0.000904, -0.820606, 0.012943, -0.820607, 0.001732, -0.57149, -0.011404, 0.000905, 0.999998, 0.001732, 0.504642, 0.0, 0.0, 0.0, 1.0],
                [0.569709, 0.000906, -0.821845, 0.003509, -0.821847, 0.001731, -0.569706, 0.008497, 0.000906, 0.999998, 0.001731, 0.506489, 0.0, 0.0, 0.0, 1.0],
                [0.563752, 0.000913, -0.825943, -0.006059, -0.825944, 0.001728, -0.563749, 0.033062, 0.000913, 0.999998, 0.001728, 0.510587, 0.0, 0.0, 0.0, 1.0],
                [0.557765, 0.000919, -0.829997, -0.015717, -0.829998, 0.001724, -0.557762, 0.0646, 0.000919, 0.999998, 0.001725, 0.514686, 0.0, 0.0, 0.0, 1.0],
                [0.549056, 0.000928, -0.835784, -0.025415, -0.835785, 0.00172, -0.549053, 0.105421, 0.000928, 0.999998, 0.00172, 0.518784, 0.0, 0.0, 0.0, 1.0],
                [0.540287, 0.000937, -0.841479, -0.035108, -0.84148, 0.001715, -0.540284, 0.157835, 0.000937, 0.999998, 0.001715, 0.52046, 0.0, 0.0, 0.0, 1.0],
                [0.529357, 0.000948, -0.848397, -0.044747, -0.848399, 0.001709, -0.529354, 0.224151, 0.000948, 0.999998, 0.001709, 0.518592, 0.0, 0.0, 0.0, 1.0],
                [0.518338, 0.000959, -0.855174, -0.054285, -0.855175, 0.001703, -0.518336, 0.306677, 0.000959, 0.999998, 0.001703, 0.511769, 0.0, 0.0, 0.0, 1.0],
                [0.501702, 0.000975, -0.865039, -0.064262, -0.86504, 0.001693, -0.501699, 0.431166, 0.000975, 0.999998, 0.001693, 0.49366, 0.0, 0.0, 0.0, 1.0],
                [0.479333, 0.000997, -0.877632, -0.074739, -0.877632, 0.001681, -0.479331, 0.607526, 0.000997, 0.999998, 0.001681, 0.463741, 0.0, 0.0, 0.0, 1.0],
                [0.456649, 0.001018, -0.889645, -0.084941, -0.889647, 0.001668, -0.456646, 0.814292, 0.001019, 0.999998, 0.001668, 0.429296, 0.0, 0.0, 0.0, 1.0],
                [0.437601, 0.001036, -0.899168, -0.094095, -0.899168, 0.001657, -0.437599, 1.030002, 0.001036, 0.999998, 0.001657, 0.397626, 0.0, 0.0, 0.0, 1.0],
                [0.424819, 0.001048, -0.905277, -0.101423, -0.905278, 0.001649, -0.424816, 1.233194, 0.001048, 0.999998, 0.001649, 0.376025, 0.0, 0.0, 0.0, 1.0],
                [0.407459, 0.001064, -0.913222, -0.104998, -0.913223, 0.001639, -0.407456, 1.426248, 0.001064, 0.999998, 0.001639, 0.371392, 0.0, 0.0, 0.0, 1.0],
                [0.40045, 0.00107, -0.916317, -0.104925, -0.916319, 0.001635, -0.400448, 1.62552, 0.00107, 0.999998, 0.001635, 0.381323, 0.0, 0.0, 0.0, 1.0],
                [0.438239, 0.001036, -0.898857, -0.103519, -0.898858, 0.001657, -0.438236, 1.824894, 0.001036, 0.999998, 0.001657, 0.398662, 0.0, 0.0, 0.0, 1.0],
                [0.556565, 0.00092, -0.830803, -0.100871, -0.830803, 0.001724, -0.556563, 2.027494, 0.00092, 0.999998, 0.001724, 0.428543, 0.0, 0.0, 0.0, 1.0],
                [0.699767, 0.000757, -0.71437, -0.096887, -0.714372, 0.001801, -0.699763, 2.232688, 0.000757, 0.999998, 0.001801, 0.466048, 0.0, 0.0, 0.0, 1.0],
                [0.782766, 0.000644, -0.622316, -0.093489, -0.622317, 0.001845, -0.782762, 2.439941, 0.000644, 0.999998, 0.001845, 0.489901, 0.0, 0.0, 0.0, 1.0],
                [0.783242, 0.000643, -0.621715, -0.090913, -0.621716, 0.001845, -0.78324, 2.648214, 0.000643, 0.999998, 0.001845, 0.487857, 0.0, 0.0, 0.0, 1.0],
                [0.74544, 0.000697, -0.666572, -0.088908, -0.666573, 0.001826, -0.745437, 2.85856, 0.000697, 0.999998, 0.001825, 0.473055, 0.0, 0.0, 0.0, 1.0],
                [0.715618, 0.000737, -0.698491, -0.088647, -0.698492, 0.00181, -0.715615, 3.073584, 0.000737, 0.999998, 0.00181, 0.458253, 0.0, 0.0, 0.0, 1.0],
                [0.71247, 0.000741, -0.701701, -0.090302, -0.701703, 0.001808, -0.712467, 3.295601, 0.000741, 0.999998, 0.001808, 0.45277, 0.0, 0.0, 0.0, 1.0],
                [0.71457, 0.000738, -0.699563, -0.093046, -0.699564, 0.001809, -0.714567, 3.521889, 0.000738, 0.999998, 0.001809, 0.448796, 0.0, 0.0, 0.0, 1.0],
                [0.713521, 0.000739, -0.700633, -0.096537, -0.700634, 0.001809, -0.713518, 3.747534, 0.00074, 0.999998, 0.001809, 0.444821, 0.0, 0.0, 0.0, 1.0],
                [0.701364, 0.000755, -0.712802, -0.100437, -0.712803, 0.001802, -0.701361, 3.967614, 0.000755, 0.999998, 0.001802, 0.434859, 0.0, 0.0, 0.0, 1.0],
                [0.657833, 0.000808, -0.753163, -0.106747, -0.753164, 0.001779, -0.65783, 4.179384, 0.000808, 0.999998, 0.001779, 0.406953, 0.0, 0.0, 0.0, 1.0],
                [0.603814, 0.00087, -0.797124, -0.112611, -0.797125, 0.00175, -0.603811, 4.367531, 0.00087, 0.999998, 0.00175, 0.375267, 0.0, 0.0, 0.0, 1.0],
                [0.555365, 0.000921, -0.831605, -0.113695, -0.831607, 0.001723, -0.555362, 4.526731, 0.000921, 0.999998, 0.001723, 0.355397, 0.0, 0.0, 0.0, 1.0],
                [0.549953, 0.000927, -0.835194, -0.112807, -0.835195, 0.00172, -0.54995, 4.641225, 0.000927, 0.999998, 0.00172, 0.349262, 0.0, 0.0, 0.0, 1.0],
                [0.607875, 0.000865, -0.794032, -0.111397, -0.794033, 0.001752, -0.607872, 4.716651, 0.000865, 0.999998, 0.001752, 0.357506, 0.0, 0.0, 0.0, 1.0],
                [0.678201, 0.000784, -0.734876, -0.109278, -0.734877, 0.00179, -0.678198, 4.785234, 0.000784, 0.999998, 0.00179, 0.369214, 0.0, 0.0, 0.0, 1.0],
                [0.749465, 0.000691, -0.662043, -0.107057, -0.662044, 0.001828, -0.749462, 4.847385, 0.000692, 0.999998, 0.001827, 0.383365, 0.0, 0.0, 0.0, 1.0],
                [0.812536, 0.000598, -0.58291, -0.105344, -0.582911, 0.00186, -0.812533, 4.90352, 0.000598, 0.999998, 0.00186, 0.397516, 0.0, 0.0, 0.0, 1.0],
                [0.86143, 0.000514, -0.507875, -0.104741, -0.507876, 0.001885, -0.861427, 4.954055, 0.000514, 0.999998, 0.001885, 0.411667, 0.0, 0.0, 0.0, 1.0],
                [0.893725, 0.00045, -0.448616, -0.105855, -0.448618, 0.001901, -0.89372, 4.99941, 0.000451, 0.999998, 0.001901, 0.423932, 0.0, 0.0, 0.0, 1.0],
                [0.91096, 0.000412, -0.412494, -0.109938, -0.412495, 0.00191, -0.910957, 5.036529, 0.000412, 0.999998, 0.00191, 0.436197, 0.0, 0.0, 0.0, 1.0],
                [0.918946, 0.000393, -0.394384, -0.116734, -0.394384, 0.001914, -0.918943, 5.063837, 0.000394, 0.999998, 0.001914, 0.448462, 0.0, 0.0, 0.0, 1.0],
                [0.921217, 0.000388, -0.389049, -0.124568, -0.38905, 0.001915, -0.921214, 5.083961, 0.000388, 0.999998, 0.001915, 0.459567, 0.0, 0.0, 0.0, 1.0],
                [0.920086, 0.000391, -0.391715, -0.131767, -0.391716, 0.001915, -0.920083, 5.099529, 0.000391, 0.999998, 0.001914, 0.466571, 0.0, 0.0, 0.0, 1.0],
                [0.918948, 0.000393, -0.394378, -0.136665, -0.394379, 0.001914, -0.918945, 5.113174, 0.000393, 0.999998, 0.001914, 0.467025, 0.0, 0.0, 0.0, 1.0],
                [0.917802, 0.000396, -0.397038, -0.139618, -0.397038, 0.001913, -0.917799, 5.125655, 0.000396, 0.999998, 0.001913, 0.461595, 0.0, 0.0, 0.0, 1.0],
                [0.916635, 0.000399, -0.399724, -0.14214, -0.399724, 0.001913, -0.916633, 5.136294, 0.000399, 0.999998, 0.001913, 0.453056, 0.0, 0.0, 0.0, 1.0],
                [0.91366, 0.000406, -0.406479, -0.144232, -0.40648, 0.001911, -0.913657, 5.1453, 0.000406, 0.999998, 0.001911, 0.442365, 0.0, 0.0, 0.0, 1.0],
                [0.910621, 0.000413, -0.413243, -0.14597, -0.413244, 0.00191, -0.910618, 5.153227, 0.000413, 0.999998, 0.00191, 0.429726, 0.0, 0.0, 0.0, 1.0],
                [0.906085, 0.000423, -0.423094, -0.147377, -0.423095, 0.001908, -0.906082, 5.160405, 0.000424, 0.999998, 0.001908, 0.417086, 0.0, 0.0, 0.0, 1.0],
                [0.901443, 0.000434, -0.432898, -0.148495, -0.432898, 0.001905, -0.90144, 5.167209, 0.000434, 0.999998, 0.001905, 0.404447, 0.0, 0.0, 0.0, 1.0],
                [0.896695, 0.000444, -0.44265, -0.149363, -0.442651, 0.001903, -0.896691, 5.174026, 0.000444, 0.999998, 0.001903, 0.391807, 0.0, 0.0, 0.0, 1.0],
                [0.89184, 0.000454, -0.452351, -0.150019, -0.452351, 0.001901, -0.891837, 5.181238, 0.000455, 0.999998, 0.001901, 0.381114, 0.0, 0.0, 0.0, 1.0],
                [0.886881, 0.000465, -0.461997, -0.150501, -0.461998, 0.001898, -0.886878, 5.189227, 0.000465, 0.999998, 0.001898, 0.372726, 0.0, 0.0, 0.0, 1.0],
                [0.881819, 0.000475, -0.471588, -0.151088, -0.471589, 0.001895, -0.881815, 5.197794, 0.000475, 0.999998, 0.001895, 0.367206, 0.0, 0.0, 0.0, 1.0],
                [0.875116, 0.000488, -0.483913, -0.151777, -0.483914, 0.001892, -0.875113, 5.206449, 0.000488, 0.999998, 0.001892, 0.361686, 0.0, 0.0, 0.0, 1.0],
                [0.86824, 0.000501, -0.496144, -0.152178, -0.496145, 0.001889, -0.868237, 5.215144, 0.000502, 0.999998, 0.001889, 0.358808, 0.0, 0.0, 0.0, 1.0],
                [0.861193, 0.000515, -0.508278, -0.151907, -0.508279, 0.001885, -0.86119, 5.223821, 0.000515, 0.999998, 0.001885, 0.355931, 0.0, 0.0, 0.0, 1.0],
                [0.853976, 0.000528, -0.520311, -0.150574, -0.520312, 0.001882, -0.853974, 5.232434, 0.000528, 0.999998, 0.001882, 0.35529, 0.0, 0.0, 0.0, 1.0],
                [0.846593, 0.000541, -0.53224, -0.14779, -0.53224, 0.001878, -0.84659, 5.240925, 0.000541, 0.999998, 0.001878, 0.354649, 0.0, 0.0, 0.0, 1.0],
                [0.840253, 0.000552, -0.542194, -0.14317, -0.542195, 0.001874, -0.84025, 5.249245, 0.000552, 0.999998, 0.001874, 0.355632, 0.0, 0.0, 0.0, 1.0],
                [0.833763, 0.000563, -0.552122, -0.134687, -0.552123, 0.001871, -0.833759, 5.259706, 0.000563, 0.999998, 0.001871, 0.35662, 0.0, 0.0, 0.0, 1.0],
                [0.829668, 0.00057, -0.558257, -0.122333, -0.558257, 0.001869, -0.829665, 5.272082, 0.00057, 0.999998, 0.001869, 0.357597, 0.0, 0.0, 0.0, 1.0],
                [0.825494, 0.000577, -0.56441, -0.108033, -0.564411, 0.001867, -0.825491, 5.2832, 0.000577, 0.999998, 0.001867, 0.361771, 0.0, 0.0, 0.0, 1.0],
                [0.824391, 0.000579, -0.56602, -0.094028, -0.566021, 0.001866, -0.824388, 5.289585, 0.000579, 0.999998, 0.001866, 0.370927, 0.0, 0.0, 0.0, 1.0],
                [0.823284, 0.000581, -0.567629, -0.082475, -0.56763, 0.001866, -0.823281, 5.287833, 0.000581, 0.999998, 0.001866, 0.387259, 0.0, 0.0, 0.0, 1.0],
                [0.827255, 0.000574, -0.561827, -0.073207, -0.561828, 0.001868, -0.827251, 5.277268, 0.000574, 0.999998, 0.001868, 0.412479, 0.0, 0.0, 0.0, 1.0],
                [0.835956, 0.000559, -0.548796, -0.064627, -0.548798, 0.001872, -0.835952, 5.260736, 0.00056, 0.999998, 0.001872, 0.444762, 0.0, 0.0, 0.0, 1.0],
                [0.848064, 0.000538, -0.529892, -0.056756, -0.529892, 0.001879, -0.848062, 5.240131, 0.000539, 0.999998, 0.001879, 0.481451, 0.0, 0.0, 0.0, 1.0],
                [0.859748, 0.000517, -0.510717, -0.04961, -0.510718, 0.001885, -0.859745, 5.217342, 0.000518, 0.999998, 0.001885, 0.518138, 0.0, 0.0, 0.0, 1.0],
                [0.870997, 0.000496, -0.491288, -0.04321, -0.491289, 0.00189, -0.870994, 5.194263, 0.000496, 0.999998, 0.00189, 0.553033, 0.0, 0.0, 0.0, 1.0],
                [0.880296, 0.000478, -0.474425, -0.037575, -0.474426, 0.001895, -0.880292, 5.172789, 0.000478, 0.999998, 0.001895, 0.582588, 0.0, 0.0, 0.0, 1.0],
                [0.886491, 0.000465, -0.462745, -0.034121, -0.462746, 0.001898, -0.886487, 5.151429, 0.000466, 0.999998, 0.001898, 0.606965, 0.0, 0.0, 0.0, 1.0],
                [0.892532, 0.000453, -0.450985, -0.032984, -0.450985, 0.001901, -0.892528, 5.128759, 0.000453, 0.999998, 0.001901, 0.627006, 0.0, 0.0, 0.0, 1.0],
                [0.898416, 0.00044, -0.439145, -0.032243, -0.439146, 0.001904, -0.898413, 5.106756, 0.00044, 0.999998, 0.001904, 0.640647, 0.0, 0.0, 0.0, 1.0],
                [0.902248, 0.000432, -0.431218, -0.029976, -0.431219, 0.001906, -0.902244, 5.087397, 0.000432, 0.999998, 0.001906, 0.645815, 0.0, 0.0, 0.0, 1.0],
                [0.906032, 0.000423, -0.423209, -0.025188, -0.423209, 0.001908, -0.906029, 5.070245, 0.000424, 0.999998, 0.001908, 0.63962, 0.0, 0.0, 0.0, 1.0],
                [0.9097, 0.000415, -0.415265, -0.019114, -0.415266, 0.001909, -0.909697, 5.054251, 0.000415, 0.999998, 0.001909, 0.624769, 0.0, 0.0, 0.0, 1.0],
                [0.913321, 0.000407, -0.40724, -0.012835, -0.407241, 0.001911, -0.913317, 5.039585, 0.000407, 0.999998, 0.001911, 0.606778, 0.0, 0.0, 0.0, 1.0],
                [0.914991, 0.000403, -0.403473, -0.007581, -0.403473, 0.001912, -0.914989, 5.026815, 0.000403, 0.999998, 0.001912, 0.59152, 0.0, 0.0, 0.0, 1.0],
                [0.913321, 0.000407, -0.40724, -0.004546, -0.407241, 0.001911, -0.913317, 5.016411, 0.000407, 0.999998, 0.001911, 0.584766, 0.0, 0.0, 0.0, 1.0],
                [0.909264, 0.000416, -0.416218, -0.00317, -0.416219, 0.001909, -0.909262, 5.007579, 0.000416, 0.999998, 0.001909, 0.589651, 0.0, 0.0, 0.0, 1.0],
                [0.90512, 0.000426, -0.425156, -0.002074, -0.425157, 0.001907, -0.905116, 4.999169, 0.000426, 0.999998, 0.001907, 0.602304, 0.0, 0.0, 0.0, 1.0],
                [0.899434, 0.000438, -0.437057, -0.001231, -0.437058, 0.001904, -0.89943, 4.991127, 0.000438, 0.999998, 0.001904, 0.617274, 0.0, 0.0, 0.0, 1.0],
                [0.89359, 0.000451, -0.448883, -0.000608, -0.448884, 0.001901, -0.893587, 4.983405, 0.000451, 0.999998, 0.001901, 0.632244, 0.0, 0.0, 0.0, 1.0],
                [0.887591, 0.000463, -0.460631, -0.00018, -0.460632, 0.001898, -0.887588, 4.97594, 0.000463, 0.999998, 0.001898, 0.640183, 0.0, 0.0, 0.0, 1.0],
                [0.881439, 0.000476, -0.472298, 8.7e-05, -0.472299, 0.001895, -0.881435, 4.968691, 0.000476, 0.999998, 0.001895, 0.642032, 0.0, 0.0, 0.0, 1.0],
                [0.874172, 0.00049, -0.485616, 0.000229, -0.485617, 0.001892, -0.874169, 4.961623, 0.00049, 0.999998, 0.001892, 0.643882, 0.0, 0.0, 0.0, 1.0],
                [0.866701, 0.000505, -0.498827, 0.000273, -0.498828, 0.001889, -0.866698, 4.954689, 0.000505, 0.999998, 0.001888, 0.643541, 0.0, 0.0, 0.0, 1.0],
                [0.859028, 0.000519, -0.511928, 0.000256, -0.511928, 0.001885, -0.859025, 4.947845, 0.000519, 0.999998, 0.001885, 0.643199, 0.0, 0.0, 0.0, 1.0],
                [0.851156, 0.000533, -0.524912, 0.000204, -0.524913, 0.001881, -0.851153, 4.941043, 0.000533, 0.999998, 0.001881, 0.641605, 0.0, 0.0, 0.0, 1.0],
                [0.843087, 0.000548, -0.537776, 0.000153, -0.537777, 0.001877, -0.843084, 4.934241, 0.000548, 0.999998, 0.001877, 0.640012, 0.0, 0.0, 0.0, 1.0],
                [0.834825, 0.000562, -0.550516, 0.000133, -0.550517, 0.001873, -0.834821, 4.927393, 0.000562, 0.999998, 0.001872, 0.638418, 0.0, 0.0, 0.0, 1.0],
                [0.826371, 0.000576, -0.563126, 0.000178, -0.563127, 0.001868, -0.826367, 4.920456, 0.000576, 0.999998, 0.001868, 0.636824, 0.0, 0.0, 0.0, 1.0],
                [0.817729, 0.00059, -0.575603, 0.000318, -0.575604, 0.001863, -0.817726, 4.913382, 0.00059, 0.999998, 0.001863, 0.635231, 0.0, 0.0, 0.0, 1.0],
                [0.808902, 0.000604, -0.587942, 0.000584, -0.587943, 0.001859, -0.808899, 4.906124, 0.000604, 0.999998, 0.001858, 0.633637, 0.0, 0.0, 0.0, 1.0]
            ]
        },
        {
            "name": "Thigh_R",
            "time": [0.0, 0.0333, 0.0667, 0.1, 0.1333, 0.1667, 0.2, 0.2333, 0.2667, 0.3, 0.3333, 0.3667, 0.4, 0.4333, 0.4667, 0.5, 0.5333, 0.5667, 0.6, 0.6333, 0.6667, 0.7, 0.7333, 0.7667, 0.8, 0.8333, 0.8667, 0.9, 0.9333, 0.9667, 1.0, 1.0333, 1.0667, 1.1, 1.1333, 1.1667, 1.2, 1.2333, 1.2667, 1.3, 1.3333, 1.3667, 1.4, 1.4333, 1.4667, 1.5, 1.5333, 1.5667, 1.6, 1.6333, 1.6667, 1.7, 1.7333, 1.7667, 1.8, 1.8333, 1.8667, 1.9, 1.9333, 1.9667, 2.0, 2.0333, 2.0667, 2.1, 2.1333, 2.1667, 2.2, 2.2333, 2.2667, 2.3, 2.3333, 2.3667, 2.4, 2.4333, 2.4667, 2.5, 2.5333, 2.5667, 2.6, 2.6333, 2.6667, 2.7, 2.7333, 2.7667, 2.8, 2.8333, 2.8667, 2.9, 2.9333, 2.9667, 3.0, 3.0333, 3.0667, 3.1, 3.1333, 3.1667, 3.2, 3.2333, 3.2667, 3.3, 3.3333, 3.3667, 3.4, 3.4333, 3.4667, 3.5, 3.5333, 3.5667, 3.6, 3.6333, 3.6667, 3.7, 3.7333, 3.7667, 3.8, 3.8333, 3.8667, 3.9, 3.9333, 3.9667, 4.0],
            "transform": [
                [0.936408, 0.348183, -0.043668, 0.124994, 0.325001, -0.813601, 0.482109, -0.002831, 0.132333, -0.465644, -0.875021, -1.2e-05, 0.0, 0.0, 0.0, 1.0],
                [0.923491, 0.381498, 0.04029, 0.124994, 0.322365, -0.828674, 0.457582, -0.002831, 0.207953, -0.409586, -0.888253, -1.2e-05, 0.0, 0.0, 0.0, 1.0],
                [0.901838, 0.409794, 0.136951, 0.124994, 0.318911, -0.845176, 0.428923, -0.002831, 0.291517, -0.343144, -0.892898, -1.2e-05, 0.0, 0.0, 0.0, 1.0],
                [0.87904, 0.424376, 0.217239, 0.124994, 0.315748, -0.85964, 0.40165, -0.002831, 0.357197, -0.284474, -0.889653, -1.2e-05, 0.0, 0.0, 0.0, 1.0],
                [0.869237, 0.426419, 0.250185, 0.124994, 0.313088, -0.866424, 0.388955, -0.002831, 0.382623, -0.259765, -0.886634, -1.2e-05, 0.0, 0.0, 0.0, 1.0],
                [0.872461, 0.421564, 0.247173, 0.124994, 0.307129, -0.866437, 0.393649, -0.002831, 0.380108, -0.267529, -0.885406, -1.2e-05, 0.0, 0.0, 0.0, 1.0],
                [0.877025, 0.414535, 0.242872, 0.124994, 0.295973, -0.86437, 0.406529, -0.002831, 0.378452, -0.284653, -0.880764, -1.2e-05, 0.0, 0.0, 0.0, 1.0],
                [0.881427, 0.409585, 0.235216, 0.124994, 0.28561, -0.858837, 0.425237, -0.002831, 0.376183, -0.307635, -0.873982, -1.2e-05, 0.0, 0.0, 0.0, 1.0],
                [0.887136, 0.403775, 0.223504, 0.124994, 0.275892, -0.852224, 0.444521, -0.002831, 0.369962, -0.332688, -0.867436, -1.2e-05, 0.0, 0.0, 0.0, 1.0],
                [0.892979, 0.395722, 0.214458, 0.124994, 0.265705, -0.848056, 0.458478, -0.002831, 0.363302, -0.352429, -0.862441, -1.2e-05, 0.0, 0.0, 0.0, 1.0],
                [0.899749, 0.384905, 0.20567, 0.124994, 0.254344, -0.845466, 0.469571, -0.002831, 0.354627, -0.370186, -0.858604, -1.2e-05, 0.0, 0.0, 0.0, 1.0],
                [0.907131, 0.373009, 0.194877, 0.124994, 0.242919, -0.84222, 0.481306, -0.002831, 0.343661, -0.389269, -0.854614, -1.2e-05, 0.0, 0.0, 0.0, 1.0],
                [0.915239, 0.35821, 0.184446, 0.124994, 0.2292, -0.839388, 0.492844, -0.002831, 0.331363, -0.408797, -0.850342, -1.2e-05, 0.0, 0.0, 0.0, 1.0],
                [0.923034, 0.343095, 0.174048, 0.124994, 0.215702, -0.836143, 0.504319, -0.002831, 0.318559, -0.427963, -0.845793, -1.2e-05, 0.0, 0.0, 0.0, 1.0],
                [0.931425, 0.327028, 0.159686, 0.124994, 0.203716, -0.832104, 0.515852, -0.00283, 0.301573, -0.447948, -0.841662, -1.2e-05, 0.0, 0.0, 0.0, 1.0],
                [0.939391, 0.310529, 0.145306, 0.124994, 0.192065, -0.827733, 0.52723, -0.002831, 0.283994, -0.467368, -0.837205, -1.2e-05, 0.0, 0.0, 0.0, 1.0],
                [0.946887, 0.294867, 0.128284, 0.124994, 0.183606, -0.823282, 0.537119, -0.002831, 0.263992, -0.485038, -0.833693, -1.2e-05, 0.0, 0.0, 0.0, 1.0],
                [0.953587, 0.280731, 0.108902, 0.124994, 0.177312, -0.815827, 0.550444, -0.002831, 0.243372, -0.505589, -0.827738, -1.2e-05, 0.0, 0.0, 0.0, 1.0],
                [0.959519, 0.270289, 0.079147, 0.124994, 0.180369, -0.80557, 0.564381, -0.002831, 0.216304, -0.52726, -0.821711, -1.2e-05, 0.0, 0.0, 0.0, 1.0],
                [0.96447, 0.258474, 0.054652, 0.124994, 0.179237, -0.792162, 0.583399, -0.002831, 0.194087, -0.552877, -0.810343, -1.2e-05, 0.0, 0.0, 0.0, 1.0],
                [0.969018, 0.245512, 0.026953, 0.124994, 0.178489, -0.771525, 0.610648, -0.002831, 0.170716, -0.58692, -0.791442, -1.2e-05, 0.0, 0.0, 0.0, 1.0],
                [0.972546, 0.2327, -0.001824, 0.124994, 0.17975, -0.746226, 0.640966, -0.002831, 0.147791, -0.623699, -0.767566, -1.2e-05, 0.0, 0.0, 0.0, 1.0],
                [0.974921, 0.220487, -0.030211, 0.124994, 0.18323, -0.718207, 0.671271, -0.002831, 0.126308, -0.659974, -0.740594, -1.2e-05, 0.0, 0.0, 0.0, 1.0],
                [0.975803, 0.209947, -0.061054, 0.124994, 0.191692, -0.687184, 0.700737, -0.002831, 0.105162, -0.695488, -0.710801, -1.2e-05, 0.0, 0.0, 0.0, 1.0],
                [0.974472, 0.206785, -0.087415, 0.124994, 0.205105, -0.661687, 0.721181, -0.002831, 0.091288, -0.720703, -0.687207, -1.2e-05, 0.0, 0.0, 0.0, 1.0],
                [0.97176, 0.204349, -0.117986, 0.124994, 0.223471, -0.636464, 0.738223, -0.002831, 0.075761, -0.743746, -0.664156, -1.2e-05, 0.0, 0.0, 0.0, 1.0],
                [0.966776, 0.207943, -0.148666, 0.124994, 0.247548, -0.616612, 0.747334, -0.002831, 0.063733, -0.75931, -0.647601, -1.2e-05, 0.0, 0.0, 0.0, 1.0],
                [0.959806, 0.21736, -0.177555, 0.124994, 0.275234, -0.605129, 0.747037, -0.002831, 0.054932, -0.765883, -0.640629, -1.2e-05, 0.0, 0.0, 0.0, 1.0],
                [0.951236, 0.235243, -0.199523, 0.124994, 0.303771, -0.60204, 0.738424, -0.002831, 0.053588, -0.763028, -0.644141, -1.2e-05, 0.0, 0.0, 0.0, 1.0],
                [0.941727, 0.258173, -0.215627, 0.124994, 0.331569, -0.604486, 0.724333, -0.002831, 0.056659, -0.753623, -0.654861, -1.2e-05, 0.0, 0.0, 0.0, 1.0],
                [0.930856, 0.287074, -0.226039, 0.124994, 0.359651, -0.610729, 0.705451, -0.002831, 0.064468, -0.737971, -0.671746, -1.2e-05, 0.0, 0.0, 0.0, 1.0],
                [0.918078, 0.321209, -0.232284, 0.124994, 0.389233, -0.619591, 0.681618, -0.002831, 0.07502, -0.716194, -0.693857, -1.2e-05, 0.0, 0.0, 0.0, 1.0],
                [0.901747, 0.360807, -0.238053, 0.124994, 0.423832, -0.62977, 0.650965, -0.002831, 0.084953, -0.687903, -0.720814, -1.2e-05, 0.0, 0.0, 0.0, 1.0],
                [0.881904, 0.404563, -0.24202, 0.124994, 0.461989, -0.639454, 0.614543, -0.002831, 0.093861, -0.653781, -0.750839, -1.2e-05, 0.0, 0.0, 0.0, 1.0],
                [0.856026, 0.453308, -0.248456, 0.124994, 0.507784, -0.647368, 0.568392, -0.002831, 0.096814, -0.612723, -0.784345, -1.2e-05, 0.0, 0.0, 0.0, 1.0],
                [0.822681, 0.508824, -0.253562, 0.124994, 0.56073, -0.652752, 0.509408, -0.002831, 0.093685, -0.561262, -0.822318, -1.2e-05, 0.0, 0.0, 0.0, 1.0],
                [0.780783, 0.571261, -0.25306, 0.124994, 0.619478, -0.655032, 0.432642, -0.002831, 0.081389, -0.494566, -0.86532, -1.2e-05, 0.0, 0.0, 0.0, 1.0],
                [0.719081, 0.658149, -0.223075, 0.124994, 0.69318, -0.65658, 0.297328, -0.002831, 0.049219, -0.368435, -0.928349, -1.2e-05, 0.0, 0.0, 0.0, 1.0],
                [0.644756, 0.747993, -0.157474, 0.124994, 0.764296, -0.634053, 0.117599, -0.002831, -0.011884, -0.196179, -0.980495, -1.2e-05, 0.0, 0.0, 0.0, 1.0],
                [0.580212, 0.812709, -0.053457, 0.124994, 0.809923, -0.582655, -0.067359, -0.002831, -0.08589, -0.004213, -0.996295, -1.2e-05, 0.0, 0.0, 0.0, 1.0],
                [0.515315, 0.847814, -0.125149, 0.124994, 0.842295, -0.52798, -0.108517, -0.002831, -0.158079, -0.049492, -0.986184, -1.2e-05, 0.0, 0.0, 0.0, 1.0],
                [0.477601, 0.843718, -0.245027, 0.124994, 0.852993, -0.512107, -0.100735, -0.002831, -0.210472, -0.160895, -0.964268, -1.2e-05, 0.0, 0.0, 0.0, 1.0],
                [0.492877, 0.817713, -0.297352, 0.124994, 0.84242, -0.533979, -0.072076, -0.002831, -0.217718, -0.214971, -0.952042, -1.2e-05, 0.0, 0.0, 0.0, 1.0],
                [0.548426, 0.76282, -0.34254, 0.124994, 0.81791, -0.574564, 0.029995, -0.002831, -0.173931, -0.296617, -0.939023, -1.2e-05, 0.0, 0.0, 0.0, 1.0],
                [0.608459, 0.699665, -0.374495, 0.124994, 0.789271, -0.582671, 0.193767, -0.002831, -0.082636, -0.413478, -0.906755, -1.2e-05, 0.0, 0.0, 0.0, 1.0],
                [0.662874, 0.630853, -0.403265, 0.124994, 0.747824, -0.58433, 0.315146, -0.002831, -0.036829, -0.510475, -0.859102, -1.1e-05, 0.0, 0.0, 0.0, 1.0],
                [0.735657, 0.488854, -0.468858, 0.124994, 0.66744, -0.641146, 0.378754, -0.002831, -0.115451, -0.591571, -0.797943, -1.2e-05, 0.0, 0.0, 0.0, 1.0],
                [0.807892, 0.332138, -0.486821, 0.124994, 0.563809, -0.67606, 0.474408, -0.002831, -0.171552, -0.657746, -0.733444, -1.2e-05, 0.0, 0.0, 0.0, 1.0],
                [0.898748, 0.197651, -0.391388, 0.124993, 0.426164, -0.603722, 0.673723, -0.002831, -0.103127, -0.772306, -0.626825, -1.2e-05, 0.0, 0.0, 0.0, 1.0],
                [0.97047, 0.101612, -0.218772, 0.124994, 0.240502, -0.477452, 0.845101, -0.002831, -0.018581, -0.872765, -0.48779, -1.1e-05, 0.0, 0.0, 0.0, 1.0],
                [0.987023, 0.125535, -0.100122, 0.124994, 0.146365, -0.44695, 0.882502, -0.002831, 0.066035, -0.885709, -0.459523, -1.1e-05, 0.0, 0.0, 0.0, 1.0],
                [0.915569, 0.360377, -0.178494, 0.124994, 0.35746, -0.525896, 0.771787, -0.002831, 0.184264, -0.770432, -0.610313, -1.1e-05, 0.0, 0.0, 0.0, 1.0],
                [0.794961, 0.570221, -0.207082, 0.124994, 0.564695, -0.570782, 0.596093, -0.002831, 0.221706, -0.590811, -0.77575, -1.3e-05, 0.0, 0.0, 0.0, 1.0],
                [0.68455, 0.716128, -0.136205, 0.124994, 0.711438, -0.6156, 0.338956, -0.002831, 0.158888, -0.328935, -0.930889, -1.1e-05, 0.0, 0.0, 0.0, 1.0],
                [0.609073, 0.790832, 0.060128, 0.124994, 0.792542, -0.60976, -0.008319, -0.002831, 0.030084, 0.052721, -0.998155, -1.2e-05, 0.0, 0.0, 0.0, 1.0],
                [0.571254, 0.816571, 0.082954, 0.124993, 0.815904, -0.553966, -0.165593, -0.002831, -0.089265, 0.162279, -0.982698, -1.1e-05, 0.0, 0.0, 0.0, 1.0],
                [0.502088, 0.86429, 0.030185, 0.124994, 0.848289, -0.485402, -0.211635, -0.002831, -0.168262, 0.131866, -0.976882, -1.2e-05, 0.0, 0.0, 0.0, 1.0],
                [0.493462, 0.862407, -0.112913, 0.124994, 0.8497, -0.505723, -0.149176, -0.002831, -0.185753, -0.022329, -0.982342, -1.2e-05, 0.0, 0.0, 0.0, 1.0],
                [0.51057, 0.81826, -0.264137, 0.124994, 0.839145, -0.541175, -0.054436, -0.002831, -0.187488, -0.193856, -0.962947, -1.2e-05, 0.0, 0.0, 0.0, 1.0],
                [0.563098, 0.720099, -0.405436, 0.124994, 0.805324, -0.588232, 0.073728, -0.002831, -0.185399, -0.368024, -0.911144, -1.1e-05, 0.0, 0.0, 0.0, 1.0],
                [0.640153, 0.604263, -0.474416, 0.124994, 0.754414, -0.611103, 0.239608, -0.002831, -0.145131, -0.511293, -0.847062, -1.2e-05, 0.0, 0.0, 0.0, 1.0],
                [0.701661, 0.592093, -0.396355, 0.124994, 0.712444, -0.590532, 0.379071, -0.002831, -0.009615, -0.548362, -0.836185, -1.2e-05, 0.0, 0.0, 0.0, 1.0],
                [0.748024, 0.60477, -0.273335, 0.124994, 0.644688, -0.564344, 0.515646, -0.002831, 0.157592, -0.561934, -0.812031, -1.2e-05, 0.0, 0.0, 0.0, 1.0],
                [0.810403, 0.564967, -0.15511, 0.124994, 0.49629, -0.521298, 0.694221, -0.002831, 0.311353, -0.639581, -0.702847, -1.2e-05, 0.0, 0.0, 0.0, 1.0],
                [0.837123, 0.541113, -0.080135, 0.124993, 0.392432, -0.492025, 0.777115, -0.002831, 0.381077, -0.681991, -0.624234, -1.2e-05, 0.0, 0.0, 0.0, 1.0],
                [0.823109, 0.563855, -0.06752, 0.124993, 0.432307, -0.545057, 0.718347, -0.002831, 0.368241, -0.620469, -0.692399, -1.1e-05, 0.0, 0.0, 0.0, 1.0],
                [0.819892, 0.568428, -0.068311, 0.124994, 0.449245, -0.564797, 0.69223, -0.002831, 0.354901, -0.598244, -0.718435, -1.1e-05, 0.0, 0.0, 0.0, 1.0],
                [0.81454, 0.577778, -0.05194, 0.124994, 0.468549, -0.602469, 0.646136, -0.002831, 0.342031, -0.550642, -0.761451, -1.3e-05, 0.0, 0.0, 0.0, 1.0],
                [0.811278, 0.582999, -0.044049, 0.124994, 0.482853, -0.625624, 0.612737, -0.00283, 0.329667, -0.518371, -0.789056, -1.3e-05, 0.0, 0.0, 0.0, 1.0],
                [0.806716, 0.589452, -0.04191, 0.124994, 0.498143, -0.640173, 0.584835, -0.002831, 0.317902, -0.492673, -0.810068, -1.2e-05, 0.0, 0.0, 0.0, 1.0],
                [0.802085, 0.595617, -0.043586, 0.124994, 0.512363, -0.648802, 0.562619, -0.002831, 0.306826, -0.473601, -0.825565, -1.2e-05, 0.0, 0.0, 0.0, 1.0],
                [0.796675, 0.602143, -0.052274, 0.124994, 0.528359, -0.651826, 0.544021, -0.002831, 0.293505, -0.461028, -0.83744, -1.2e-05, 0.0, 0.0, 0.0, 1.0],
                [0.791756, 0.607466, -0.064096, 0.124994, 0.542372, -0.650862, 0.531236, -0.00283, 0.280989, -0.455374, -0.844795, -1.2e-05, 0.0, 0.0, 0.0, 1.0],
                [0.78629, 0.612563, -0.080715, 0.124994, 0.557523, -0.647122, 0.520001, -0.00283, 0.266301, -0.453873, -0.850342, -1.2e-05, 0.0, 0.0, 0.0, 1.0],
                [0.780905, 0.616698, -0.09935, 0.124994, 0.571297, -0.6408, 0.51283, -0.002831, 0.252597, -0.457231, -0.852721, -1.1e-05, 0.0, 0.0, 0.0, 1.0],
                [0.774976, 0.62091, -0.117826, 0.124994, 0.585028, -0.634286, 0.505393, -0.002831, 0.239068, -0.460601, -0.854805, -1.2e-05, 0.0, 0.0, 0.0, 1.0],
                [0.76799, 0.626034, -0.135174, 0.124994, 0.598552, -0.626478, 0.49926, -0.002831, 0.22787, -0.464337, -0.855842, -1.2e-05, 0.0, 0.0, 0.0, 1.0],
                [0.760751, 0.631415, -0.15024, 0.124993, 0.612242, -0.621289, 0.489039, -0.002831, 0.215444, -0.464021, -0.859224, -1.2e-05, 0.0, 0.0, 0.0, 1.0],
                [0.753245, 0.63778, -0.160805, 0.124993, 0.624122, -0.615899, 0.480771, -0.002831, 0.207586, -0.462502, -0.861974, -1.2e-05, 0.0, 0.0, 0.0, 1.0],
                [0.745242, 0.64473, -0.170107, 0.124994, 0.635524, -0.609586, 0.473828, -0.002831, 0.201796, -0.461225, -0.86403, -1.1e-05, 0.0, 0.0, 0.0, 1.0],
                [0.736089, 0.65331, -0.177084, 0.124994, 0.647038, -0.602298, 0.467524, -0.002831, 0.198781, -0.45872, -0.86606, -1.3e-05, 0.0, 0.0, 0.0, 1.0],
                [0.727088, 0.662071, -0.181671, 0.124994, 0.656679, -0.593474, 0.465361, -0.002831, 0.200285, -0.457659, -0.866275, -1.2e-05, 0.0, 0.0, 0.0, 1.0],
                [0.720657, 0.669084, -0.181601, 0.124994, 0.661722, -0.585684, 0.468079, -0.002831, 0.206823, -0.457496, -0.864824, -1.3e-05, 0.0, 0.0, 0.0, 1.0],
                [0.714215, 0.67611, -0.181033, 0.124994, 0.666519, -0.57803, 0.47078, -0.00283, 0.213656, -0.456901, -0.863476, -1.2e-05, 0.0, 0.0, 0.0, 1.0],
                [0.705783, 0.686174, -0.176171, 0.124994, 0.672465, -0.570685, 0.471284, -0.002831, 0.222845, -0.451095, -0.864206, -1.3e-05, 0.0, 0.0, 0.0, 1.0],
                [0.697447, 0.696017, -0.17067, 0.124995, 0.677981, -0.563684, 0.471806, -0.002831, 0.232181, -0.444772, -0.865025, -1.2e-05, 0.0, 0.0, 0.0, 1.0],
                [0.688657, 0.706162, -0.164584, 0.124994, 0.684136, -0.557603, 0.470145, -0.002831, 0.240226, -0.436367, -0.867107, -1.2e-05, 0.0, 0.0, 0.0, 1.0],
                [0.679073, 0.71632, -0.160455, 0.124993, 0.690273, -0.548745, 0.471595, -0.002831, 0.249764, -0.431006, -0.867093, -1.2e-05, 0.0, 0.0, 0.0, 1.0],
                [0.672808, 0.723842, -0.152914, 0.124994, 0.692626, -0.543654, 0.474034, -0.002831, 0.259993, -0.424847, -0.867125, -1.2e-05, 0.0, 0.0, 0.0, 1.0],
                [0.672821, 0.726362, -0.140398, 0.124993, 0.688418, -0.545216, 0.47835, -0.002831, 0.270908, -0.418498, -0.866872, -1.2e-05, 0.0, 0.0, 0.0, 1.0],
                [0.683415, 0.720721, -0.116214, 0.124995, 0.671993, -0.558862, 0.485899, -0.00283, 0.285249, -0.410167, -0.866253, -1.2e-05, 0.0, 0.0, 0.0, 1.0],
                [0.707145, 0.703004, -0.075701, 0.124994, 0.640247, -0.591204, 0.49047, -0.002831, 0.300047, -0.395302, -0.868163, -1.2e-05, 0.0, 0.0, 0.0, 1.0],
                [0.738663, 0.673668, -0.023427, 0.124993, 0.597619, -0.638411, 0.485059, -0.002831, 0.311812, -0.372296, -0.874167, -1.2e-05, 0.0, 0.0, 0.0, 1.0],
                [0.772432, 0.634079, 0.03595, 0.124993, 0.545773, -0.691677, 0.472985, -0.002831, 0.324775, -0.34573, -0.880335, -1.3e-05, 0.0, 0.0, 0.0, 1.0],
                [0.802716, 0.589099, 0.092781, 0.124994, 0.491509, -0.741637, 0.456501, -0.002831, 0.337734, -0.320839, -0.88487, -1.2e-05, 0.0, 0.0, 0.0, 1.0],
                [0.826626, 0.544902, 0.140609, 0.124993, 0.438554, -0.780336, 0.44581, -0.002831, 0.352645, -0.306854, -0.884014, -1.3e-05, 0.0, 0.0, 0.0, 1.0],
                [0.842423, 0.510985, 0.170933, 0.124994, 0.396512, -0.802714, 0.445454, -0.002831, 0.36483, -0.307484, -0.878835, -1.3e-05, 0.0, 0.0, 0.0, 1.0],
                [0.852794, 0.485811, 0.191649, 0.124994, 0.364354, -0.816365, 0.448101, -0.002831, 0.374147, -0.312311, -0.873198, -1.1e-05, 0.0, 0.0, 0.0, 1.0],
                [0.861876, 0.460506, 0.212376, 0.124994, 0.33396, -0.830571, 0.445672, -0.00283, 0.381628, -0.31319, -0.869638, -1.1e-05, 0.0, 0.0, 0.0, 1.0],
                [0.868582, 0.436573, 0.234452, 0.124994, 0.308503, -0.846646, 0.433612, -0.002831, 0.3878, -0.304299, -0.870064, -1.1e-05, 0.0, 0.0, 0.0, 1.0],
                [0.871616, 0.419303, 0.253906, 0.124994, 0.289629, -0.858423, 0.423351, -0.002831, 0.39547, -0.295462, -0.869657, -1.2e-05, 0.0, 0.0, 0.0, 1.0],
                [0.873698, 0.414679, 0.254346, 0.124994, 0.279931, -0.856173, 0.434291, -0.002831, 0.397855, -0.308241, -0.864117, -1.3e-05, 0.0, 0.0, 0.0, 1.0],
                [0.874104, 0.413934, 0.254164, 0.124993, 0.267553, -0.847023, 0.459313, -0.002831, 0.405408, -0.333486, -0.851134, -1.1e-05, 0.0, 0.0, 0.0, 1.0],
                [0.874659, 0.415149, 0.250244, 0.124993, 0.256991, -0.834868, 0.486777, -0.002831, 0.411004, -0.361455, -0.836913, -1.2e-05, 0.0, 0.0, 0.0, 1.0],
                [0.874951, 0.417487, 0.245283, 0.124993, 0.248327, -0.821763, 0.512875, -0.002831, 0.415683, -0.387831, -0.822674, -1.2e-05, 0.0, 0.0, 0.0, 1.0],
                [0.865137, 0.460336, 0.199067, 0.124994, 0.295917, -0.788987, 0.538455, -0.00283, 0.40493, -0.406931, -0.818802, -1.3e-05, 0.0, 0.0, 0.0, 1.0],
                [0.855275, 0.502054, 0.128243, 0.124993, 0.360247, -0.754005, 0.549271, -0.002831, 0.37246, -0.42358, -0.825743, -1.3e-05, 0.0, 0.0, 0.0, 1.0],
                [0.865747, 0.494562, 0.076744, 0.124994, 0.395108, -0.76951, 0.50174, -0.002831, 0.307197, -0.404059, -0.861606, -1.1e-05, 0.0, 0.0, 0.0, 1.0],
                [0.879956, 0.472503, 0.049173, 0.124994, 0.407224, -0.803564, 0.434112, -0.002831, 0.244633, -0.361975, -0.899515, -1.2e-05, 0.0, 0.0, 0.0, 1.0],
                [0.891629, 0.444548, 0.08587, 0.124994, 0.387663, -0.84755, 0.36246, -0.002831, 0.23391, -0.289892, -0.928034, -1.1e-05, 0.0, 0.0, 0.0, 1.0],
                [0.898593, 0.424384, 0.111475, 0.124994, 0.369674, -0.869088, 0.328676, -0.002831, 0.236366, -0.254137, -0.93784, -1.2e-05, 0.0, 0.0, 0.0, 1.0],
                [0.903758, 0.415447, 0.103074, 0.124994, 0.362735, -0.87118, 0.330863, -0.002831, 0.227251, -0.261632, -0.938032, -1.2e-05, 0.0, 0.0, 0.0, 1.0],
                [0.908844, 0.407162, 0.090672, 0.124993, 0.35613, -0.870555, 0.339568, -0.002831, 0.217193, -0.276324, -0.9362, -1.2e-05, 0.0, 0.0, 0.0, 1.0],
                [0.913133, 0.400599, 0.07555, 0.124995, 0.351316, -0.867306, 0.352646, -0.002831, 0.206794, -0.295472, -0.932701, -1.2e-05, 0.0, 0.0, 0.0, 1.0],
                [0.917043, 0.394428, 0.0588, 0.124994, 0.347055, -0.86199, 0.369496, -0.002831, 0.196424, -0.318438, -0.927369, -1e-05, 0.0, 0.0, 0.0, 1.0],
