{
    "animation": [
        {
            "name": "Root",
            "time": [0.0, 0.0333, 0.0667, 0.1, 0.1333, 0.1667, 0.2, 0.2333, 0.2667, 0.3, 0.3333, 0.3667, 0.4, 0.4333, 0.4667, 0.5, 0.5333, 0.5667, 0.6, 0.6333, 0.6667, 0.7, 0.7333, 0.7667, 0.8, 0.8333, 0.8667, 0.9, 0.9333, 0.9667, 1.0, 1.0333, 1.0667, 1.1, 1.1333, 1.1667, 1.2, 1.2333, 1.2667, 1.3, 1.3333, 1.3667, 1.4, 1.4333, 1.4667, 1.5, 1.5333, 1.5667, 1.6, 1.6333, 1.6667, 1.7, 1.7333, 1.7667, 1.8, 1.8333, 1.8667, 1.9, 1.9333, 1.9667, 2.0, 2.0333, 2.0667, 2.1, 2.1333, 2.1667, 2.2, 2.2333, 2.2667, 2.3, 2.3333, 2.3667, 2.4, 2.4333, 2.4667, 2.5, 2.5333, 2.5667, 2.6, 2.6333, 2.6667, 2.7, 2.7333, 2.7667, 2.8, 2.8333, 2.8667, 2.9, 2.9333, 2.9667, 3.0, 3.0333, 3.0667, 3.1, 3.1333, 3.1667, 3.2, 3.2333, 3.2667, 3.3, 3.3333],
            "transform": [
                [0.808902, 0.000604, -0.587943, 0.001467, -0.587944, 0.001858, -0.808899, 0.005379, 0.000604, 0.999998, 0.001858, 0.575881, 0.0, 0.0, 0.0, 1.0],
                [0.815757, 0.000593, -0.578394, 0.010098, -0.578395, 0.001862, -0.815755, 0.010123, 0.000593, 0.999998, 0.001862, 0.615635, 0.0, 0.0, 0.0, 1.0],
                [0.822501, 0.000582, -0.568764, 0.018703, -0.568765, 0.001866, -0.822497, 0.043633, 0.000583, 0.999998, 0.001866, 0.637969, 0.0, 0.0, 0.0, 1.0],
                [0.829132, 0.000571, -0.559053, 0.027259, -0.559055, 0.001869, -0.829128, 0.128193, 0.000571, 0.999998, 0.001869, 0.629006, 0.0, 0.0, 0.0, 1.0],
                [0.835648, 0.00056, -0.549266, 0.035765, -0.549267, 0.001872, -0.835644, 0.225263, 0.00056, 0.999998, 0.001872, 0.61211, 0.0, 0.0, 0.0, 1.0],
                [0.842048, 0.000549, -0.539403, 0.044205, -0.539404, 0.001875, -0.842045, 0.329882, 0.000549, 0.999998, 0.001875, 0.590473, 0.0, 0.0, 0.0, 1.0],
                [0.848332, 0.000538, -0.529466, 0.052569, -0.529467, 0.001879, -0.848328, 0.437102, 0.000538, 0.999998, 0.001879, 0.569339, 0.0, 0.0, 0.0, 1.0],
                [0.854496, 0.000527, -0.519458, 0.059773, -0.519458, 0.001882, -0.854493, 0.541959, 0.000527, 0.999998, 0.001882, 0.549208, 0.0, 0.0, 0.0, 1.0],
                [0.851188, 0.000533, -0.524861, 0.052553, -0.524862, 0.00188, -0.851185, 0.65579, 0.000533, 0.999998, 0.00188, 0.536339, 0.0, 0.0, 0.0, 1.0],
                [0.834229, 0.000562, -0.551419, 0.024981, -0.551419, 0.001871, -0.834226, 0.785767, 0.000563, 0.999998, 0.001871, 0.535302, 0.0, 0.0, 0.0, 1.0],
                [0.788467, 0.000635, -0.615077, -0.004307, -0.615077, 0.001848, -0.788465, 0.927912, 0.000635, 0.999998, 0.001848, 0.527067, 0.0, 0.0, 0.0, 1.0],
                [0.711419, 0.000742, -0.702767, -0.03032, -0.702769, 0.001807, -0.711416, 1.066747, 0.000742, 0.999998, 0.001808, 0.516825, 0.0, 0.0, 0.0, 1.0],
                [0.551759, 0.000925, -0.834003, -0.046202, -0.834003, 0.001721, -0.551757, 1.183766, 0.000925, 0.999998, 0.001721, 0.50601, 0.0, 0.0, 0.0, 1.0],
                [0.367178, 0.001099, -0.930149, -0.05913, -0.930151, 0.001616, -0.367176, 1.289979, 0.001099, 0.999998, 0.001616, 0.490343, 0.0, 0.0, 0.0, 1.0],
                [0.24341, 0.001202, -0.969922, -0.070084, -0.969924, 0.001541, -0.243407, 1.410278, 0.001202, 0.999998, 0.001541, 0.473648, 0.0, 0.0, 0.0, 1.0],
                [0.181631, 0.00125, -0.983365, -0.074319, -0.983366, 0.001502, -0.181629, 1.546005, 0.00125, 0.999998, 0.001502, 0.46632, 0.0, 0.0, 0.0, 1.0],
                [0.150869, 0.001273, -0.988552, -0.071018, -0.988553, 0.001482, -0.150867, 1.677871, 0.001273, 0.999998, 0.001482, 0.474939, 0.0, 0.0, 0.0, 1.0],
                [0.147443, 0.001276, -0.989069, -0.057822, -0.98907, 0.00148, -0.147441, 1.804019, 0.001276, 0.999998, 0.00148, 0.483559, 0.0, 0.0, 0.0, 1.0],
                [0.10074, 0.00131, -0.994911, -0.044613, -0.994913, 0.00145, -0.100738, 1.949673, 0.00131, 0.999998, 0.00145, 0.48031, 0.0, 0.0, 0.0, 1.0],
                [0.158399, 0.001268, -0.987374, -0.043006, -0.987375, 0.001487, -0.158397, 2.108771, 0.001267, 0.999998, 0.001487, 0.464695, 0.0, 0.0, 0.0, 1.0],
                [0.522628, 0.000955, -0.85256, -0.077494, -0.852561, 0.001705, -0.522625, 2.301502, 0.000955, 0.999998, 0.001705, 0.421201, 0.0, 0.0, 0.0, 1.0],
                [0.879531, 0.000479, -0.475841, -0.118598, -0.475842, 0.001894, -0.879528, 2.485939, 0.00048, 0.999998, 0.001894, 0.370241, 0.0, 0.0, 0.0, 1.0],
                [0.987819, 0.000152, -0.15561, -0.139586, -0.15561, 0.001948, -0.987816, 2.613967, 0.000153, 0.999998, 0.001948, 0.330945, 0.0, 0.0, 0.0, 1.0],
                [0.994992, -9.8e-05, 0.099955, -0.156424, 0.099955, 0.001951, -0.994989, 2.724688, -9.8e-05, 0.999998, 0.001951, 0.291649, 0.0, 0.0, 0.0, 1.0],
                [0.995177, -9.6e-05, 0.0981, -0.17449, 0.0981, 0.001952, -0.995174, 2.899276, -9.6e-05, 0.999998, 0.001952, 0.298856, 0.0, 0.0, 0.0, 1.0],
                [0.987677, -0.000153, 0.156507, -0.183537, 0.156507, 0.001948, -0.987674, 3.058583, -0.000153, 0.999998, 0.001948, 0.306062, 0.0, 0.0, 0.0, 1.0],
                [0.934872, -0.000353, 0.354985, -0.173865, 0.354986, 0.001922, -0.934869, 3.204044, -0.000353, 0.999998, 0.001922, 0.310215, 0.0, 0.0, 0.0, 1.0],
                [0.816145, -0.000592, 0.577847, -0.157502, 0.577848, 0.001862, -0.816142, 3.356127, -0.000592, 0.999998, 0.001862, 0.314366, 0.0, 0.0, 0.0, 1.0],
                [0.653378, -0.000814, 0.757031, -0.141463, 0.757033, 0.001776, -0.653375, 3.497535, -0.000813, 0.999998, 0.001777, 0.318518, 0.0, 0.0, 0.0, 1.0],
                [0.501702, -0.000976, 0.86504, -0.12615, 0.865041, 0.001693, -0.501699, 3.610974, -0.000975, 0.999998, 0.001693, 0.320156, 0.0, 0.0, 0.0, 1.0],
                [0.420971, -0.001051, 0.907073, -0.116986, 0.907074, 0.001647, -0.420968, 3.679171, -0.001051, 0.999998, 0.001647, 0.321794, 0.0, 0.0, 0.0, 1.0],
                [0.397766, -0.001072, 0.917485, -0.112737, 0.917487, 0.001634, -0.397763, 3.717243, -0.001072, 0.999998, 0.001634, 0.320908, 0.0, 0.0, 0.0, 1.0],
                [0.381535, -0.001087, 0.924353, -0.108705, 0.924354, 0.001624, -0.381533, 3.751989, -0.001086, 0.999998, 0.001624, 0.319985, 0.0, 0.0, 0.0, 1.0],
                [0.3711, -0.001096, 0.928591, -0.104886, 0.928593, 0.001618, -0.371098, 3.78362, -0.001096, 0.999998, 0.001618, 0.319019, 0.0, 0.0, 0.0, 1.0],
                [0.365869, -0.0011, 0.930665, -0.101273, 0.930666, 0.001615, -0.365867, 3.812354, -0.0011, 0.999998, 0.001615, 0.318002, 0.0, 0.0, 0.0, 1.0],
                [0.366524, -0.0011, 0.930407, -0.097862, 0.930408, 0.001615, -0.366521, 3.838406, -0.0011, 0.999998, 0.001615, 0.316927, 0.0, 0.0, 0.0, 1.0],
                [0.3711, -0.001096, 0.928592, -0.094647, 0.928593, 0.001618, -0.371098, 3.861992, -0.001096, 0.999998, 0.001618, 0.315786, 0.0, 0.0, 0.0, 1.0],
                [0.381541, -0.001087, 0.92435, -0.091622, 0.924352, 0.001624, -0.381539, 3.883328, -0.001086, 0.999998, 0.001624, 0.314574, 0.0, 0.0, 0.0, 1.0],
                [0.391933, -0.001077, 0.919992, -0.088783, 0.919994, 0.00163, -0.391931, 3.902626, -0.001077, 0.999998, 0.00163, 0.313298, 0.0, 0.0, 0.0, 1.0],
                [0.407796, -0.001063, 0.913072, -0.086124, 0.913073, 0.001639, -0.407794, 3.920109, -0.001063, 0.999998, 0.001639, 0.311968, 0.0, 0.0, 0.0, 1.0],
                [0.423536, -0.001049, 0.905878, -0.083641, 0.905879, 0.001648, -0.423534, 3.935983, -0.001049, 0.999998, 0.001649, 0.310592, 0.0, 0.0, 0.0, 1.0],
                [0.443039, -0.001031, 0.896501, -0.081325, 0.896503, 0.00166, -0.443036, 3.950472, -0.001031, 0.999998, 0.00166, 0.309179, 0.0, 0.0, 0.0, 1.0],
                [0.462333, -0.001013, 0.886705, -0.079104, 0.886707, 0.001671, -0.46233, 3.963788, -0.001013, 0.999998, 0.001671, 0.307739, 0.0, 0.0, 0.0, 1.0],
                [0.482817, -0.000994, 0.87572, -0.076891, 0.875721, 0.001683, -0.482815, 3.976219, -0.000994, 0.999998, 0.001683, 0.306272, 0.0, 0.0, 0.0, 1.0],
                [0.502794, -0.000974, 0.864405, -0.074729, 0.864406, 0.001694, -0.502792, 3.987762, -0.000974, 0.999998, 0.001694, 0.304814, 0.0, 0.0, 0.0, 1.0],
                [0.522627, -0.000955, 0.85256, -0.072578, 0.852561, 0.001705, -0.522625, 3.998854, -0.000954, 0.999998, 0.001705, 0.30395, 0.0, 0.0, 0.0, 1.0],
                [0.540314, -0.000937, 0.841463, -0.070454, 0.841463, 0.001715, -0.540312, 4.009634, -0.000937, 0.999998, 0.001715, 0.30309, 0.0, 0.0, 0.0, 1.0],
                [0.557765, -0.000919, 0.829998, -0.068356, 0.829999, 0.001724, -0.557762, 4.02032, -0.000919, 0.999998, 0.001725, 0.302226, 0.0, 0.0, 0.0, 1.0],
                [0.57151, -0.000905, 0.820594, -0.06629, 0.820595, 0.001732, -0.571508, 4.031127, -0.000904, 0.999998, 0.001732, 0.301353, 0.0, 0.0, 0.0, 1.0],
                [0.585097, -0.00089, 0.810962, -0.064252, 0.810963, 0.00174, -0.585095, 4.042273, -0.00089, 0.999998, 0.00174, 0.300465, 0.0, 0.0, 0.0, 1.0],
                [0.594487, -0.00088, 0.804105, -0.062248, 0.804105, 0.001744, -0.594484, 4.053967, -0.00088, 0.999998, 0.001745, 0.299555, 0.0, 0.0, 0.0, 1.0],
                [0.601494, -0.000872, 0.798877, -0.060277, 0.798878, 0.001748, -0.601491, 4.065071, -0.000872, 0.999998, 0.001748, 0.298618, 0.0, 0.0, 0.0, 1.0],
                [0.608454, -0.000865, 0.793589, -0.058339, 0.79359, 0.001752, -0.608451, 4.074407, -0.000864, 0.999998, 0.001752, 0.297648, 0.0, 0.0, 0.0, 1.0],
                [0.613529, -0.000859, 0.789671, -0.056433, 0.789672, 0.001755, -0.613527, 4.08214, -0.000859, 0.999998, 0.001755, 0.296644, 0.0, 0.0, 0.0, 1.0],
                [0.61858, -0.000854, 0.785721, -0.054555, 0.785722, 0.001758, -0.618577, 4.088437, -0.000853, 0.999998, 0.001758, 0.295631, 0.0, 0.0, 0.0, 1.0],
                [0.623606, -0.000848, 0.781738, -0.052696, 0.781739, 0.001761, -0.623603, 4.093467, -0.000848, 0.999998, 0.001761, 0.29464, 0.0, 0.0, 0.0, 1.0],
                [0.628606, -0.000842, 0.777723, -0.050848, 0.777724, 0.001763, -0.628603, 4.097393, -0.000842, 0.999998, 0.001763, 0.293701, 0.0, 0.0, 0.0, 1.0],
                [0.63358, -0.000837, 0.773676, -0.049005, 0.773677, 0.001766, -0.633577, 4.100386, -0.000836, 0.999998, 0.001766, 0.292846, 0.0, 0.0, 0.0, 1.0],
                [0.638528, -0.000831, 0.769598, -0.04716, 0.769599, 0.001769, -0.638525, 4.102611, -0.000831, 0.999998, 0.001769, 0.292104, 0.0, 0.0, 0.0, 1.0],
                [0.64345, -0.000825, 0.765487, -0.045305, 0.765489, 0.001771, -0.643447, 4.104234, -0.000825, 0.999998, 0.001771, 0.29175, 0.0, 0.0, 0.0, 1.0],
                [0.648345, -0.000819, 0.761346, -0.043434, 0.761348, 0.001774, -0.648341, 4.105423, -0.000819, 0.999998, 0.001774, 0.292029, 0.0, 0.0, 0.0, 1.0],
                [0.655056, -0.000812, 0.75558, -0.041536, 0.755581, 0.001777, -0.655053, 4.106348, -0.000811, 0.999998, 0.001778, 0.292933, 0.0, 0.0, 0.0, 1.0],
                [0.661716, -0.000804, 0.749754, -0.039608, 0.749755, 0.001781, -0.661713, 4.10717, -0.000804, 0.999998, 0.001781, 0.294453, 0.0, 0.0, 0.0, 1.0],
                [0.670275, -0.000793, 0.742112, -0.037638, 0.742113, 0.001786, -0.670272, 4.108061, -0.000793, 0.999998, 0.001786, 0.296931, 0.0, 0.0, 0.0, 1.0],
                [0.678746, -0.000783, 0.734373, -0.035624, 0.734374, 0.00179, -0.678742, 4.109184, -0.000783, 0.999998, 0.00179, 0.300521, 0.0, 0.0, 0.0, 1.0],
                [0.689599, -0.00077, 0.724191, -0.033521, 0.724192, 0.001796, -0.689596, 4.110711, -0.00077, 0.999998, 0.001796, 0.304937, 0.0, 0.0, 0.0, 1.0],
                [0.7003, -0.000757, 0.713848, -0.031152, 0.71385, 0.001801, -0.700296, 4.112802, -0.000756, 0.999998, 0.001802, 0.309893, 0.0, 0.0, 0.0, 1.0],
                [0.712756, -0.000741, 0.701412, -0.028304, 0.701413, 0.001808, -0.712753, 4.115117, -0.000741, 0.999998, 0.001808, 0.317997, 0.0, 0.0, 0.0, 1.0],
                [0.724992, -0.000725, 0.688757, -0.025113, 0.688758, 0.001815, -0.724989, 4.117186, -0.000725, 0.999998, 0.001815, 0.327196, 0.0, 0.0, 0.0, 1.0],
                [0.738117, -0.000707, 0.674673, -0.021867, 0.674673, 0.001822, -0.738114, 4.119003, -0.000707, 0.999998, 0.001822, 0.33972, 0.0, 0.0, 0.0, 1.0],
                [0.750969, -0.00069, 0.660338, -0.018583, 0.660338, 0.001828, -0.750966, 4.120551, -0.000689, 0.999998, 0.001828, 0.352877, 0.0, 0.0, 0.0, 1.0],
                [0.766211, -0.000668, 0.642589, -0.015258, 0.64259, 0.001836, -0.766208, 4.12183, -0.000668, 0.999998, 0.001836, 0.367478, 0.0, 0.0, 0.0, 1.0],
                [0.780853, -0.000647, 0.624715, -0.011973, 0.624715, 0.001844, -0.78085, 4.122811, -0.000647, 0.999998, 0.001844, 0.382906, 0.0, 0.0, 0.0, 1.0],
                [0.798374, -0.000621, 0.602161, -0.008681, 0.602161, 0.001853, -0.798372, 4.123499, -0.00062, 0.999998, 0.001853, 0.398681, 0.0, 0.0, 0.0, 1.0],
                [0.815245, -0.000594, 0.579116, -0.005426, 0.579117, 0.001861, -0.815242, 4.123877, -0.000594, 0.999998, 0.001861, 0.414547, 0.0, 0.0, 0.0, 1.0],
                [0.834229, -0.000562, 0.551418, -0.00222, 0.551419, 0.001871, -0.834225, 4.123937, -0.000563, 0.999998, 0.001871, 0.430498, 0.0, 0.0, 0.0, 1.0],
                [0.854496, -0.000527, 0.519458, 0.000648, 0.519458, 0.001881, -0.854493, 4.12367, -0.000527, 0.999998, 0.001881, 0.446529, 0.0, 0.0, 0.0, 1.0],
                [0.875681, -0.000487, 0.482891, 0.002907, 0.482892, 0.001892, -0.875677, 4.123062, -0.000487, 0.999998, 0.001892, 0.462632, 0.0, 0.0, 0.0, 1.0],
                [0.897341, -0.000443, 0.441338, 0.00455, 0.441339, 0.001903, -0.897338, 4.122102, -0.000443, 0.999998, 0.001903, 0.477813, 0.0, 0.0, 0.0, 1.0],
                [0.919597, -0.000392, 0.392862, 0.005573, 0.392862, 0.001914, -0.919595, 4.120346, -0.000392, 0.999998, 0.001914, 0.492844, 0.0, 0.0, 0.0, 1.0],
                [0.941573, -0.000334, 0.336811, 0.005707, 0.336811, 0.001925, -0.94157, 4.117495, -0.000334, 0.999998, 0.001925, 0.507724, 0.0, 0.0, 0.0, 1.0],
                [0.961455, -0.000271, 0.274962, 0.004846, 0.274963, 0.001935, -0.961452, 4.113776, -0.000271, 0.999998, 0.001935, 0.522452, 0.0, 0.0, 0.0, 1.0],
                [0.978182, -0.000204, 0.20775, 0.003559, 0.20775, 0.001943, -0.97818, 4.109408, -0.000204, 0.999998, 0.001943, 0.537031, 0.0, 0.0, 0.0, 1.0],
                [0.990744, -0.000133, 0.135742, 0.002248, 0.135742, 0.001949, -0.990742, 4.104621, -0.000133, 0.999998, 0.00195, 0.551458, 0.0, 0.0, 0.0, 1.0],
                [0.998326, -5.7e-05, 0.057843, 0.000927, 0.057844, 0.001955, -0.998323, 4.099636, -5.7e-05, 0.999998, 0.001955, 0.565735, 0.0, 0.0, 0.0, 1.0],
                [0.999793, 2e-05, -0.020409, -0.0004, -0.02041, 0.001954, -0.999789, 4.094673, 2e-05, 0.999998, 0.001954, 0.579861, 0.0, 0.0, 0.0, 1.0],
                [0.995171, 9.6e-05, -0.098155, -0.001734, -0.098155, 0.001953, -0.995169, 4.089932, 9.6e-05, 0.999998, 0.001953, 0.591896, 0.0, 0.0, 0.0, 1.0],
                [0.984683, 0.000171, -0.174358, -0.003041, -0.174358, 0.001946, -0.98468, 4.085247, 0.000171, 0.999998, 0.001946, 0.603782, 0.0, 0.0, 0.0, 1.0],
                [0.968792, 0.000244, -0.247879, -0.004337, -0.247879, 0.00194, -0.968788, 4.080216, 0.000244, 0.999998, 0.00194, 0.612028, 0.0, 0.0, 0.0, 1.0],
                [0.947419, 0.000317, -0.319997, -0.005605, -0.319997, 0.001928, -0.947416, 4.07498, 0.000317, 0.999998, 0.001928, 0.618756, 0.0, 0.0, 0.0, 1.0],
                [0.922503, 0.000384, -0.385991, -0.006839, -0.385991, 0.001916, -0.9225, 4.06966, 0.000385, 0.999998, 0.001916, 0.623969, 0.0, 0.0, 0.0, 1.0],
                [0.894815, 0.000448, -0.446438, -0.007459, -0.446439, 0.001902, -0.894812, 4.064361, 0.000448, 0.999998, 0.001902, 0.624386, 0.0, 0.0, 0.0, 1.0],
                [0.865849, 0.000506, -0.500306, -0.007218, -0.500307, 0.001887, -0.865845, 4.059202, 0.000506, 0.999998, 0.001887, 0.620133, 0.0, 0.0, 0.0, 1.0],
                [0.837246, 0.000557, -0.546826, -0.005826, -0.546827, 0.001873, -0.837243, 4.054306, 0.000558, 0.999998, 0.001873, 0.614799, 0.0, 0.0, 0.0, 1.0],
                [0.815245, 0.000594, -0.579116, -0.002686, -0.579116, 0.001862, -0.815242, 4.049861, 0.000594, 0.999998, 0.001861, 0.608632, 0.0, 0.0, 0.0, 1.0],
                [0.803864, 0.000612, -0.594813, 0.004592, -0.594813, 0.001856, -0.803861, 4.045836, 0.000612, 0.999998, 0.001856, 0.602035, 0.0, 0.0, 0.0, 1.0],
                [0.800633, 0.000617, -0.599155, 0.011648, -0.599155, 0.001854, -0.80063, 4.042, 0.000617, 0.999998, 0.001854, 0.595244, 0.0, 0.0, 0.0, 1.0],
                [0.803715, 0.000612, -0.595015, 0.018276, -0.595016, 0.001856, -0.803711, 4.03813, 0.000612, 0.999998, 0.001856, 0.588257, 0.0, 0.0, 0.0, 1.0],
                [0.806775, 0.000607, -0.590859, 0.024348, -0.59086, 0.001857, -0.806772, 4.034222, 0.000607, 0.999998, 0.001857, 0.584132, 0.0, 0.0, 0.0, 1.0],
                [0.809813, 0.000602, -0.586688, 0.030002, -0.586689, 0.001859, -0.80981, 4.030379, 0.000603, 0.999998, 0.001859, 0.580007, 0.0, 0.0, 0.0, 1.0],
                [0.808902, 0.000604, -0.587943, 0.035452, -0.587944, 0.001858, -0.808899, 4.026535, 0.000604, 0.999998, 0.001858, 0.575881, 0.0, 0.0, 0.0, 1.0]
            ]
        },
        {
            "name": "Thigh_R",
            "time": [0.0, 0.0333, 0.0667, 0.1, 0.1333, 0.1667, 0.2, 0.2333, 0.2667, 0.3, 0.3333, 0.3667, 0.4, 0.4333, 0.4667, 0.5, 0.5333, 0.5667, 0.6, 0.6333, 0.6667, 0.7, 0.7333, 0.7667, 0.8, 0.8333, 0.8667, 0.9, 0.9333, 0.9667, 1.0, 1.0333, 1.0667, 1.1, 1.1333, 1.1667, 1.2, 1.2333, 1.2667, 1.3, 1.3333, 1.3667, 1.4, 1.4333, 1.4667, 1.5, 1.5333, 1.5667, 1.6, 1.6333, 1.6667, 1.7, 1.7333, 1.7667, 1.8, 1.8333, 1.8667, 1.9, 1.9333, 1.9667, 2.0, 2.0333, 2.0667, 2.1, 2.1333, 2.1667, 2.2, 2.2333, 2.2667, 2.3, 2.3333, 2.3667, 2.4, 2.4333, 2.4667, 2.5, 2.5333, 2.5667, 2.6, 2.6333, 2.6667, 2.7, 2.7333, 2.7667, 2.8, 2.8333, 2.8667, 2.9, 2.9333, 2.9667, 3.0, 3.0333, 3.0667, 3.1, 3.1333, 3.1667, 3.2, 3.2333, 3.2667, 3.3, 3.3333],
            "transform": [
                [0.936409, 0.348183, -0.043668, 0.124994, 0.325002, -0.813599, 0.482109, -0.00283, 0.132334, -0.465643, -0.875022, -1.2e-05, 0.0, 0.0, 0.0, 1.0],
                [0.943031, 0.332575, 0.009269, 0.124994, 0.300665, -0.863814, 0.40426, -0.002831, 0.142453, -0.378442, -0.914597, -1.2e-05, 0.0, 0.0, 0.0, 1.0],
                [0.941018, 0.333628, 0.056364, 0.124994, 0.301915, -0.90314, 0.305262, -0.00283, 0.152749, -0.270239, -0.950599, -1.2e-05, 0.0, 0.0, 0.0, 1.0],
                [0.924301, 0.370252, 0.092632, 0.124994, 0.34749, -0.916759, 0.196983, -0.002831, 0.157854, -0.149883, -0.976021, -1.2e-05, 0.0, 0.0, 0.0, 1.0],
                [0.903258, 0.408494, 0.131364, 0.124994, 0.401834, -0.912638, 0.074965, -0.00283, 0.150511, -0.014926, -0.988496, -1.2e-05, 0.0, 0.0, 0.0, 1.0],
                [0.877009, 0.468382, 0.107116, 0.124994, 0.46783, -0.883245, 0.031807, -0.00283, 0.109507, 0.022217, -0.993738, -1.2e-05, 0.0, 0.0, 0.0, 1.0],
                [0.891989, 0.446111, -0.073073, 0.124994, 0.450077, -0.861291, 0.235815, -0.00283, 0.042262, -0.243233, -0.969047, -1.2e-05, 0.0, 0.0, 0.0, 1.0],
                [0.931082, 0.288224, -0.223636, 0.124994, 0.363792, -0.779339, 0.510181, -0.00283, -0.027242, -0.556377, -0.830483, -1.2e-05, 0.0, 0.0, 0.0, 1.0],
                [0.977539, 0.055173, -0.203407, 0.124994, 0.186549, -0.675617, 0.713261, -0.00283, -0.098073, -0.735185, -0.670734, -1.2e-05, 0.0, 0.0, 0.0, 1.0],
                [0.981455, -0.150993, -0.118098, 0.124994, 0.016031, -0.549274, 0.835488, -0.002831, -0.191021, -0.821887, -0.536667, -1.2e-05, 0.0, 0.0, 0.0, 1.0],
                [0.961331, -0.270325, -0.052601, 0.124994, -0.101112, -0.524121, 0.84562, -0.002831, -0.256162, -0.807602, -0.531187, -1.2e-05, 0.0, 0.0, 0.0, 1.0],
                [0.958704, -0.283336, -0.024655, 0.124994, -0.135047, -0.529808, 0.837296, -0.00283, -0.250299, -0.799389, -0.546193, -1.2e-05, 0.0, 0.0, 0.0, 1.0],
                [0.970666, -0.234909, -0.051245, 0.124994, -0.091372, -0.557549, 0.825099, -0.00283, -0.222395, -0.796213, -0.562658, -1.2e-05, 0.0, 0.0, 0.0, 1.0],
                [0.97197, -0.230149, -0.048028, 0.124994, -0.098472, -0.584013, 0.805749, -0.00283, -0.213491, -0.778434, -0.590306, -1.2e-05, 0.0, 0.0, 0.0, 1.0],
                [0.98081, -0.135712, -0.139983, 0.124994, 0.033473, -0.590104, 0.806632, -0.002831, -0.192074, -0.795839, -0.574237, -1.2e-05, 0.0, 0.0, 0.0, 1.0],
                [0.963696, -0.009881, -0.266817, 0.124994, 0.203354, -0.620414, 0.757451, -0.002831, -0.173021, -0.784212, -0.595881, -1.2e-05, 0.0, 0.0, 0.0, 1.0],
                [0.94904, 0.152054, -0.276052, 0.124994, 0.303875, -0.673775, 0.673562, -0.002831, -0.083579, -0.723122, -0.685645, -1.2e-05, 0.0, 0.0, 0.0, 1.0],
                [0.913622, 0.282399, -0.292484, 0.124994, 0.404296, -0.706969, 0.580292, -0.002831, -0.042904, -0.648417, -0.760074, -1.2e-05, 0.0, 0.0, 0.0, 1.0],
                [0.854115, 0.413682, -0.315209, 0.124994, 0.51964, -0.703886, 0.48427, -0.002831, -0.021538, -0.577417, -0.816165, -1.2e-05, 0.0, 0.0, 0.0, 1.0],
                [0.774814, 0.57132, -0.27066, 0.124994, 0.632175, -0.697174, 0.338086, -0.002831, 0.004458, -0.433058, -0.901355, -1.2e-05, 0.0, 0.0, 0.0, 1.0],
                [0.697967, 0.715573, -0.028229, 0.124994, 0.715853, -0.696051, 0.055379, -0.002831, 0.019978, -0.05886, -0.998066, -1.2e-05, 0.0, 0.0, 0.0, 1.0],
                [0.694694, 0.589998, 0.411463, 0.124994, 0.712502, -0.642911, -0.281079, -0.002831, 0.098698, 0.488433, -0.867001, -1.2e-05, 0.0, 0.0, 0.0, 1.0],
                [0.766523, 0.418451, 0.487178, 0.124994, 0.629794, -0.638279, -0.442673, -0.002831, 0.125719, 0.64614, -0.752793, -1.2e-05, 0.0, 0.0, 0.0, 1.0],
                [0.910637, 0.347725, 0.223221, 0.124994, 0.408121, -0.841394, -0.354248, -0.002831, 0.064636, 0.413692, -0.908119, -1.2e-05, 0.0, 0.0, 0.0, 1.0],
                [0.932298, 0.3574, -0.055562, 0.124994, 0.346324, -0.926389, -0.14786, -0.002831, -0.104318, 0.118607, -0.987446, -1.2e-05, 0.0, 0.0, 0.0, 1.0],
                [0.920942, 0.305959, -0.241364, 0.124994, 0.336203, -0.936978, 0.095066, -0.00283, -0.197067, -0.168697, -0.965766, -1.2e-05, 0.0, 0.0, 0.0, 1.0],
                [0.948996, 0.238504, -0.206209, 0.124994, 0.300065, -0.883995, 0.358486, -0.00283, -0.096788, -0.402077, -0.910475, -1.1e-05, 0.0, 0.0, 0.0, 1.0],
                [0.971214, 0.191131, -0.142167, 0.124994, 0.238059, -0.757693, 0.607641, -0.002831, 0.00842, -0.623994, -0.781383, -1.2e-05, 0.0, 0.0, 0.0, 1.0],
                [0.944601, 0.240678, -0.22317, 0.124994, 0.321843, -0.545765, 0.773664, -0.002831, 0.064405, -0.802629, -0.592991, -1.2e-05, 0.0, 0.0, 0.0, 1.0],
                [0.817369, 0.431333, -0.381915, 0.124994, 0.536084, -0.326641, 0.778408, -0.00283, 0.211005, -0.840985, -0.498217, -1.2e-05, 0.0, 0.0, 0.0, 1.0],
                [0.697317, 0.641702, -0.319323, 0.124993, 0.608109, -0.293829, 0.737474, -0.002831, 0.379413, -0.708435, -0.595117, -1.2e-05, 0.0, 0.0, 0.0, 1.0],
                [0.711046, 0.631261, -0.309715, 0.124994, 0.593838, -0.30325, 0.745248, -0.002831, 0.376525, -0.713826, -0.590492, -1.2e-05, 0.0, 0.0, 0.0, 1.0],
                [0.724497, 0.620593, -0.299948, 0.124995, 0.579342, -0.312487, 0.752804, -0.00283, 0.373456, -0.719176, -0.585931, -1.2e-05, 0.0, 0.0, 0.0, 1.0],
                [0.73965, 0.60766, -0.289253, 0.124994, 0.561595, -0.320459, 0.762834, -0.002831, 0.370851, -0.726672, -0.578287, -1.2e-05, 0.0, 0.0, 0.0, 1.0],
                [0.754402, 0.594513, -0.278267, 0.124994, 0.543547, -0.328108, 0.772594, -0.002831, 0.368016, -0.734097, -0.57067, -1.2e-05, 0.0, 0.0, 0.0, 1.0],
                [0.770356, 0.579037, -0.266961, 0.124994, 0.523288, -0.334922, 0.783579, -0.002831, 0.364311, -0.743332, -0.561012, -1.2e-05, 0.0, 0.0, 0.0, 1.0],
                [0.783704, 0.56382, -0.260605, 0.124994, 0.505919, -0.336018, 0.794441, -0.00283, 0.360355, -0.754451, -0.548586, -1.2e-05, 0.0, 0.0, 0.0, 1.0],
                [0.798543, 0.547506, -0.250134, 0.124995, 0.485127, -0.339375, 0.805901, -0.002831, 0.356347, -0.764892, -0.536615, -1.2e-05, 0.0, 0.0, 0.0, 1.0],
                [0.810617, 0.53221, -0.244241, 0.124994, 0.467824, -0.337727, 0.81675, -0.002831, 0.352196, -0.776333, -0.522747, -1.2e-05, 0.0, 0.0, 0.0, 1.0],
                [0.823986, 0.515454, -0.235274, 0.124993, 0.447777, -0.337948, 0.827819, -0.002831, 0.347193, -0.787462, -0.509273, -1.2e-05, 0.0, 0.0, 0.0, 1.0],
                [0.835425, 0.499387, -0.229517, 0.124994, 0.430178, -0.334229, 0.838592, -0.002831, 0.342071, -0.799313, -0.494049, -1.2e-05, 0.0, 0.0, 0.0, 1.0],
                [0.846457, 0.483402, -0.223234, 0.124995, 0.412385, -0.329964, 0.849154, -0.002831, 0.336824, -0.81083, -0.478648, -1.2e-05, 0.0, 0.0, 0.0, 1.0],
                [0.856268, 0.468318, -0.217908, 0.124994, 0.396083, -0.324522, 0.858955, -0.002831, 0.331548, -0.821805, -0.46337, -1.2e-05, 0.0, 0.0, 0.0, 1.0],
                [0.865781, 0.453263, -0.212074, 0.124994, 0.379536, -0.318547, 0.868608, -0.002831, 0.326153, -0.832514, -0.447822, -1.2e-05, 0.0, 0.0, 0.0, 1.0],
                [0.874821, 0.438536, -0.205851, 0.124994, 0.363064, -0.312162, 0.877917, -0.00283, 0.32074, -0.842757, -0.432303, -1.2e-05, 0.0, 0.0, 0.0, 1.0],
                [0.883315, 0.424848, -0.198141, 0.124993, 0.346696, -0.307552, 0.886122, -0.00283, 0.315529, -0.851419, -0.418959, -1.2e-05, 0.0, 0.0, 0.0, 1.0],
                [0.891465, 0.411304, -0.190053, 0.124995, 0.330203, -0.302538, 0.894112, -0.00283, 0.310253, -0.859825, -0.405515, -1.2e-05, 0.0, 0.0, 0.0, 1.0],
                [0.899199, 0.398783, -0.180039, 0.124995, 0.313943, -0.301422, 0.900324, -0.002831, 0.304767, -0.866092, -0.396233, -1.2e-05, 0.0, 0.0, 0.0, 1.0],
                [0.906602, 0.386325, -0.169781, 0.124994, 0.297567, -0.299992, 0.906343, -0.002831, 0.299211, -0.872214, -0.386931, -1.2e-05, 0.0, 0.0, 0.0, 1.0],
                [0.913268, 0.375362, -0.158258, 0.124994, 0.281823, -0.301673, 0.910806, -0.002831, 0.29414, -0.876411, -0.381294, -1.2e-05, 0.0, 0.0, 0.0, 1.0],
                [0.919713, 0.365164, -0.144164, 0.124995, 0.265336, -0.307521, 0.913798, -0.002831, 0.289353, -0.878684, -0.379722, -1.2e-05, 0.0, 0.0, 0.0, 1.0],
                [0.925842, 0.354842, -0.130021, 0.124994, 0.248739, -0.313158, 0.916548, -0.002831, 0.284513, -0.880919, -0.378198, -1.1e-05, 0.0, 0.0, 0.0, 1.0],
                [0.929726, 0.34844, -0.119162, 0.124994, 0.236209, -0.316018, 0.918878, -0.00283, 0.282516, -0.882452, -0.376115, -1.2e-05, 0.0, 0.0, 0.0, 1.0],
                [0.933453, 0.341965, -0.108294, 0.124993, 0.223639, -0.318772, 0.921069, -0.002831, 0.280453, -0.883992, -0.374035, -1.2e-05, 0.0, 0.0, 0.0, 1.0],
                [0.935978, 0.337849, -0.099008, 0.124994, 0.213388, -0.320734, 0.922818, -0.002831, 0.280019, -0.884865, -0.372293, -1.1e-05, 0.0, 0.0, 0.0, 1.0],
                [0.938405, 0.333687, -0.089719, 0.124994, 0.203115, -0.322641, 0.924471, -0.00283, 0.279537, -0.885751, -0.370545, -1.1e-05, 0.0, 0.0, 0.0, 1.0],
                [0.939313, 0.332828, -0.083173, 0.124995, 0.195859, -0.321217, 0.92653, -0.00283, 0.281658, -0.886592, -0.366911, -1.2e-05, 0.0, 0.0, 0.0, 1.0],
                [0.940181, 0.331945, -0.07663, 0.124994, 0.188584, -0.319778, 0.928535, -0.00283, 0.283718, -0.887442, -0.363249, -1.1e-05, 0.0, 0.0, 0.0, 1.0],
                [0.941011, 0.33104, -0.07009, 0.124994, 0.181291, -0.318325, 0.930485, -0.002831, 0.285717, -0.888302, -0.359562, -1.2e-05, 0.0, 0.0, 0.0, 1.0],
                [0.9418, 0.330112, -0.063553, 0.124994, 0.17398, -0.316856, 0.93238, -0.002831, 0.287652, -0.889173, -0.355848, -1.1e-05, 0.0, 0.0, 0.0, 1.0],
                [0.941963, 0.330799, -0.057258, 0.124994, 0.167168, -0.314264, 0.934501, -0.00283, 0.291138, -0.889837, -0.351324, -1.2e-05, 0.0, 0.0, 0.0, 1.0],
                [0.942094, 0.331452, -0.050969, 0.124993, 0.160322, -0.311665, 0.936569, -0.002831, 0.294543, -0.890508, -0.346757, -1.2e-05, 0.0, 0.0, 0.0, 1.0],
                [0.942527, 0.331345, -0.043077, 0.124994, 0.152412, -0.311607, 0.937907, -0.002831, 0.297348, -0.890567, -0.344199, -1.2e-05, 0.0, 0.0, 0.0, 1.0],
                [0.942912, 0.331177, -0.035189, 0.124994, 0.144472, -0.311539, 0.939186, -0.00283, 0.300074, -0.890654, -0.3416, -1.2e-05, 0.0, 0.0, 0.0, 1.0],
                [0.943748, 0.329765, -0.024394, 0.124994, 0.133887, -0.313629, 0.940059, -0.00283, 0.302348, -0.890444, -0.340138, -1.2e-05, 0.0, 0.0, 0.0, 1.0],
                [0.944499, 0.328232, -0.013613, 0.124994, 0.123268, -0.315687, 0.940822, -0.00283, 0.304511, -0.890283, -0.338627, -1.2e-05, 0.0, 0.0, 0.0, 1.0],
                [0.945771, 0.324833, -0.001079, 0.124994, 0.111926, -0.322757, 0.93984, -0.002831, 0.304944, -0.888994, -0.341612, -1.2e-05, 0.0, 0.0, 0.0, 1.0],
                [0.946933, 0.321229, 0.011414, 0.124994, 0.10055, -0.329758, 0.938695, -0.002831, 0.3053, -0.887734, -0.344558, -1.2e-05, 0.0, 0.0, 0.0, 1.0],
                [0.948297, 0.316147, 0.028013, 0.124994, 0.086191, -0.341463, 0.935934, -0.002831, 0.305459, -0.885128, -0.351058, -1.2e-05, 0.0, 0.0, 0.0, 1.0],
                [0.949492, 0.310619, 0.044502, 0.124994, 0.071769, -0.353028, 0.932855, -0.00283, 0.305473, -0.882545, -0.35749, -1.1e-05, 0.0, 0.0, 0.0, 1.0],
                [0.950718, 0.30403, 0.060832, 0.124994, 0.058307, -0.368004, 0.927994, -0.00283, 0.304525, -0.878713, -0.367596, -1.2e-05, 0.0, 0.0, 0.0, 1.0],
                [0.951818, 0.29682, 0.077075, 0.124995, 0.044678, -0.382871, 0.92272, -0.002831, 0.303392, -0.874818, -0.377685, -1.2e-05, 0.0, 0.0, 0.0, 1.0],
                [0.953787, 0.285689, 0.093128, 0.124994, 0.030709, -0.400977, 0.915572, -0.002831, 0.298911, -0.870401, -0.39122, -1.2e-05, 0.0, 0.0, 0.0, 1.0],
                [0.955403, 0.275176, 0.107163, 0.124994, 0.018676, -0.418462, 0.908041, -0.00283, 0.294716, -0.865543, -0.404939, -1.2e-05, 0.0, 0.0, 0.0, 1.0],
                [0.957915, 0.259967, 0.12172, 0.124994, 0.00451, -0.437614, 0.899151, -0.002831, 0.287016, -0.860762, -0.42037, -1.2e-05, 0.0, 0.0, 0.0, 1.0],
                [0.960472, 0.24526, 0.131685, 0.124994, -0.005478, -0.456303, 0.889807, -0.00283, 0.278323, -0.855356, -0.436923, -1.2e-05, 0.0, 0.0, 0.0, 1.0],
                [0.963763, 0.225791, 0.142054, 0.124994, -0.01809, -0.475972, 0.879274, -0.002831, 0.266146, -0.849982, -0.45464, -1.1e-05, 0.0, 0.0, 0.0, 1.0],
                [0.967562, 0.204364, 0.148522, 0.124994, -0.02911, -0.493793, 0.869091, -0.00283, 0.25095, -0.845224, -0.471827, -1.2e-05, 0.0, 0.0, 0.0, 1.0],
                [0.971831, 0.180888, 0.15108, 0.124993, -0.038747, -0.509686, 0.859486, -0.002831, 0.232474, -0.841129, -0.488321, -1.1e-05, 0.0, 0.0, 0.0, 1.0],
                [0.977755, 0.151324, 0.145241, 0.124994, -0.045081, -0.524656, 0.850119, -0.00283, 0.204845, -0.837757, -0.506164, -1.1e-05, 0.0, 0.0, 0.0, 1.0],
                [0.985421, 0.109741, 0.130013, 0.124994, -0.050628, -0.54041, 0.839877, -0.00283, 0.162429, -0.834214, -0.526976, -1.2e-05, 0.0, 0.0, 0.0, 1.0],
                [0.992764, 0.061898, 0.102898, 0.124994, -0.051381, -0.555529, 0.829907, -0.00283, 0.108533, -0.82919, -0.548329, -1.2e-05, 0.0, 0.0, 0.0, 1.0],
                [0.997616, 0.007545, 0.068606, 0.124994, -0.051964, -0.572085, 0.818546, -0.002831, 0.045425, -0.820159, -0.570329, -1e-05, 0.0, 0.0, 0.0, 1.0],
                [0.998508, -0.048049, 0.025988, 0.124994, -0.049343, -0.589211, 0.80647, -0.00283, -0.023437, -0.806548, -0.590703, -1.3e-05, 0.0, 0.0, 0.0, 1.0],
                [0.994366, -0.103686, -0.02205, 0.124994, -0.045826, -0.608032, 0.792589, -0.00283, -0.095587, -0.787113, -0.609357, -1.2e-05, 0.0, 0.0, 0.0, 1.0],
                [0.984757, -0.157162, -0.074518, 0.124994, -0.040981, -0.626018, 0.77873, -0.002831, -0.169037, -0.763806, -0.622917, -1.2e-05, 0.0, 0.0, 0.0, 1.0],
                [0.9702, -0.205888, -0.127758, 0.124994, -0.036782, -0.646292, 0.762203, -0.002831, -0.239498, -0.73479, -0.634605, -1.2e-05, 0.0, 0.0, 0.0, 1.0],
                [0.95257, -0.246424, -0.178569, 0.124994, -0.031705, -0.663945, 0.747108, -0.002831, -0.302666, -0.706011, -0.640267, -1.1e-05, 0.0, 0.0, 0.0, 1.0],
                [0.933078, -0.278536, -0.227562, 0.124994, -0.025491, -0.682306, 0.730621, -0.00283, -0.358772, -0.675925, -0.643745, -1.2e-05, 0.0, 0.0, 0.0, 1.0],
                [0.953789, -0.215773, -0.209113, 0.124994, -0.019417, -0.738742, 0.673708, -0.002831, -0.299849, -0.638515, -0.708794, -1.1e-05, 0.0, 0.0, 0.0, 1.0],
                [0.972417, -0.135338, -0.189971, 0.124994, 0.011471, -0.78572, 0.618475, -0.00283, -0.232968, -0.603594, -0.762495, -1.2e-05, 0.0, 0.0, 0.0, 1.0],
                [0.984488, -0.046949, -0.16905, 0.124994, 0.058465, -0.820675, 0.568396, -0.00283, -0.16542, -0.569463, -0.8052, -1.2e-05, 0.0, 0.0, 0.0, 1.0],
                [0.987867, 0.043972, -0.148941, 0.124994, 0.117008, -0.841352, 0.52767, -0.002831, -0.102109, -0.538695, -0.83629, -1.3e-05, 0.0, 0.0, 0.0, 1.0],
                [0.982226, 0.137719, -0.127535, 0.124994, 0.183341, -0.84954, 0.494638, -0.002831, -0.040226, -0.509228, -0.859691, -1.2e-05, 0.0, 0.0, 0.0, 1.0],
                [0.967892, 0.230521, -0.100221, 0.124994, 0.250448, -0.850373, 0.462754, -0.002831, 0.021449, -0.472997, -0.880803, -1.1e-05, 0.0, 0.0, 0.0, 1.0],
                [0.94814, 0.309519, -0.072306, 0.124994, 0.309024, -0.844392, 0.437614, -0.002831, 0.074395, -0.437264, -0.896251, -1.2e-05, 0.0, 0.0, 0.0, 1.0],
                [0.931595, 0.360114, -0.049499, 0.124994, 0.346038, -0.836882, 0.42413, -0.002831, 0.11131, -0.412245, -0.904248, -1.2e-05, 0.0, 0.0, 0.0, 1.0],
                [0.933351, 0.356927, -0.038188, 0.124995, 0.334633, -0.826646, 0.452412, -0.00283, 0.12991, -0.435037, -0.890991, -1.2e-05, 0.0, 0.0, 0.0, 1.0],
                [0.934259, 0.354681, -0.03689, 0.124994, 0.330247, -0.821561, 0.464729, -0.00283, 0.134523, -0.44636, -0.884684, -1.2e-05, 0.0, 0.0, 0.0, 1.0],
                [0.935143, 0.351855, -0.041296, 0.124994, 0.328744, -0.818399, 0.471328, -0.00283, 0.132042, -0.454335, -0.88099, -1.2e-05, 0.0, 0.0, 0.0, 1.0],
                [0.936409, 0.348183, -0.043668, 0.124994, 0.325002, -0.813599, 0.482109, -0.002831, 0.132333, -0.465643, -0.875022, -1.1e-05, 0.0, 0.0, 0.0, 1.0]
            ]
        },
        {
            "name": "Leg_R",
            "time": [0.0, 0.0333, 0.0667, 0.1, 0.1333, 0.1667, 0.2, 0.2333, 0.2667, 0.3, 0.3333, 0.3667, 0.4, 0.4333, 0.4667, 0.5, 0.5333, 0.5667, 0.6, 0.6333, 0.6667, 0.7, 0.7333, 0.7667, 0.8, 0.8333, 0.8667, 0.9, 0.9333, 0.9667, 1.0, 1.0333, 1.0667, 1.1, 1.1333, 1.1667, 1.2, 1.2333, 1.2667, 1.3, 1.3333, 1.3667, 1.4, 1.4333, 1.4667, 1.5, 1.5333, 1.5667, 1.6, 1.6333, 1.6667, 1.7, 1.7333, 1.7667, 1.8, 1.8333, 1.8667, 1.9, 1.9333, 1.9667, 2.0, 2.0333, 2.0667, 2.1, 2.1333, 2.1667, 2.2, 2.2333, 2.2667, 2.3, 2.3333, 2.3667, 2.4, 2.4333, 2.4667, 2.5, 2.5333, 2.5667, 2.6, 2.6333, 2.6667, 2.7, 2.7333, 2.7667, 2.8, 2.8333, 2.8667, 2.9, 2.9333, 2.9667, 3.0, 3.0333, 3.0667, 3.1, 3.1333, 3.1667, 3.2, 3.2333, 3.2667, 3.3, 3.3333],
            "transform": [
                [1.0, -0.00188, 0.000537, 0.0, 0.000535, 0.527551, 0.849523, 0.37472, -0.00188, -0.849519, 0.527552, -0.0, 0.0, 0.0, 0.0, 1.0],
                [1.0, -0.001829, 0.00069, 0.0, 0.000688, 0.659767, 0.751469, 0.37472, -0.00183, -0.751466, 0.659768, 0.0, 0.0, 0.0, 0.0, 1.0],
                [1.0, -0.001772, 0.000826, 0.0, 0.000825, 0.765623, 0.643288, 0.37472, -0.001772, -0.643285, 0.765624, 0.0, 0.0, 0.0, 0.0, 1.0],
                [1.0, -0.001736, 0.000899, 0.0, 0.000896, 0.815605, 0.578606, 0.37472, -0.001737, -0.578603, 0.815607, -0.0, 0.0, 0.0, 0.0, 1.0],
                [1.0, -0.001692, 0.00098, 0.0, 0.000978, 0.866827, 0.498605, 0.37472, -0.001693, -0.498601, 0.86683, 0.0, 0.0, 0.0, 0.0, 1.0],
                [1.0, -0.001721, 0.000927, -0.0, 0.000924, 0.834002, 0.551759, 0.37472, -0.001722, -0.551756, 0.834003, 0.0, 0.0, 0.0, 0.0, 1.0],
                [1.0, -0.001891, 0.000496, -0.0, 0.000494, 0.489893, 0.871782, 0.37472, -0.001891, -0.871779, 0.489894, -0.0, 0.0, 0.0, 0.0, 1.0],
                [1.0, -0.001954, 8.6e-05, -0.0, 8.3e-05, 0.085997, 0.996296, 0.37472, -0.001954, -0.996291, 0.085997, 0.0, 0.0, 0.0, 0.0, 1.0],
                [1.0, -0.001955, -3.6e-05, -0.0, -3.8e-05, -0.037738, 0.999287, 0.37472, -0.001955, -0.999284, -0.037739, -0.0, 0.0, 0.0, 0.0, 1.0],
                [1.0, -0.001953, 9.2e-05, -0.0, 9.1e-05, 0.093454, 0.995624, 0.37472, -0.001953, -0.995621, 0.093454, 0.0, 0.0, 0.0, 0.0, 1.0],
                [1.0, -0.00192, 0.000369, 0.0, 0.000366, 0.369032, 0.929417, 0.37472, -0.001921, -0.929413, 0.369032, -0.0, 0.0, 0.0, 0.0, 1.0],
                [1.000001, -0.001932, 0.000298, 0.0, 0.000297, 0.300522, 0.953775, 0.37472, -0.001933, -0.953771, 0.300523, -0.0, 0.0, 0.0, 0.0, 1.0],
                [1.0, -0.001945, 0.0002, -0.0, 0.000198, 0.202523, 0.979278, 0.37472, -0.001945, -0.979274, 0.202523, -0.0, 0.0, 0.0, 0.0, 1.0],
                [1.0, -0.001953, 0.000105, -0.0, 0.000105, 0.107355, 0.994221, 0.37472, -0.001953, -0.994218, 0.107355, 0.0, 0.0, 0.0, 0.0, 1.0],
                [1.0, -0.001955, 2.3e-05, 0.0, 2.2e-05, 0.023308, 0.999728, 0.37472, -0.001955, -0.999725, 0.023308, 0.0, 0.0, 0.0, 0.0, 1.0],
                [1.0, -0.001955, 3.2e-05, -0.0, 3.1e-05, 0.031979, 0.999488, 0.37472, -0.001955, -0.999485, 0.031979, -0.0, 0.0, 0.0, 0.0, 1.0],
                [1.0, -0.001951, 0.00013, 0.0, 0.000129, 0.132104, 0.991236, 0.37472, -0.001951, -0.991232, 0.132105, 0.0, 0.0, 0.0, 0.0, 1.0],
                [1.0, -0.00194, 0.000244, 0.0, 0.000243, 0.247248, 0.968952, 0.37472, -0.00194, -0.968949, 0.247248, -0.0, 0.0, 0.0, 0.0, 1.0],
                [1.0, -0.001915, 0.000392, 0.0, 0.000391, 0.3921, 0.919922, 0.37472, -0.001916, -0.919918, 0.392101, 0.0, 0.0, 0.0, 0.0, 1.0],
                [1.0, -0.001858, 0.000608, -0.0, 0.000608, 0.591072, 0.806618, 0.37472, -0.001858, -0.806615, 0.591073, -0.0, 0.0, 0.0, 0.0, 1.0],
                [1.0, -0.001776, 0.000818, 0.0, 0.000816, 0.759432, 0.650584, 0.37472, -0.001776, -0.650581, 0.759434, -0.0, 0.0, 0.0, 0.0, 1.0],
                [1.0, -0.001585, 0.001144, 0.0, 0.001143, 0.948838, 0.315757, 0.37472, -0.001586, -0.315755, 0.94884, 0.0, 0.0, 0.0, 0.0, 1.0],
                [1.0, -0.001666, 0.001023, 0.0, 0.001021, 0.891261, 0.453485, 0.37472, -0.001667, -0.453483, 0.891263, 0.0, 0.0, 0.0, 0.0, 1.0],
                [1.0, -0.001919, 0.000376, 0.0, 0.000376, 0.377541, 0.925993, 0.37472, -0.001919, -0.92599, 0.377541, 0.0, 0.0, 0.0, 0.0, 1.0],
                [1.0, -0.001955, -3.3e-05, 0.0, -3.3e-05, -0.033901, 0.999425, 0.37472, -0.001955, -0.999422, -0.033901, 0.0, 0.0, 0.0, 0.0, 1.0],
                [1.0, -0.001921, -0.000364, 0.0, -0.000364, -0.365924, 0.930645, 0.37472, -0.001921, -0.930641, -0.365924, -0.0, 0.0, 0.0, 0.0, 1.0],
                [1.0, -0.001864, -0.000592, -0.0, -0.000591, -0.576577, 0.817042, 0.37472, -0.001865, -0.817039, -0.576578, -0.0, 0.0, 0.0, 0.0, 1.0],
                [0.999999, -0.001822, -0.00071, 0.0, -0.00071, -0.67665, 0.736304, 0.37472, -0.001822, -0.736301, -0.67665, -0.0, 0.0, 0.0, 0.0, 1.0],
                [1.0, -0.001824, -0.000706, -1e-06, -0.000706, -0.673307, 0.739361, 0.37472, -0.001824, -0.739358, -0.673308, 0.0, 0.0, 0.0, 0.0, 1.0],
                [0.999999, -0.001898, -0.000471, -0.0, -0.000472, -0.468031, 0.883712, 0.37472, -0.001898, -0.883709, -0.468032, -0.0, 0.0, 0.0, 0.0, 1.0],
                [1.0, -0.001948, 0.000167, -0.0, 0.000166, 0.169913, 0.98546, 0.37472, -0.001948, -0.985455, 0.169913, 0.0, 0.0, 0.0, 0.0, 1.0],
                [1.0, -0.001953, 8.8e-05, 0.0, 8.6e-05, 0.088797, 0.99605, 0.37472, -0.001953, -0.996046, 0.088797, 0.0, 0.0, 0.0, 0.0, 1.0],
                [1.0, -0.001955, 1.9e-05, -0.0, 1.9e-05, 0.019442, 0.999811, 0.374721, -0.001955, -0.999808, 0.019442, 0.0, 0.0, 0.0, 0.0, 1.0],
