{
    "animation": [
        {
            "name": "Root",
            "time": [0.0, 0.0333, 0.0667, 0.1, 0.1333, 0.1667, 0.2, 0.2333, 0.2667, 0.3, 0.3333, 0.3667, 0.4, 0.4333, 0.4667, 0.5, 0.5333, 0.5667, 0.6, 0.6333, 0.6667, 0.7, 0.7333, 0.7667, 0.8, 0.8333, 0.8667, 0.9, 0.9333, 0.9667, 1.0, 1.0333, 1.0667, 1.1, 1.1333, 1.1667, 1.2, 1.2333, 1.2667, 1.3, 1.3333, 1.3667, 1.4, 1.4333, 1.4667, 1.5, 1.5333, 1.5667, 1.6, 1.6333, 1.6667, 1.7, 1.7333, 1.7667, 1.8, 1.8333, 1.8667, 1.9, 1.9333, 1.9667, 2.0, 2.0333, 2.0667, 2.1, 2.1333, 2.1667],
            "transform": [
                [0.808902, 0.000604, -0.587943, 0.000612, -0.587944, 0.001859, -0.8089, 0.005467, 0.000604, 0.999998, 0.001858, 0.600802, 0.0, 0.0, 0.0, 1.0],
                [0.809813, 0.000602, -0.586688, -0.001245, -0.586688, 0.001859, -0.809811, -0.012558, 0.000603, 0.999998, 0.001859, 0.608485, 0.0, 0.0, 0.0, 1.0],
                [0.815695, 0.000593, -0.578482, -0.003203, -0.578482, 0.001862, -0.815693, -0.031971, 0.000593, 0.999998, 0.001862, 0.615998, 0.0, 0.0, 0.0, 1.0],
                [0.818834, 0.000588, -0.57403, -0.00511, -0.57403, 0.001863, -0.818833, -0.05069, 0.000588, 0.999998, 0.001863, 0.623343, 0.0, 0.0, 0.0, 1.0],
                [0.810723, 0.000601, -0.58543, -0.006816, -0.585431, 0.001859, -0.81072, -0.066637, 0.000601, 0.999998, 0.001859, 0.629227, 0.0, 0.0, 0.0, 1.0],
                [0.781809, 0.000645, -0.623517, -0.00817, -0.623517, 0.001844, -0.781808, -0.077732, 0.000645, 0.999998, 0.001844, 0.632359, 0.0, 0.0, 0.0, 1.0],
                [0.731182, 0.000716, -0.682182, -0.009105, -0.682182, 0.001818, -0.73118, -0.084375, 0.000716, 0.999998, 0.001818, 0.63398, 0.0, 0.0, 0.0, 1.0],
                [0.665034, 0.0008, -0.746813, -0.009741, -0.746813, 0.001783, -0.665032, -0.088455, 0.0008, 0.999998, 0.001783, 0.635325, 0.0, 0.0, 0.0, 1.0],
                [0.583919, 0.000891, -0.811812, -0.01021, -0.811811, 0.001739, -0.583917, -0.090129, 0.000891, 0.999998, 0.001739, 0.636396, 0.0, 0.0, 0.0, 1.0],
                [0.49053, 0.000986, -0.871424, -0.010642, -0.871424, 0.001687, -0.490528, -0.089557, 0.000986, 0.999998, 0.001687, 0.637191, 0.0, 0.0, 0.0, 1.0],
                [0.386739, 0.001082, -0.922188, -0.011166, -0.922189, 0.001627, -0.386736, -0.086894, 0.001082, 0.999998, 0.001627, 0.637711, 0.0, 0.0, 0.0, 1.0],
                [0.277722, 0.001174, -0.960661, -0.011913, -0.960661, 0.001562, -0.27772, -0.082296, 0.001174, 0.999998, 0.001562, 0.637956, 0.0, 0.0, 0.0, 1.0],
                [0.168657, 0.00126, -0.985674, -0.01259, -0.985674, 0.001494, -0.168655, -0.079103, 0.00126, 0.999998, 0.001494, 0.635657, 0.0, 0.0, 0.0, 1.0],
                [0.064219, 0.001337, -0.997935, -0.013115, -0.997935, 0.001425, -0.064217, -0.076716, 0.001337, 0.999998, 0.001425, 0.632651, 0.0, 0.0, 0.0, 1.0],
                [-0.029703, 0.001402, -0.999558, -0.013935, -0.999558, 0.001361, 0.029705, -0.069391, 0.001402, 0.999998, 0.001361, 0.628037, 0.0, 0.0, 0.0, 1.0],
                [-0.109682, 0.001456, -0.993966, -0.015499, -0.993966, 0.001304, 0.109684, -0.051384, 0.001455, 0.999998, 0.001304, 0.621527, 0.0, 0.0, 0.0, 1.0],
                [-0.171388, 0.001495, -0.985202, -0.018254, -0.985203, 0.001258, 0.17139, -0.016949, 0.001495, 0.999998, 0.001258, 0.613331, 0.0, 0.0, 0.0, 1.0],
                [-0.158398, 0.001487, -0.987374, -0.019435, -0.987374, 0.001267, 0.158399, 0.048661, 0.001487, 0.999998, 0.001268, 0.588548, 0.0, 0.0, 0.0, 1.0],
                [-0.036609, 0.001407, -0.999329, -0.023148, -0.999329, 0.001356, 0.036611, 0.149295, 0.001407, 0.999998, 0.001356, 0.543124, 0.0, 0.0, 0.0, 1.0],
                [0.162504, 0.001264, -0.986708, -0.040151, -0.986707, 0.00149, -0.162502, 0.274327, 0.001265, 0.999998, 0.00149, 0.489761, 0.0, 0.0, 0.0, 1.0],
                [0.528127, 0.000949, -0.849165, -0.094648, -0.849165, 0.001708, -0.528125, 0.46328, 0.000949, 0.999998, 0.001708, 0.418806, 0.0, 0.0, 0.0, 1.0],
                [0.862641, 0.000512, -0.505817, -0.154469, -0.505817, 0.001886, -0.862638, 0.651416, 0.000512, 0.999998, 0.001886, 0.347851, 0.0, 0.0, 0.0, 1.0],
                [0.977625, 0.000207, -0.210356, -0.177864, -0.210356, 0.001943, -0.977623, 0.741235, 0.000207, 0.999998, 0.001943, 0.304598, 0.0, 0.0, 0.0, 1.0],
                [0.999323, -3.6e-05, 0.03678, -0.191581, 0.03678, 0.001954, -0.999322, 0.80285, -3.6e-05, 0.999998, 0.001954, 0.269261, 0.0, 0.0, 0.0, 1.0],
                [0.997674, -6.7e-05, 0.068164, -0.207234, 0.068164, 0.001953, -0.997672, 0.847596, -6.7e-05, 0.999998, 0.001953, 0.276375, 0.0, 0.0, 0.0, 1.0],
                [0.996214, -8.5e-05, 0.086932, -0.219386, 0.086932, 0.001952, -0.996212, 0.885172, -8.5e-05, 0.999998, 0.001952, 0.282969, 0.0, 0.0, 0.0, 1.0],
                [0.995537, -9.3e-05, 0.094372, -0.227626, 0.094372, 0.001952, -0.995535, 0.91282, -9.2e-05, 0.999998, 0.001952, 0.289007, 0.0, 0.0, 0.0, 1.0],
                [0.994804, -0.0001, 0.101808, -0.236644, 0.101808, 0.001951, -0.994802, 0.940143, -9.9e-05, 0.999998, 0.001951, 0.294848, 0.0, 0.0, 0.0, 1.0],
                [0.994804, -0.0001, 0.101808, -0.243591, 0.101808, 0.001951, -0.994802, 0.964188, -9.9e-05, 0.999998, 0.001951, 0.300557, 0.0, 0.0, 0.0, 1.0],
                [0.995623, -9.2e-05, 0.093455, -0.245629, 0.093455, 0.001952, -0.995622, 0.982, -9.1e-05, 0.999998, 0.001952, 0.306201, 0.0, 0.0, 0.0, 1.0],
                [0.996987, -7.6e-05, 0.077572, -0.239919, 0.077572, 0.001953, -0.996985, 0.990635, -7.6e-05, 0.999998, 0.001953, 0.316107, 0.0, 0.0, 0.0, 1.0],
                [0.998308, -5.7e-05, 0.058145, -0.228011, 0.058145, 0.001953, -0.998307, 0.992469, -5.7e-05, 0.999998, 0.001953, 0.327039, 0.0, 0.0, 0.0, 1.0],
                [0.999251, -3.8e-05, 0.038697, -0.213668, 0.038697, 0.001954, -0.999249, 0.992083, -3.8e-05, 0.999998, 0.001954, 0.338175, 0.0, 0.0, 0.0, 1.0],
                [0.9999, -1.4e-05, 0.01411, -0.197355, 0.01411, 0.001954, -0.999899, 0.989824, -1.4e-05, 0.999998, 0.001954, 0.349516, 0.0, 0.0, 0.0, 1.0],
                [0.999945, 1e-05, -0.010492, -0.179548, -0.010492, 0.001954, -0.999943, 0.986038, 1e-05, 0.999998, 0.001954, 0.362378, 0.0, 0.0, 0.0, 1.0],
                [0.999384, 3.4e-05, -0.035088, -0.160717, -0.035088, 0.001954, -0.999382, 0.981069, 3.4e-05, 0.999998, 0.001954, 0.375163, 0.0, 0.0, 0.0, 1.0],
                [0.998219, 5.8e-05, -0.059656, -0.141334, -0.059656, 0.001953, -0.998217, 0.975262, 5.8e-05, 0.999998, 0.001953, 0.387872, 0.0, 0.0, 0.0, 1.0],
                [0.996393, 8.3e-05, -0.084858, -0.121871, -0.084858, 0.001953, -0.996391, 0.968965, 8.3e-05, 0.999998, 0.001953, 0.400504, 0.0, 0.0, 0.0, 1.0],
                [0.99393, 0.000108, -0.110015, -0.102798, -0.110015, 0.001952, -0.993928, 0.962521, 0.000108, 0.999998, 0.001952, 0.413059, 0.0, 0.0, 0.0, 1.0],
                [0.990832, 0.000132, -0.135101, -0.084586, -0.135101, 0.00195, -0.99083, 0.956276, 0.000132, 0.999998, 0.00195, 0.425538, 0.0, 0.0, 0.0, 1.0],
                [0.987102, 0.000157, -0.160092, -0.067709, -0.160092, 0.001948, -0.9871, 0.950575, 0.000157, 0.999998, 0.001948, 0.43794, 0.0, 0.0, 0.0, 1.0],
                [0.982814, 0.000181, -0.184599, -0.052637, -0.184599, 0.001946, -0.982812, 0.945765, 0.000181, 0.999998, 0.001946, 0.450266, 0.0, 0.0, 0.0, 1.0],
                [0.977916, 0.000205, -0.208998, -0.039841, -0.208998, 0.001944, -0.977914, 0.942191, 0.000205, 0.999998, 0.001944, 0.462514, 0.0, 0.0, 0.0, 1.0],
                [0.972376, 0.00023, -0.233418, -0.029744, -0.233418, 0.001941, -0.972375, 0.940193, 0.00023, 0.999998, 0.001941, 0.473918, 0.0, 0.0, 0.0, 1.0],
                [0.966309, 0.000253, -0.257386, -0.022095, -0.257386, 0.001938, -0.966306, 0.939457, 0.000254, 0.999998, 0.001937, 0.485182, 0.0, 0.0, 0.0, 1.0],
                [0.959688, 0.000277, -0.281069, -0.01593, -0.281069, 0.001935, -0.959685, 0.939359, 0.000278, 0.999998, 0.001935, 0.496515, 0.0, 0.0, 0.0, 1.0],
                [0.952484, 0.000301, -0.304589, -0.011135, -0.304589, 0.001931, -0.952482, 0.939822, 0.000302, 0.999998, 0.001931, 0.507849, 0.0, 0.0, 0.0, 1.0],
                [0.944703, 0.000325, -0.327926, -0.007547, -0.327926, 0.001927, -0.944702, 0.940768, 0.000325, 0.999998, 0.001927, 0.519182, 0.0, 0.0, 0.0, 1.0],
                [0.936355, 0.000349, -0.351056, -0.005006, -0.351056, 0.001923, -0.936352, 0.942116, 0.000349, 0.999998, 0.001923, 0.530516, 0.0, 0.0, 0.0, 1.0],
                [0.92759, 0.000372, -0.373599, -0.003348, -0.373599, 0.001919, -0.927588, 0.943787, 0.000372, 0.999998, 0.001919, 0.541849, 0.0, 0.0, 0.0, 1.0],
                [0.918281, 0.000395, -0.39593, -0.002412, -0.39593, 0.001914, -0.918279, 0.945702, 0.000395, 0.999998, 0.001914, 0.553183, 0.0, 0.0, 0.0, 1.0],
                [0.908433, 0.000418, -0.418029, -0.002036, -0.418029, 0.001909, -0.908432, 0.947776, 0.000418, 0.999998, 0.001909, 0.563302, 0.0, 0.0, 0.0, 1.0],
                [0.898058, 0.000441, -0.439877, -0.002057, -0.439877, 0.001904, -0.898056, 0.949934, 0.000441, 0.999998, 0.001903, 0.573419, 0.0, 0.0, 0.0, 1.0],
                [0.888395, 0.000462, -0.459079, -0.002314, -0.459079, 0.001899, -0.888394, 0.952097, 0.000462, 0.999998, 0.001899, 0.583536, 0.0, 0.0, 0.0, 1.0],
                [0.87832, 0.000482, -0.478073, -0.002644, -0.478074, 0.001894, -0.878318, 0.954183, 0.000482, 0.999998, 0.001894, 0.593651, 0.0, 0.0, 0.0, 1.0],
                [0.867838, 0.000502, -0.496847, -0.002886, -0.496847, 0.001889, -0.867836, 0.95611, 0.000502, 0.999998, 0.001889, 0.601788, 0.0, 0.0, 0.0, 1.0],
                [0.856958, 0.000523, -0.515386, -0.002876, -0.515386, 0.001883, -0.856956, 0.957801, 0.000523, 0.999998, 0.001883, 0.609516, 0.0, 0.0, 0.0, 1.0],
                [0.847039, 0.00054, -0.531531, -0.002456, -0.53153, 0.001878, -0.847037, 0.959178, 0.00054, 0.999998, 0.001878, 0.616835, 0.0, 0.0, 0.0, 1.0],
                [0.836816, 0.000558, -0.547484, -0.001459, -0.547484, 0.001873, -0.836814, 0.960159, 0.000558, 0.999998, 0.001873, 0.623745, 0.0, 0.0, 0.0, 1.0],
                [0.82857, 0.000572, -0.559885, -0.000437, -0.559885, 0.001869, -0.828568, 0.960585, 0.000572, 0.999998, 0.001868, 0.626211, 0.0, 0.0, 0.0, 1.0],
                [0.823953, 0.00058, -0.566658, 5e-05, -0.566658, 0.001866, -0.823951, 0.960462, 0.00058, 0.999998, 0.001866, 0.625571, 0.0, 0.0, 0.0, 1.0],
                [0.819281, 0.000587, -0.573392, 0.000152, -0.573392, 0.001864, -0.819279, 0.95994, 0.000587, 0.999998, 0.001864, 0.622777, 0.0, 0.0, 0.0, 1.0],
                [0.81671, 0.000591, -0.577047, 1.1e-05, -0.577047, 0.001862, -0.816709, 0.959162, 0.000592, 0.999998, 0.001862, 0.616451, 0.0, 0.0, 0.0, 1.0],
                [0.814124, 0.000596, -0.580691, -0.000227, -0.580691, 0.001861, -0.814122, 0.958287, 0.000596, 0.999998, 0.001861, 0.61068, 0.0, 0.0, 0.0, 1.0],
                [0.811521, 0.0006, -0.584323, -0.000417, -0.584323, 0.00186, -0.811519, 0.957463, 0.0006, 0.999998, 0.00186, 0.605463, 0.0, 0.0, 0.0, 1.0],
                [0.808902, 0.000604, -0.587943, -0.000415, -0.587944, 0.001859, -0.8089, 0.956839, 0.000604, 0.999998, 0.001858, 0.600802, 0.0, 0.0, 0.0, 1.0]
            ]
        },
        {
            "name": "Thigh_R",
            "time": [0.0, 0.0333, 0.0667, 0.1, 0.1333, 0.1667, 0.2, 0.2333, 0.2667, 0.3, 0.3333, 0.3667, 0.4, 0.4333, 0.4667, 0.5, 0.5333, 0.5667, 0.6, 0.6333, 0.6667, 0.7, 0.7333, 0.7667, 0.8, 0.8333, 0.8667, 0.9, 0.9333, 0.9667, 1.0, 1.0333, 1.0667, 1.1, 1.1333, 1.1667, 1.2, 1.2333, 1.2667, 1.3, 1.3333, 1.3667, 1.4, 1.4333, 1.4667, 1.5, 1.5333, 1.5667, 1.6, 1.6333, 1.6667, 1.7, 1.7333, 1.7667, 1.8, 1.8333, 1.8667, 1.9, 1.9333, 1.9667, 2.0, 2.0333, 2.0667, 2.1, 2.1333, 2.1667],
            "transform": [
                [0.941844, 0.336057, -0.000447, 0.124994, 0.308715, -0.864677, 0.396262, -0.002831, 0.132781, -0.373353, -0.918137, -1.2e-05, 0.0, 0.0, 0.0, 1.0],
                [0.943807, 0.330097, 0.016361, 0.124994, 0.29662, -0.867837, 0.398588, -0.002831, 0.145772, -0.371335, -0.916984, -1.2e-05, 0.0, 0.0, 0.0, 1.0],
                [0.945392, 0.324234, 0.033322, 0.124994, 0.284642, -0.871079, 0.400247, -0.002831, 0.1588, -0.368904, -0.915801, -1.2e-05, 0.0, 0.0, 0.0, 1.0],
                [0.946595, 0.318467, 0.050394, 0.124994, 0.272819, -0.8744, 0.401238, -0.002831, 0.171846, -0.36606, -0.914587, -1.2e-05, 0.0, 0.0, 0.0, 1.0],
                [0.946929, 0.315371, 0.06221, 0.124994, 0.264078, -0.873557, 0.408849, -0.002831, 0.183283, -0.370721, -0.910479, -1.2e-05, 0.0, 0.0, 0.0, 1.0],
                [0.946541, 0.314901, 0.070013, 0.124994, 0.256767, -0.866823, 0.427417, -0.002831, 0.195283, -0.386589, -0.901339, -1.2e-05, 0.0, 0.0, 0.0, 1.0],
                [0.958874, 0.28047, 0.04361, 0.124994, 0.231003, -0.860386, 0.45428, -0.002831, 0.164934, -0.425521, -0.88979, -1.2e-05, 0.0, 0.0, 0.0, 1.0],
                [0.969407, 0.244734, 0.018935, 0.124994, 0.205636, -0.851805, 0.481809, -0.002831, 0.134044, -0.463173, -0.876072, -1.2e-05, 0.0, 0.0, 0.0, 1.0],
                [0.978262, 0.207353, -0.00324, 0.124994, 0.180678, -0.844527, 0.504111, -0.002831, 0.101793, -0.493736, -0.863633, -1.2e-05, 0.0, 0.0, 0.0, 1.0],
                [0.985767, 0.166618, -0.022463, 0.124994, 0.153478, -0.837269, 0.524808, -0.002831, 0.068634, -0.520784, -0.850925, -1.2e-05, 0.0, 0.0, 0.0, 1.0],
                [0.988513, 0.11364, -0.099662, 0.124994, 0.149587, -0.830136, 0.537118, -0.002831, -0.021695, -0.545853, -0.837599, -1.2e-05, 0.0, 0.0, 0.0, 1.0],
                [0.981701, 0.054286, -0.182536, 0.124994, 0.147285, -0.824045, 0.547042, -0.002831, -0.120722, -0.563914, -0.816961, -1.2e-05, 0.0, 0.0, 0.0, 1.0],
                [0.964063, -0.006422, -0.265599, 0.124994, 0.148401, -0.816195, 0.558392, -0.002831, -0.220367, -0.577739, -0.785911, -1.2e-05, 0.0, 0.0, 0.0, 1.0],
                [0.938015, -0.068991, -0.33966, 0.124994, 0.14748, -0.807396, 0.57128, -0.002831, -0.313655, -0.585961, -0.747175, -1.2e-05, 0.0, 0.0, 0.0, 1.0],
                [0.907424, -0.120777, -0.402488, 0.124994, 0.152753, -0.797477, 0.58369, -0.002831, -0.391473, -0.591134, -0.705202, -1.2e-05, 0.0, 0.0, 0.0, 1.0],
                [0.876441, -0.15436, -0.456098, 0.124994, 0.16901, -0.788338, 0.591572, -0.002831, -0.450875, -0.595562, -0.664843, -1.2e-05, 0.0, 0.0, 0.0, 1.0],
                [0.853553, -0.16097, -0.495519, 0.124994, 0.197083, -0.78065, 0.593079, -0.002831, -0.482296, -0.603881, -0.634601, -1.2e-05, 0.0, 0.0, 0.0, 1.0],
                [0.876123, -0.086943, -0.474183, 0.124994, 0.254929, -0.751276, 0.608765, -0.002831, -0.409171, -0.654235, -0.636046, -1.2e-05, 0.0, 0.0, 0.0, 1.0],
                [0.904464, 0.091923, -0.416529, 0.124994, 0.351018, -0.715208, 0.60437, -0.002831, -0.24235, -0.692839, -0.679146, -1.2e-05, 0.0, 0.0, 0.0, 1.0],
                [0.869691, 0.329928, -0.367134, 0.124994, 0.485769, -0.704053, 0.518013, -0.002831, -0.087575, -0.628852, -0.772577, -1.2e-05, 0.0, 0.0, 0.0, 1.0],
                [0.770286, 0.587923, -0.246995, 0.124994, 0.637692, -0.708014, 0.303424, -0.002831, 0.003514, -0.391229, -0.920286, -1.2e-05, 0.0, 0.0, 0.0, 1.0],
                [0.734149, 0.678805, 0.015801, 0.124994, 0.678648, -0.734316, 0.014699, -0.002831, 0.02158, -6.8e-05, -0.999767, -1.2e-05, 0.0, 0.0, 0.0, 1.0],
                [0.782323, 0.585427, 0.212716, 0.124994, 0.621274, -0.757876, -0.199102, -0.002831, 0.044652, 0.287916, -0.956614, -1.2e-05, 0.0, 0.0, 0.0, 1.0],
                [0.924525, 0.339086, 0.174003, 0.124994, 0.379265, -0.773461, -0.507853, -0.002831, -0.037622, 0.535515, -0.843687, -1.2e-05, 0.0, 0.0, 0.0, 1.0],
                [0.957787, 0.273359, 0.089014, 0.124994, 0.269573, -0.746374, -0.608485, -0.002831, -0.099898, 0.606792, -0.788557, -1.2e-05, 0.0, 0.0, 0.0, 1.0],
                [0.97038, 0.239127, 0.034415, 0.124994, 0.198739, -0.709115, -0.676503, -0.002831, -0.137367, 0.663302, -0.735635, -1.2e-05, 0.0, 0.0, 0.0, 1.0],
                [0.941195, 0.336378, 0.031688, 0.124994, 0.305868, -0.808453, -0.502838, -0.002831, -0.143526, 0.48296, -0.863799, -1.2e-05, 0.0, 0.0, 0.0, 1.0],
                [0.886969, 0.4616, -0.014548, 0.124994, 0.444891, -0.862466, -0.241294, -0.002831, -0.123929, 0.207548, -0.970343, -1.2e-05, 0.0, 0.0, 0.0, 1.0],
                [0.81541, 0.57504, -0.066601, 0.124994, 0.575996, -0.817432, -0.005757, -0.002831, -0.057753, -0.033667, -0.997763, -1.2e-05, 0.0, 0.0, 0.0, 1.0],
                [0.747905, 0.662844, -0.035712, 0.124994, 0.661102, -0.738932, 0.130087, -0.002831, 0.059838, -0.120902, -0.990859, -1.2e-05, 0.0, 0.0, 0.0, 1.0],
                [0.704034, 0.708669, 0.046107, 0.124994, 0.678873, -0.69065, 0.249268, -0.002831, 0.208492, -0.144192, -0.967336, -1.2e-05, 0.0, 0.0, 0.0, 1.0],
                [0.710387, 0.70144, 0.057725, 0.124994, 0.666068, -0.696522, 0.266854, -0.002831, 0.227388, -0.151121, -0.962007, -1.2e-05, 0.0, 0.0, 0.0, 1.0],
                [0.719772, 0.69104, 0.066278, 0.124994, 0.649629, -0.704131, 0.286673, -0.002831, 0.244771, -0.163283, -0.955733, -1.2e-05, 0.0, 0.0, 0.0, 1.0],
                [0.729044, 0.680419, 0.074323, 0.124994, 0.632623, -0.711294, 0.306347, -0.002831, 0.26131, -0.176321, -0.949014, -1.2e-05, 0.0, 0.0, 0.0, 1.0],
                [0.741367, 0.66642, 0.079117, 0.124994, 0.611362, -0.719286, 0.329945, -0.002831, 0.27679, -0.196241, -0.940679, -1.2e-05, 0.0, 0.0, 0.0, 1.0],
                [0.753504, 0.65212, 0.083494, 0.124994, 0.589535, -0.726413, 0.353233, -0.002831, 0.291001, -0.216939, -0.931802, -1.2e-05, 0.0, 0.0, 0.0, 1.0],
                [0.766992, 0.635382, 0.089519, 0.124994, 0.564993, -0.734877, 0.375153, -0.002831, 0.30415, -0.237161, -0.92263, -1.2e-05, 0.0, 0.0, 0.0, 1.0],
                [0.780177, 0.618266, 0.095243, 0.124994, 0.539899, -0.742394, 0.396686, -0.002831, 0.315965, -0.258063, -0.913, -1.2e-05, 0.0, 0.0, 0.0, 1.0],
                [0.793461, 0.599707, 0.103784, 0.124994, 0.514195, -0.751767, 0.412855, -0.002831, 0.325614, -0.274219, -0.904864, -1.2e-05, 0.0, 0.0, 0.0, 1.0],
                [0.806349, 0.58073, 0.11205, 0.124994, 0.488024, -0.760328, 0.428641, -0.002831, 0.33412, -0.290949, -0.8965, -1.2e-05, 0.0, 0.0, 0.0, 1.0],
                [0.815724, 0.56527, 0.122743, 0.124994, 0.465281, -0.767269, 0.441374, -0.002831, 0.343673, -0.302929, -0.888889, -1.2e-05, 0.0, 0.0, 0.0, 1.0],
                [0.823107, 0.552083, 0.13304, 0.124994, 0.446253, -0.773695, 0.449726, -0.002831, 0.351219, -0.310802, -0.883203, -1.2e-05, 0.0, 0.0, 0.0, 1.0],
                [0.83183, 0.536319, 0.142907, 0.124994, 0.426277, -0.782214, 0.454343, -0.002831, 0.355458, -0.317016, -0.87929, -1.2e-05, 0.0, 0.0, 0.0, 1.0],
                [0.838713, 0.522989, 0.151803, 0.124994, 0.410909, -0.790695, 0.453822, -0.002831, 0.357374, -0.318249, -0.878067, -1.2e-05, 0.0, 0.0, 0.0, 1.0],
                [0.84455, 0.511264, 0.159205, 0.124994, 0.398584, -0.798753, 0.450692, -0.002831, 0.357589, -0.317175, -0.878368, -1.2e-05, 0.0, 0.0, 0.0, 1.0],
                [0.850362, 0.499224, 0.166317, 0.124994, 0.38608, -0.806691, 0.447426, -0.002831, 0.357533, -0.316262, -0.87872, -1.2e-05, 0.0, 0.0, 0.0, 1.0],
                [0.855586, 0.488453, 0.171426, 0.124994, 0.376951, -0.814832, 0.440402, -0.002831, 0.354801, -0.312182, -0.881282, -1.2e-05, 0.0, 0.0, 0.0, 1.0],
                [0.860774, 0.477521, 0.176193, 0.124994, 0.36777, -0.822805, 0.433285, -0.002831, 0.351876, -0.308161, -0.883867, -1.2e-05, 0.0, 0.0, 0.0, 1.0],
                [0.865967, 0.46693, 0.179107, 0.124994, 0.360504, -0.83105, 0.423545, -0.002831, 0.346614, -0.302206, -0.887992, -1.2e-05, 0.0, 0.0, 0.0, 1.0],
                [0.871123, 0.45624, 0.181635, 0.124994, 0.353199, -0.839089, 0.413735, -0.002831, 0.341172, -0.29626, -0.892094, -1.2e-05, 0.0, 0.0, 0.0, 1.0],
                [0.875232, 0.447987, 0.182424, 0.124994, 0.349288, -0.846236, 0.402343, -0.002831, 0.334619, -0.288424, -0.897129, -1.2e-05, 0.0, 0.0, 0.0, 1.0],
                [0.879316, 0.43972, 0.1829, 0.124994, 0.345355, -0.853191, 0.390887, -0.002831, 0.32793, -0.280546, -0.902084, -1.2e-05, 0.0, 0.0, 0.0, 1.0],
                [0.884018, 0.430748, 0.181582, 0.124994, 0.341594, -0.860433, 0.378108, -0.002831, 0.31911, -0.272225, -0.907779, -1.2e-05, 0.0, 0.0, 0.0, 1.0],
                [0.88866, 0.421817, 0.179878, 0.124994, 0.337807, -0.867438, 0.365288, -0.002831, 0.310118, -0.263851, -0.91335, -1.2e-05, 0.0, 0.0, 0.0, 1.0],
                [0.893236, 0.412945, 0.177787, 0.124994, 0.333997, -0.8742, 0.352447, -0.002831, 0.300964, -0.255437, -0.918789, -1.2e-05, 0.0, 0.0, 0.0, 1.0],
                [0.898372, 0.404018, 0.172336, 0.124994, 0.330734, -0.880392, 0.339886, -0.002831, 0.289044, -0.248346, -0.924542, -1.2e-05, 0.0, 0.0, 0.0, 1.0],
                [0.903459, 0.394976, 0.16661, 0.124994, 0.327212, -0.886482, 0.32723, -0.002831, 0.276946, -0.24112, -0.930141, -1.2e-05, 0.0, 0.0, 0.0, 1.0],
                [0.909072, 0.38581, 0.157299, 0.124994, 0.323456, -0.891479, 0.317233, -0.002831, 0.262622, -0.237507, -0.935212, -1.2e-05, 0.0, 0.0, 0.0, 1.0],
                [0.914427, 0.376882, 0.147605, 0.124994, 0.319795, -0.896264, 0.307308, -0.002831, 0.248113, -0.233806, -0.940093, -1.2e-05, 0.0, 0.0, 0.0, 1.0],
                [0.919978, 0.368552, 0.133468, 0.124994, 0.3157, -0.898498, 0.305011, -0.002831, 0.232333, -0.238466, -0.94295, -1.2e-05, 0.0, 0.0, 0.0, 1.0],
                [0.924771, 0.363027, 0.114079, 0.124994, 0.313381, -0.896608, 0.312862, -0.002831, 0.215863, -0.253574, -0.942923, -1.2e-05, 0.0, 0.0, 0.0, 1.0],
                [0.929067, 0.358461, 0.091346, 0.124994, 0.311731, -0.891621, 0.328379, -0.002831, 0.199158, -0.27661, -0.940119, -1.2e-05, 0.0, 0.0, 0.0, 1.0],
                [0.93305, 0.353299, 0.067834, 0.124994, 0.310055, -0.885352, 0.346431, -0.002831, 0.182451, -0.302203, -0.93562, -1.2e-05, 0.0, 0.0, 0.0, 1.0],
                [0.936453, 0.347998, 0.044252, 0.124994, 0.309218, -0.87842, 0.36436, -0.002831, 0.165669, -0.32752, -0.930206, -1.2e-05, 0.0, 0.0, 0.0, 1.0],
                [0.93927, 0.342564, 0.020621, 0.124994, 0.309221, -0.870841, 0.382119, -0.002831, 0.148858, -0.352535, -0.923883, -1.2e-05, 0.0, 0.0, 0.0, 1.0],
                [0.941844, 0.336057, -0.000447, 0.124994, 0.308715, -0.864677, 0.396262, -0.002831, 0.132781, -0.373353, -0.918137, -1.2e-05, 0.0, 0.0, 0.0, 1.0]
            ]
        },
        {
            "name": "Leg_R",
            "time": [0.0, 0.0333, 0.0667, 0.1, 0.1333, 0.1667, 0.2, 0.2333, 0.2667, 0.3, 0.3333, 0.3667, 0.4, 0.4333, 0.4667, 0.5, 0.5333, 0.5667, 0.6, 0.6333, 0.6667, 0.7, 0.7333, 0.7667, 0.8, 0.8333, 0.8667, 0.9, 0.9333, 0.9667, 1.0, 1.0333, 1.0667, 1.1, 1.1333, 1.1667, 1.2, 1.2333, 1.2667, 1.3, 1.3333, 1.3667, 1.4, 1.4333, 1.4667, 1.5, 1.5333, 1.5667, 1.6, 1.6333, 1.6667, 1.7, 1.7333, 1.7667, 1.8, 1.8333, 1.8667, 1.9, 1.9333, 1.9667, 2.0, 2.0333, 2.0667, 2.1, 2.1333, 2.1667],
            "transform": [
                [1.000001, -0.001816, 0.000727, -0.0, 0.000725, 0.689296, 0.724477, 0.37472, -0.001817, -0.724472, 0.689299, -0.0, 0.0, 0.0, 0.0, 1.0],
                [1.000001, -0.001813, 0.000734, -0.0, 0.00073, 0.69418, 0.719799, 0.37472, -0.001814, -0.719795, 0.694182, 0.0, 0.0, 0.0, 0.0, 1.0],
                [1.0, -0.001809, 0.000743, 0.0, 0.00074, 0.701505, 0.712664, 0.37472, -0.001811, -0.712661, 0.701505, 0.0, 0.0, 0.0, 0.0, 1.0],
                [1.0, -0.001806, 0.000752, 0.0, 0.000749, 0.708755, 0.705453, 0.37472, -0.001807, -0.70545, 0.708756, 0.0, 0.0, 0.0, 0.0, 1.0],
                [1.0, -0.001802, 0.000762, -0.0, 0.000758, 0.715931, 0.698169, 0.37472, -0.001803, -0.698166, 0.715933, 0.0, 0.0, 0.0, 0.0, 1.0],
                [1.000001, -0.0018, 0.000765, -0.0, 0.000763, 0.719046, 0.69496, 0.37472, -0.001801, -0.694957, 0.719048, 0.0, 0.0, 0.0, 0.0, 1.0],
                [1.0, -0.001808, 0.000747, -0.0, 0.000744, 0.704891, 0.709314, 0.37472, -0.001809, -0.709311, 0.704892, 0.0, 0.0, 0.0, 0.0, 1.0],
                [1.000001, -0.001812, 0.000736, -0.0, 0.000734, 0.696338, 0.717711, 0.37472, -0.001813, -0.717708, 0.69634, -0.0, 0.0, 0.0, 0.0, 1.0],
                [1.0, -0.001814, 0.000731, -0.0, 0.000729, 0.692558, 0.72136, 0.37472, -0.001815, -0.721357, 0.692559, 0.0, 0.0, 0.0, 0.0, 1.0],
                [1.0, -0.001814, 0.000731, -0.0, 0.000729, 0.692558, 0.72136, 0.37472, -0.001815, -0.721357, 0.692559, -0.0, 0.0, 0.0, 0.0, 1.0],
                [1.000001, -0.001813, 0.000735, 0.0, 0.000733, 0.695528, 0.718497, 0.37472, -0.001814, -0.718493, 0.695529, 0.0, 0.0, 0.0, 0.0, 1.0],
                [1.000001, -0.001811, 0.000739, 0.0, 0.000736, 0.698488, 0.71562, 0.37472, -0.001812, -0.715616, 0.69849, 0.0, 0.0, 0.0, 0.0, 1.0],
                [1.0, -0.001811, 0.000739, -0.0, 0.000736, 0.698489, 0.715619, 0.37472, -0.001812, -0.715616, 0.69849, 0.0, 0.0, 0.0, 0.0, 1.0],
                [1.0, -0.001813, 0.000735, -0.0, 0.000732, 0.695261, 0.718755, 0.37472, -0.001814, -0.718753, 0.695262, 0.0, 0.0, 0.0, 0.0, 1.0],
                [1.000001, -0.001817, 0.000725, -0.0, 0.000723, 0.687663, 0.726028, 0.37472, -0.001818, -0.726025, 0.687664, -0.0, 0.0, 0.0, 0.0, 1.0],
                [1.000001, -0.001822, 0.000711, -0.0, 0.000708, 0.676072, 0.736834, 0.37472, -0.001823, -0.736831, 0.676073, -0.0, 0.0, 0.0, 0.0, 1.0],
                [1.000001, -0.001828, 0.000697, 0.0, 0.000694, 0.664307, 0.747458, 0.37472, -0.001829, -0.747455, 0.664308, 0.0, 0.0, 0.0, 0.0, 1.0],
                [1.0, -0.001851, 0.000634, 0.0, 0.000631, 0.612038, 0.790827, 0.37472, -0.001852, -0.790825, 0.612038, -0.0, 0.0, 0.0, 0.0, 1.0],
                [1.0, -0.001876, 0.000555, 0.0, 0.000552, 0.542869, 0.839816, 0.37472, -0.001877, -0.839814, 0.542869, -0.0, 0.0, 0.0, 0.0, 1.0],
                [1.0, -0.001873, 0.000566, -0.0, 0.000561, 0.551414, 0.834231, 0.37472, -0.001875, -0.834228, 0.551415, -0.0, 0.0, 0.0, 0.0, 1.0],
                [1.0, -0.001876, 0.000558, 0.0, 0.000555, 0.545275, 0.838256, 0.37472, -0.001877, -0.838253, 0.545276, 0.0, 0.0, 0.0, 0.0, 1.0],
                [1.0, -0.001877, 0.000552, 0.0, 0.000547, 0.539104, 0.842238, 0.37472, -0.001879, -0.842235, 0.539105, -0.0, 0.0, 0.0, 0.0, 1.0],
                [1.0, -0.00188, 0.000544, 0.0, 0.000541, 0.532906, 0.846174, 0.37472, -0.001881, -0.84617, 0.532907, 0.0, 0.0, 0.0, 0.0, 1.0],
                [1.0, -0.001843, 0.000657, -0.0, 0.000653, 0.631268, 0.775564, 0.37472, -0.001844, -0.775561, 0.631269, -0.0, 0.0, 0.0, 0.0, 1.0],
                [1.000001, -0.0018, 0.000767, 0.0, 0.000764, 0.720084, 0.693884, 0.37472, -0.001801, -0.693881, 0.720086, -0.0, 0.0, 0.0, 0.0, 1.0],
                [1.0, -0.001749, 0.000874, -0.0, 0.00087, 0.798441, 0.602071, 0.37472, -0.001751, -0.602068, 0.798442, 0.0, 0.0, 0.0, 0.0, 1.0],
                [1.0, -0.001868, 0.000583, 0.0, 0.000579, 0.566984, 0.823728, 0.37472, -0.001869, -0.823725, 0.566985, -0.0, 0.0, 0.0, 0.0, 1.0],
                [0.999999, -0.001941, 0.000252, 0.0, 0.000248, 0.253166, 0.967422, 0.37472, -0.001942, -0.96742, 0.253166, -0.0, 0.0, 0.0, 0.0, 1.0],
                [0.999999, -0.001956, 6.6e-05, 0.0, 6.4e-05, 0.066273, 0.997801, 0.37472, -0.001956, -0.997799, 0.066273, -0.0, 0.0, 0.0, 0.0, 1.0],
                [0.999999, -0.001954, 0.000118, -0.0, 0.000116, 0.119313, 0.992856, 0.37472, -0.001954, -0.992855, 0.119313, -0.0, 0.0, 0.0, 0.0, 1.0],
                [1.0, -0.001937, 0.000278, 0.0, 0.000277, 0.280772, 0.959774, 0.37472, -0.001937, -0.959771, 0.280772, -0.0, 0.0, 0.0, 0.0, 1.0],
                [1.0, -0.001936, 0.000288, 0.0, 0.000286, 0.289857, 0.95707, 0.37472, -0.001937, -0.957066, 0.289857, -0.0, 0.0, 0.0, 0.0, 1.0],
                [1.0, -0.001935, 0.000291, -0.0, 0.000289, 0.293144, 0.956068, 0.37472, -0.001935, -0.956064, 0.293145, -0.0, 0.0, 0.0, 0.0, 1.0],
                [1.0, -0.001935, 0.000295, -0.0, 0.000292, 0.296428, 0.955055, 0.37472, -0.001935, -0.955052, 0.296428, 0.0, 0.0, 0.0, 0.0, 1.0],
                [1.0, -0.001935, 0.00029, -0.0, 0.000287, 0.291768, 0.956489, 0.37472, -0.001936, -0.956485, 0.291769, 0.0, 0.0, 0.0, 0.0, 1.0],
                [1.000001, -0.001935, 0.000285, -0.0, 0.000283, 0.287102, 0.9579, 0.37472, -0.001936, -0.957895, 0.287102, -0.0, 0.0, 0.0, 0.0, 1.0],
                [1.0, -0.001936, 0.00028, -0.0, 0.000278, 0.282427, 0.959288, 0.37472, -0.001937, -0.959286, 0.282427, 0.0, 0.0, 0.0, 0.0, 1.0],
                [1.000001, -0.001937, 0.000279, -0.0, 0.000278, 0.282013, 0.95941, 0.37472, -0.001937, -0.959405, 0.282014, -0.0, 0.0, 0.0, 0.0, 1.0],
                [1.0, -0.001936, 0.000279, -0.0, 0.000278, 0.281599, 0.959533, 0.37472, -0.001937, -0.959528, 0.2816, -0.0, 0.0, 0.0, 0.0, 1.0],
                [1.000001, -0.001935, 0.000284, 0.0, 0.000282, 0.286559, 0.958063, 0.37472, -0.001935, -0.958057, 0.28656, 0.0, 0.0, 0.0, 0.0, 1.0],
                [1.000001, -0.001934, 0.000293, 0.0, 0.000291, 0.295608, 0.955309, 0.37472, -0.001934, -0.955304, 0.295609, -0.0, 0.0, 0.0, 0.0, 1.0],
                [1.000001, -0.001932, 0.000306, 0.0, 0.000305, 0.308667, 0.95117, 0.37472, -0.001932, -0.951166, 0.308668, 0.0, 0.0, 0.0, 0.0, 1.0],
                [1.000001, -0.001929, 0.000324, -0.0, 0.000322, 0.325621, 0.9455, 0.37472, -0.001929, -0.945495, 0.325622, 0.0, 0.0, 0.0, 0.0, 1.0],
                [1.000001, -0.001925, 0.000346, -0.0, 0.000344, 0.34726, 0.937769, 0.37472, -0.001925, -0.937764, 0.347261, 0.0, 0.0, 0.0, 0.0, 1.0],
                [1.0, -0.00192, 0.000373, 0.0, 0.000371, 0.373551, 0.927609, 0.37472, -0.001921, -0.927605, 0.373552, 0.0, 0.0, 0.0, 0.0, 1.0],
                [1.000001, -0.001914, 0.0004, 0.0, 0.000399, 0.39969, 0.91665, 0.37472, -0.001915, -0.916645, 0.399691, 0.0, 0.0, 0.0, 0.0, 1.0],
                [1.000001, -0.001907, 0.000432, -0.0, 0.000431, 0.430531, 0.902575, 0.37472, -0.001908, -0.902571, 0.430532, 0.0, 0.0, 0.0, 0.0, 1.0],
                [1.0, -0.0019, 0.000465, 0.0, 0.000463, 0.460878, 0.887463, 0.37472, -0.0019, -0.887458, 0.460879, -0.0, 0.0, 0.0, 0.0, 1.0],
                [1.000001, -0.001891, 0.000502, 0.0, 0.0005, 0.49492, 0.868938, 0.37472, -0.001891, -0.868934, 0.494921, -0.0, 0.0, 0.0, 0.0, 1.0],
                [1.000002, -0.00188, 0.000538, 0.0, 0.000536, 0.528217, 0.849108, 0.37472, -0.001881, -0.849103, 0.528219, 0.0, 0.0, 0.0, 0.0, 1.0],
                [1.000001, -0.001869, 0.000576, -0.0, 0.000575, 0.562609, 0.826722, 0.37472, -0.001869, -0.826718, 0.56261, -0.0, 0.0, 0.0, 0.0, 1.0],
                [1.000001, -0.001856, 0.000615, 0.0, 0.000613, 0.596051, 0.802945, 0.37472, -0.001857, -0.802941, 0.596053, -0.0, 0.0, 0.0, 0.0, 1.0],
                [1.000001, -0.001844, 0.000655, -0.0, 0.000652, 0.629613, 0.776907, 0.37472, -0.001845, -0.776903, 0.629615, -0.0, 0.0, 0.0, 0.0, 1.0],
                [1.0, -0.001829, 0.000693, 0.0, 0.000691, 0.662039, 0.749468, 0.37472, -0.001829, -0.749464, 0.66204, -0.0, 0.0, 0.0, 0.0, 1.0],
                [1.0, -0.001814, 0.000731, 0.0, 0.000729, 0.692426, 0.721487, 0.37472, -0.001815, -0.721484, 0.692427, 0.0, 0.0, 0.0, 0.0, 1.0],
                [1.000001, -0.001798, 0.000768, -0.0, 0.000766, 0.72163, 0.692276, 0.37472, -0.001799, -0.692273, 0.721632, 0.0, 0.0, 0.0, 0.0, 1.0],
                [1.000001, -0.001784, 0.000801, -0.0, 0.000798, 0.745989, 0.665956, 0.37472, -0.001786, -0.665952, 0.74599, 0.0, 0.0, 0.0, 0.0, 1.0],
                [1.000001, -0.00177, 0.000833, 0.0, 0.00083, 0.769387, 0.63878, 0.37472, -0.001771, -0.638776, 0.769389, 0.0, 0.0, 0.0, 0.0, 1.0],
                [1.000001, -0.001757, 0.000859, -0.0, 0.000856, 0.788223, 0.615387, 0.37472, -0.001758, -0.615384, 0.788225, -0.0, 0.0, 0.0, 0.0, 1.0],
                [1.000001, -0.001751, 0.000871, 0.0, 0.000869, 0.79668, 0.604398, 0.37472, -0.001752, -0.604395, 0.796682, -0.0, 0.0, 0.0, 0.0, 1.0],
                [1.000001, -0.001755, 0.000863, -0.0, 0.00086, 0.790911, 0.611928, 0.37472, -0.001756, -0.611924, 0.790913, -0.0, 0.0, 0.0, 0.0, 1.0],
                [1.000001, -0.001767, 0.00084, -0.0, 0.000837, 0.77452, 0.632547, 0.37472, -0.001768, -0.632543, 0.774522, -0.0, 0.0, 0.0, 0.0, 1.0],
                [1.000001, -0.001781, 0.000809, 0.0, 0.000807, 0.752112, 0.659033, 0.37472, -0.001782, -0.659029, 0.752114, 0.0, 0.0, 0.0, 0.0, 1.0],
                [1.000001, -0.001795, 0.000778, 0.0, 0.000775, 0.7288, 0.684725, 0.37472, -0.001796, -0.68472, 0.728802, 0.0, 0.0, 0.0, 0.0, 1.0],
                [1.000001, -0.001807, 0.000749, 0.0, 0.000746, 0.70648, 0.707731, 0.37472, -0.001808, -0.707727, 0.706482, -0.0, 0.0, 0.0, 0.0, 1.0],
                [1.000001, -0.001816, 0.000727, -0.0, 0.000725, 0.689297, 0.724477, 0.37472, -0.001817, -0.724472, 0.689299, -0.0, 0.0, 0.0, 0.0, 1.0]
            ]
        },
        {
            "name": "Knee_R",
            "time": [0.0, 2.1667],
            "transform": [
                [1.0, 0.0, -0.0, -0.0, -0.0, 1e-06, -1.0, 0.37472, -0.0, 1.0, 1e-06, -0.0, 0.0, 0.0, 0.0, 1.0],
                [1.0, 0.0, -0.0, -0.0, -0.0, 1e-06, -1.0, 0.37472, -0.0, 1.0, 1e-06, -0.0, 0.0, 0.0, 0.0, 1.0]
            ]
        },
        {
            "name": "Thigh_L",
            "time": [0.0, 0.0333, 0.0667, 0.1, 0.1333, 0.1667, 0.2, 0.2333, 0.2667, 0.3, 0.3333, 0.3667, 0.4, 0.4333, 0.4667, 0.5, 0.5333, 0.5667, 0.6, 0.6333, 0.6667, 0.7, 0.7333, 0.7667, 0.8, 0.8333, 0.8667, 0.9, 0.9333, 0.9667, 1.0, 1.0333, 1.0667, 1.1, 1.1333, 1.1667, 1.2, 1.2333, 1.2667, 1.3, 1.3333, 1.3667, 1.4, 1.4333, 1.4667, 1.5, 1.5333, 1.5667, 1.6, 1.6333, 1.6667, 1.7, 1.7333, 1.7667, 1.8, 1.8333, 1.8667, 1.9, 1.9333, 1.9667, 2.0, 2.0333, 2.0667, 2.1, 2.1333, 2.1667],
            "transform": [
                [0.72738, -0.536223, -0.428232, -0.125006, -0.168295, -0.744365, 0.646217, -0.002831, -0.665278, -0.397975, -0.63168, -1.2e-05, 0.0, 0.0, 0.0, 1.0],
                [0.734591, -0.522968, -0.432297, -0.125006, -0.166163, -0.756384, 0.632672, -0.002831, -0.657849, -0.392924, -0.64253, -1.2e-05, 0.0, 0.0, 0.0, 1.0],
                [0.745357, -0.501494, -0.439257, -0.125006, -0.158288, -0.773171, 0.614127, -0.002831, -0.647602, -0.388215, -0.655669, -1.2e-05, 0.0, 0.0, 0.0, 1.0],
                [0.755714, -0.479278, -0.446306, -0.125006, -0.153764, -0.792288, 0.590455, -0.002831, -0.636594, -0.377589, -0.672439, -1.2e-05, 0.0, 0.0, 0.0, 1.0],
                [0.759884, -0.462135, -0.457173, -0.125006, -0.155815, -0.812265, 0.562093, -0.002831, -0.631108, -0.355891, -0.689234, -1.2e-05, 0.0, 0.0, 0.0, 1.0],
                [0.755749, -0.458667, -0.467405, -0.125006, -0.169856, -0.826616, 0.536521, -0.002831, -0.632449, -0.326084, -0.702622, -1.2e-05, 0.0, 0.0, 0.0, 1.0],
                [0.743136, -0.465962, -0.480237, -0.125006, -0.19436, -0.837062, 0.51142, -0.002831, -0.640291, -0.286715, -0.712616, -1.2e-05, 0.0, 0.0, 0.0, 1.0],
                [0.723779, -0.47447, -0.501022, -0.125006, -0.222451, -0.847759, 0.481477, -0.002831, -0.653192, -0.237029, -0.719136, -1.2e-05, 0.0, 0.0, 0.0, 1.0],
                [0.696808, -0.479653, -0.533285, -0.125006, -0.250818, -0.859511, 0.445343, -0.002831, -0.671974, -0.17656, -0.71922, -1.2e-05, 0.0, 0.0, 0.0, 1.0],
                [0.662465, -0.482064, -0.573371, -0.125006, -0.280272, -0.869333, 0.407072, -0.002831, -0.694685, -0.10897, -0.711012, -1.2e-05, 0.0, 0.0, 0.0, 1.0],
                [0.624325, -0.474852, -0.620269, -0.125006, -0.305892, -0.879233, 0.365212, -0.002831, -0.718783, -0.038275, -0.69418, -1.2e-05, 0.0, 0.0, 0.0, 1.0],
                [0.584012, -0.46511, -0.665283, -0.125006, -0.331952, -0.884752, 0.327142, -0.002831, -0.740768, 0.029787, -0.6711, -1.2e-05, 0.0, 0.0, 0.0, 1.0],
                [0.54568, -0.450824, -0.706394, -0.125006, -0.353212, -0.888156, 0.293973, -0.002831, -0.759917, 0.089092, -0.643885, -1.2e-05, 0.0, 0.0, 0.0, 1.0],
                [0.508285, -0.440108, -0.740237, -0.125006, -0.373757, -0.887117, 0.270794, -0.002831, -0.775856, 0.139029, -0.615402, -1.2e-05, 0.0, 0.0, 0.0, 1.0],
                [0.478944, -0.429269, -0.765729, -0.125006, -0.387835, -0.886007, 0.254116, -0.002831, -0.787526, 0.175269, -0.590834, -1.2e-05, 0.0, 0.0, 0.0, 1.0],
                [0.454677, -0.413637, -0.788779, -0.125006, -0.392738, -0.887979, 0.23927, -0.002831, -0.79939, 0.200993, -0.566195, -1.2e-05, 0.0, 0.0, 0.0, 1.0],
                [0.43869, -0.392781, -0.808253, -0.125006, -0.384799, -0.894896, 0.226032, -0.002831, -0.812086, 0.211857, -0.543723, -1.2e-05, 0.0, 0.0, 0.0, 1.0],
                [0.443041, -0.567348, -0.69414, -0.125006, -0.444923, -0.811343, 0.379165, -0.002831, -0.778305, 0.140854, -0.611884, -1.2e-05, 0.0, 0.0, 0.0, 1.0],
                [0.422852, -0.799057, -0.427438, -0.125006, -0.542285, -0.601029, 0.587103, -0.002831, -0.726032, -0.016464, -0.687463, -1.2e-05, 0.0, 0.0, 0.0, 1.0],
                [0.429402, -0.887839, -0.165398, -0.125006, -0.561199, -0.405809, 0.72137, -0.002831, -0.70758, -0.216936, -0.67251, -1.2e-05, 0.0, 0.0, 0.0, 1.0],
                [0.57582, -0.803977, -0.148501, -0.125006, -0.388233, -0.428735, 0.815758, -0.002831, -0.719519, -0.412077, -0.559004, -1.2e-05, 0.0, 0.0, 0.0, 1.0],
                [0.842113, -0.537266, 0.0468, -0.125006, -0.170143, -0.182328, 0.968404, -0.002831, -0.511758, -0.823469, -0.244953, -1.2e-05, 0.0, 0.0, 0.0, 1.0],
                [0.950571, -0.310158, 0.014666, -0.125006, -0.058179, -0.131514, 0.989606, -0.002831, -0.305006, -0.941545, -0.143058, -1.2e-05, 0.0, 0.0, 0.0, 1.0],
                [0.993969, -0.109453, -0.006908, -0.125006, -0.007441, -0.130148, 0.991466, -0.002831, -0.109418, -0.985434, -0.130178, -1.2e-05, 0.0, 0.0, 0.0, 1.0],
                [0.999348, -0.035192, 0.008061, -0.125006, -0.014688, -0.192363, 0.981213, -0.002831, -0.032981, -0.980692, -0.192755, -1.2e-05, 0.0, 0.0, 0.0, 1.0],
                [0.999599, 0.018304, 0.021626, -0.125006, -0.016525, -0.243364, 0.969794, -0.002831, 0.023014, -0.969762, -0.242964, -1.2e-05, 0.0, 0.0, 0.0, 1.0],
                [0.999247, 0.036463, 0.013283, -0.125006, -0.002942, -0.270102, 0.962827, -0.002831, 0.038696, -0.962141, -0.269792, -1.2e-05, 0.0, 0.0, 0.0, 1.0],
                [0.998935, 0.04588, -0.004889, -0.125006, 0.0181, -0.292189, 0.956189, -0.002831, 0.042441, -0.955259, -0.292708, -1.2e-05, 0.0, 0.0, 0.0, 1.0],
                [0.998776, 0.041301, -0.027196, -0.125006, 0.038781, -0.312942, 0.94898, -0.002831, 0.030683, -0.948874, -0.314161, -1.2e-05, 0.0, 0.0, 0.0, 1.0],
                [0.998628, 0.01783, -0.049222, -0.125006, 0.052351, -0.332883, 0.941513, -0.002831, 0.000402, -0.942799, -0.333361, -1.2e-05, 0.0, 0.0, 0.0, 1.0],
                [0.997481, -0.02341, -0.066956, -0.125006, 0.054546, -0.350274, 0.935057, -0.002831, -0.045343, -0.936355, -0.348115, -1.2e-05, 0.0, 0.0, 0.0, 1.0],
                [0.993682, -0.078001, -0.08069, -0.125006, 0.046918, -0.364414, 0.930054, -0.002831, -0.101949, -0.927964, -0.358453, -1.2e-05, 0.0, 0.0, 0.0, 1.0],
                [0.986393, -0.135858, -0.092569, -0.125006, 0.034681, -0.378451, 0.924971, -0.002831, -0.160697, -0.915598, -0.36859, -1.2e-05, 0.0, 0.0, 0.0, 1.0],
                [0.976244, -0.190762, -0.102745, -0.125006, 0.020861, -0.389242, 0.920899, -0.002831, -0.215665, -0.901167, -0.376016, -1.2e-05, 0.0, 0.0, 0.0, 1.0],
                [0.964067, -0.242544, -0.108383, -0.125006, 0.002609, -0.399318, 0.916809, -0.002831, -0.265645, -0.884149, -0.384337, -1.2e-05, 0.0, 0.0, 0.0, 1.0],
                [0.951677, -0.286096, -0.11163, -0.125006, -0.015675, -0.408273, 0.912725, -0.002831, -0.306703, -0.866869, -0.393029, -1.2e-05, 0.0, 0.0, 0.0, 1.0],
                [0.939744, -0.324375, -0.107993, -0.125006, -0.039332, -0.416361, 0.908348, -0.002831, -0.33961, -0.849366, -0.404032, -1.2e-05, 0.0, 0.0, 0.0, 1.0],
                [0.929586, -0.35419, -0.102077, -0.125006, -0.063354, -0.426329, 0.902346, -0.002831, -0.363121, -0.832341, -0.418749, -1.2e-05, 0.0, 0.0, 0.0, 1.0],
