{
    "animation": [
        {
            "name": "Root",
            "time": [0.0, 0.0333, 0.0667, 0.1, 0.1333, 0.1667, 0.2, 0.2333, 0.2667, 0.3, 0.3333, 0.3667, 0.4, 0.4333, 0.4667, 0.5, 0.5333, 0.5667, 0.6, 0.6333, 0.6667, 0.7, 0.7333, 0.7667, 0.8, 0.8333, 0.8667, 0.9, 0.9333, 0.9667, 1.0, 1.0333, 1.0667, 1.1, 1.1333, 1.1667, 1.2, 1.2333, 1.2667, 1.3, 1.3333, 1.3667, 1.4, 1.4333, 1.4667, 1.5, 1.5333, 1.5667, 1.6, 1.6333, 1.6667, 1.7, 1.7333, 1.7667, 1.8, 1.8333, 1.8667, 1.9, 1.9333, 1.9667, 2.0, 2.0333, 2.0667, 2.1, 2.1333, 2.1667, 2.2, 2.2333, 2.2667, 2.3, 2.3333, 2.3667, 2.4, 2.4333, 2.4667, 2.5, 2.5333, 2.5667, 2.6, 2.6333, 2.6667, 2.7, 2.7333, 2.7667, 2.8, 2.8333, 2.8667, 2.9, 2.9333, 2.9667, 3.0],
            "transform": [
                [0.808902, 0.000604, -0.587943, 0.000583, -0.587944, 0.001859, -0.808899, 0.005379, 0.000604, 0.999998, 0.001858, 0.57588, 0.0, 0.0, 0.0, 1.0],
                [0.770229, 0.000662, -0.637767, 0.030664, -0.637767, 0.001838, -0.770226, 0.049577, 0.000662, 0.999998, 0.001838, 0.586668, 0.0, 0.0, 0.0, 1.0],
                [0.713521, 0.000739, -0.700634, 0.084013, -0.700634, 0.001809, -0.713518, 0.09764, 0.00074, 0.999998, 0.001809, 0.607247, 0.0, 0.0, 0.0, 1.0],
                [0.648905, 0.000819, -0.760869, 0.140134, -0.76087, 0.001774, -0.648902, 0.145656, 0.000819, 0.999998, 0.001774, 0.627826, 0.0, 0.0, 0.0, 1.0],
                [0.566135, 0.00091, -0.824311, 0.17081, -0.824312, 0.001729, -0.566133, 0.181421, 0.00091, 0.999998, 0.001729, 0.637305, 0.0, 0.0, 0.0, 1.0],
                [0.452852, 0.001022, -0.891585, 0.176808, -0.891585, 0.001666, -0.45285, 0.203382, 0.001022, 0.999998, 0.001666, 0.625525, 0.0, 0.0, 0.0, 1.0],
                [0.313764, 0.001145, -0.949499, 0.17827, -0.949501, 0.001584, -0.313762, 0.219601, 0.001145, 0.999998, 0.001584, 0.602139, 0.0, 0.0, 0.0, 1.0],
                [0.164556, 0.001263, -0.986366, 0.176049, -0.986367, 0.001491, -0.164554, 0.232288, 0.001263, 0.999998, 0.001491, 0.583524, 0.0, 0.0, 0.0, 1.0],
                [0.026942, 0.001363, -0.999636, 0.170989, -0.999636, 0.0014, -0.026941, 0.243631, 0.001363, 0.999998, 0.0014, 0.57161, 0.0, 0.0, 0.0, 1.0],
                [-0.07594, 0.001433, -0.997111, 0.163921, -0.997112, 0.001328, 0.075942, 0.255812, 0.001433, 0.999998, 0.001328, 0.559697, 0.0, 0.0, 0.0, 1.0],
                [-0.145385, 0.001479, -0.989374, 0.155703, -0.989374, 0.001277, 0.145387, 0.271005, 0.001479, 0.999998, 0.001277, 0.547784, 0.0, 0.0, 0.0, 1.0],
                [-0.183676, 0.001503, -0.982986, 0.147196, -0.982986, 0.001248, 0.183677, 0.291392, 0.001503, 0.999998, 0.001248, 0.539552, 0.0, 0.0, 0.0, 1.0],
                [-0.172755, 0.001496, -0.984963, 0.139247, -0.984964, 0.001257, 0.172757, 0.319159, 0.001496, 0.999998, 0.001257, 0.536417, 0.0, 0.0, 0.0, 1.0],
                [-0.095232, 0.001446, -0.995454, 0.132695, -0.995455, 0.001314, 0.095233, 0.356497, 0.001446, 0.999998, 0.001314, 0.540328, 0.0, 0.0, 0.0, 1.0],
                [0.026942, 0.001363, -0.999635, 0.127219, -0.999637, 0.0014, -0.02694, 0.412422, 0.001363, 0.999998, 0.0014, 0.561217, 0.0, 0.0, 0.0, 1.0],
                [0.160452, 0.001266, -0.987042, 0.121387, -0.987043, 0.001488, -0.16045, 0.489803, 0.001266, 0.999998, 0.001488, 0.598573, 0.0, 0.0, 0.0, 1.0],
                [0.302452, 0.001154, -0.953163, 0.114383, -0.953164, 0.001577, -0.30245, 0.581593, 0.001154, 0.999998, 0.001577, 0.638701, 0.0, 0.0, 0.0, 1.0],
                [0.450317, 0.001024, -0.892868, 0.105392, -0.892868, 0.001664, -0.450315, 0.680739, 0.001024, 0.999998, 0.001664, 0.667894, 0.0, 0.0, 0.0, 1.0],
                [0.600324, 0.000873, -0.799756, 0.093606, -0.799757, 0.001748, -0.600322, 0.780184, 0.000874, 0.999998, 0.001748, 0.672458, 0.0, 0.0, 0.0, 1.0],
                [0.74443, 0.000698, -0.6677, 0.077974, -0.667701, 0.001825, -0.744428, 0.884578, 0.000699, 0.999998, 0.001825, 0.644881, 0.0, 0.0, 0.0, 1.0],
                [0.870997, 0.000496, -0.491288, 0.059042, -0.491288, 0.00189, -0.870994, 0.998609, 0.000496, 0.999998, 0.00189, 0.594308, 0.0, 0.0, 0.0, 1.0],
                [0.962871, 0.000266, -0.269962, 0.038417, -0.269962, 0.001936, -0.962868, 1.115284, 0.000266, 0.999998, 0.001936, 0.531736, 0.0, 0.0, 0.0, 1.0],
                [0.975527, -0.000216, 0.219878, 0.017513, 0.219878, 0.001942, -0.975525, 1.227604, -0.000216, 0.999998, 0.001942, 0.469166, 0.0, 0.0, 0.0, 1.0],
                [0.740886, -0.000703, 0.67163, -0.001853, 0.671632, 0.001823, -0.740883, 1.32852, -0.000703, 0.999998, 0.001823, 0.41711, 0.0, 0.0, 0.0, 1.0],
                [0.625707, -0.000845, 0.780057, -0.01829, 0.780058, 0.001762, -0.625705, 1.39336, -0.000845, 0.999998, 0.001762, 0.383973, 0.0, 0.0, 0.0, 1.0],
                [0.602652, -0.000871, 0.798004, -0.031997, 0.798004, 0.001749, -0.60265, 1.431448, -0.000871, 0.999998, 0.001749, 0.371996, 0.0, 0.0, 0.0, 1.0],
                [0.567923, -0.000908, 0.823081, -0.044242, 0.823081, 0.00173, -0.567921, 1.469681, -0.000908, 0.999998, 0.00173, 0.371796, 0.0, 0.0, 0.0, 1.0],
                [0.539075, -0.000938, 0.842257, -0.056079, 0.842257, 0.001714, -0.539073, 1.505744, -0.000938, 0.999998, 0.001714, 0.371596, 0.0, 0.0, 0.0, 1.0],
                [0.517725, -0.00096, 0.855546, -0.067485, 0.855547, 0.001702, -0.517722, 1.54, -0.000959, 0.999998, 0.001702, 0.372447, 0.0, 0.0, 0.0, 1.0],
                [0.503557, -0.000974, 0.863961, -0.078436, 0.863962, 0.001694, -0.503555, 1.572806, -0.000973, 0.999998, 0.001694, 0.373297, 0.0, 0.0, 0.0, 1.0],
                [0.493018, -0.000984, 0.870018, -0.088912, 0.870019, 0.001688, -0.493016, 1.604522, -0.000984, 0.999998, 0.001688, 0.374148, 0.0, 0.0, 0.0, 1.0],
                [0.491774, -0.000985, 0.870722, -0.099138, 0.870723, 0.001687, -0.491772, 1.637158, -0.000985, 0.999998, 0.001688, 0.374998, 0.0, 0.0, 0.0, 1.0],
                [0.500159, -0.000977, 0.865932, -0.10809, 0.865934, 0.001692, -0.500157, 1.6661, -0.000977, 0.999998, 0.001692, 0.37686, 0.0, 0.0, 0.0, 1.0],
                [0.508497, -0.000969, 0.861063, -0.113869, 0.861064, 0.001697, -0.508495, 1.681765, -0.000969, 0.999998, 0.001697, 0.378721, 0.0, 0.0, 0.0, 1.0],
                [0.511274, -0.000966, 0.859417, -0.117591, 0.859417, 0.001698, -0.511272, 1.686874, -0.000966, 0.999998, 0.001699, 0.380583, 0.0, 0.0, 0.0, 1.0],
                [0.514046, -0.000963, 0.857762, -0.121524, 0.857762, 0.0017, -0.514044, 1.690628, -0.000963, 0.999998, 0.0017, 0.382444, 0.0, 0.0, 0.0, 1.0],
                [0.516813, -0.000961, 0.856097, -0.125501, 0.856098, 0.001701, -0.516811, 1.693166, -0.00096, 0.999998, 0.001702, 0.384875, 0.0, 0.0, 0.0, 1.0],
                [0.519575, -0.000958, 0.854424, -0.129353, 0.854425, 0.001703, -0.519572, 1.694624, -0.000958, 0.999998, 0.001703, 0.387306, 0.0, 0.0, 0.0, 1.0],
                [0.522331, -0.000955, 0.852742, -0.132912, 0.852743, 0.001705, -0.522328, 1.695141, -0.000955, 0.999998, 0.001705, 0.389736, 0.0, 0.0, 0.0, 1.0],
                [0.525081, -0.000952, 0.851051, -0.136013, 0.851052, 0.001706, -0.525079, 1.694854, -0.000952, 0.999998, 0.001706, 0.392167, 0.0, 0.0, 0.0, 1.0],
                [0.527826, -0.000949, 0.849351, -0.138488, 0.849353, 0.001708, -0.527823, 1.693902, -0.000949, 0.999998, 0.001708, 0.394598, 0.0, 0.0, 0.0, 1.0],
                [0.530566, -0.000947, 0.847643, -0.14017, 0.847644, 0.001709, -0.530563, 1.692422, -0.000947, 0.999998, 0.001709, 0.397028, 0.0, 0.0, 0.0, 1.0],
                [0.531784, -0.000946, 0.846879, -0.140892, 0.846879, 0.00171, -0.531782, 1.69055, -0.000945, 0.999998, 0.00171, 0.399459, 0.0, 0.0, 0.0, 1.0],
                [0.533009, -0.000944, 0.846109, -0.140476, 0.846109, 0.001711, -0.533007, 1.688414, -0.000944, 0.999998, 0.001711, 0.401904, 0.0, 0.0, 0.0, 1.0],
                [0.534218, -0.000943, 0.845346, -0.138786, 0.845347, 0.001711, -0.534216, 1.68619, -0.000943, 0.999998, 0.001711, 0.40432, 0.0, 0.0, 0.0, 1.0],
                [0.535433, -0.000942, 0.844577, -0.135285, 0.844577, 0.001712, -0.535431, 1.684044, -0.000942, 0.999998, 0.001712, 0.406279, 0.0, 0.0, 0.0, 1.0],
                [0.531787, -0.000946, 0.846877, -0.129759, 0.846878, 0.00171, -0.531785, 1.68178, -0.000945, 0.999998, 0.00171, 0.408238, 0.0, 0.0, 0.0, 1.0],
                [0.528131, -0.000949, 0.849161, -0.122461, 0.849163, 0.001708, -0.528129, 1.678926, -0.000949, 0.999998, 0.001708, 0.410197, 0.0, 0.0, 0.0, 1.0],
                [0.524466, -0.000953, 0.851431, -0.113642, 0.851431, 0.001706, -0.524463, 1.675001, -0.000953, 0.999998, 0.001706, 0.412156, 0.0, 0.0, 0.0, 1.0],
                [0.52079, -0.000956, 0.853684, -0.103554, 0.853685, 0.001704, -0.520788, 1.669527, -0.000956, 0.999998, 0.001704, 0.414116, 0.0, 0.0, 0.0, 1.0],
                [0.52079, -0.000956, 0.853684, -0.092448, 0.853685, 0.001704, -0.520788, 1.662028, -0.000956, 0.999998, 0.001704, 0.416075, 0.0, 0.0, 0.0, 1.0],
                [0.525073, -0.000952, 0.851056, -0.080578, 0.851057, 0.001706, -0.525071, 1.652026, -0.000952, 0.999998, 0.001706, 0.418034, 0.0, 0.0, 0.0, 1.0],
                [0.534218, -0.000943, 0.845346, -0.068194, 0.845347, 0.001711, -0.534215, 1.639043, -0.000943, 0.999998, 0.001711, 0.419993, 0.0, 0.0, 0.0, 1.0],
                [0.547542, -0.000929, 0.836778, -0.054047, 0.836779, 0.001719, -0.547539, 1.621873, -0.000929, 0.999998, 0.001719, 0.422912, 0.0, 0.0, 0.0, 1.0],
                [0.563473, -0.000913, 0.826134, -0.037362, 0.826134, 0.001728, -0.56347, 1.60045, -0.000913, 0.999998, 0.001728, 0.42583, 0.0, 0.0, 0.0, 1.0],
                [0.579197, -0.000896, 0.815187, -0.019104, 0.815187, 0.001736, -0.579195, 1.576013, -0.000896, 0.999998, 0.001736, 0.428749, 0.0, 0.0, 0.0, 1.0],
                [0.598907, -0.000875, 0.800818, -0.000231, 0.800819, 0.001747, -0.598904, 1.549805, -0.000875, 0.999998, 0.001747, 0.431668, 0.0, 0.0, 0.0, 1.0],
                [0.618259, -0.000854, 0.785973, 0.018285, 0.785974, 0.001757, -0.618257, 1.523068, -0.000853, 0.999998, 0.001758, 0.435889, 0.0, 0.0, 0.0, 1.0],
                [0.64047, -0.000829, 0.767982, 0.035488, 0.767983, 0.00177, -0.640468, 1.497041, -0.000828, 0.999998, 0.00177, 0.44011, 0.0, 0.0, 0.0, 1.0],
                [0.666137, -0.000798, 0.745828, 0.050413, 0.745829, 0.001783, -0.666135, 1.472966, -0.000798, 0.999998, 0.001783, 0.445507, 0.0, 0.0, 0.0, 1.0],
                [0.694956, -0.000763, 0.719052, 0.062098, 0.719052, 0.001799, -0.694954, 1.452081, -0.000763, 0.999998, 0.001799, 0.450904, 0.0, 0.0, 0.0, 1.0],
                [0.727576, -0.000721, 0.686026, 0.070652, 0.686027, 0.001816, -0.727574, 1.433273, -0.000721, 0.999998, 0.001816, 0.458671, 0.0, 0.0, 0.0, 1.0],
                [0.762885, -0.000673, 0.646534, 0.077039, 0.646535, 0.001834, -0.762882, 1.414881, -0.000672, 0.999998, 0.001834, 0.469317, 0.0, 0.0, 0.0, 1.0],
                [0.799706, -0.000619, 0.600391, 0.081579, 0.600392, 0.001853, -0.799703, 1.397331, -0.000618, 0.999998, 0.001854, 0.482061, 0.0, 0.0, 0.0, 1.0],
                [0.836386, -0.000559, 0.548141, 0.084592, 0.548141, 0.001872, -0.836383, 1.381048, -0.000559, 0.999998, 0.001872, 0.49614, 0.0, 0.0, 0.0, 1.0],
                [0.871922, -0.000495, 0.489645, 0.086397, 0.489645, 0.001891, -0.87192, 1.366458, -0.000495, 0.999998, 0.001892, 0.51022, 0.0, 0.0, 0.0, 1.0],
                [0.903374, -0.00043, 0.428855, 0.087311, 0.428855, 0.001906, -0.903371, 1.353983, -0.000429, 0.999998, 0.001906, 0.524298, 0.0, 0.0, 0.0, 1.0],
                [0.931726, -0.000361, 0.363162, 0.087655, 0.363163, 0.001922, -0.931723, 1.344056, -0.000361, 0.999998, 0.001922, 0.538377, 0.0, 0.0, 0.0, 1.0],
                [0.955309, -0.000292, 0.295611, 0.087745, 0.295612, 0.001932, -0.955306, 1.337095, -0.000292, 0.999998, 0.001932, 0.549877, 0.0, 0.0, 0.0, 1.0],
                [0.975333, -0.000217, 0.22074, 0.087441, 0.220741, 0.001942, -0.97533, 1.3323, -0.000217, 0.999998, 0.001942, 0.559873, 0.0, 0.0, 0.0, 1.0],
                [0.990494, -0.000135, 0.137558, 0.08644, 0.137558, 0.001949, -0.990491, 1.328668, -0.000135, 0.999998, 0.001949, 0.569868, 0.0, 0.0, 0.0, 1.0],
                [0.998864, -4.6e-05, 0.047671, 0.084815, 0.047671, 0.001953, -0.998861, 1.326311, -4.7e-05, 0.999998, 0.001953, 0.579926, 0.0, 0.0, 0.0, 1.0],
                [0.998789, 4.8e-05, -0.049205, 0.082691, -0.049205, 0.001953, -0.998786, 1.325369, 4.8e-05, 0.999998, 0.001953, 0.589859, 0.0, 0.0, 0.0, 1.0],
                [0.990112, 0.000137, -0.140278, 0.080102, -0.140278, 0.001949, -0.99011, 1.325944, 0.000138, 0.999998, 0.001949, 0.598876, 0.0, 0.0, 0.0, 1.0],
                [0.973749, 0.000224, -0.227625, 0.077153, -0.227625, 0.001941, -0.973746, 1.328166, 0.000224, 0.999998, 0.001941, 0.607892, 0.0, 0.0, 0.0, 1.0],
                [0.951695, 0.000304, -0.307044, 0.073923, -0.307045, 0.00193, -0.951693, 1.332156, 0.000304, 0.999998, 0.00193, 0.615836, 0.0, 0.0, 0.0, 1.0],
                [0.926307, 0.000375, -0.37677, 0.070497, -0.37677, 0.001918, -0.926305, 1.338036, 0.000375, 0.999998, 0.001918, 0.623781, 0.0, 0.0, 0.0, 1.0],
                [0.900553, 0.000436, -0.434746, 0.066957, -0.434747, 0.001905, -0.90055, 1.34593, 0.000436, 0.999998, 0.001905, 0.630337, 0.0, 0.0, 0.0, 1.0],
                [0.877997, 0.000482, -0.478667, 0.063387, -0.478668, 0.001893, -0.877994, 1.355962, 0.000483, 0.999998, 0.001893, 0.636893, 0.0, 0.0, 0.0, 1.0],
                [0.85981, 0.000517, -0.510613, 0.059675, -0.510613, 0.001884, -0.859808, 1.369049, 0.000517, 0.999998, 0.001884, 0.640995, 0.0, 0.0, 0.0, 1.0],
                [0.845331, 0.000543, -0.534243, 0.055674, -0.534244, 0.001877, -0.845328, 1.385579, 0.000543, 0.999998, 0.001877, 0.645096, 0.0, 0.0, 0.0, 1.0],
                [0.834661, 0.000562, -0.550763, 0.051409, -0.550764, 0.001871, -0.834658, 1.404865, 0.000562, 0.999998, 0.001871, 0.645928, 0.0, 0.0, 0.0, 1.0],
                [0.827254, 0.000574, -0.561827, 0.046912, -0.561828, 0.001868, -0.827251, 1.426234, 0.000574, 0.999998, 0.001868, 0.646758, 0.0, 0.0, 0.0, 1.0],
                [0.823509, 0.00058, -0.567303, 0.042207, -0.567304, 0.001866, -0.823506, 1.448997, 0.000581, 0.999998, 0.001866, 0.64438, 0.0, 0.0, 0.0, 1.0],
                [0.819728, 0.000587, -0.572753, 0.037329, -0.572753, 0.001864, -0.819725, 1.472481, 0.000587, 0.999998, 0.001864, 0.642002, 0.0, 0.0, 0.0, 1.0],
                [0.818946, 0.000588, -0.57387, 0.032298, -0.57387, 0.001864, -0.818944, 1.495995, 0.000588, 0.999998, 0.001864, 0.634854, 0.0, 0.0, 0.0, 1.0],
                [0.818159, 0.000589, -0.574992, 0.027112, -0.574993, 0.001863, -0.818156, 1.518991, 0.000589, 0.999998, 0.001863, 0.622256, 0.0, 0.0, 0.0, 1.0],
                [0.81738, 0.00059, -0.576099, 0.0219, -0.576099, 0.001863, -0.817377, 1.540397, 0.000591, 0.999998, 0.001862, 0.609813, 0.0, 0.0, 0.0, 1.0],
                [0.816594, 0.000592, -0.577212, 0.016591, -0.577213, 0.001862, -0.816591, 1.559933, 0.000592, 0.999998, 0.001862, 0.597292, 0.0, 0.0, 0.0, 1.0],
                [0.812765, 0.000598, -0.58259, 0.008871, -0.58259, 0.00186, -0.812763, 1.570456, 0.000598, 0.999998, 0.00186, 0.586586, 0.0, 0.0, 0.0, 1.0],
                [0.808902, 0.000604, -0.587943, -0.000444, -0.587944, 0.001859, -0.808899, 1.57579, 0.000604, 0.999998, 0.001858, 0.57588, 0.0, 0.0, 0.0, 1.0]
            ]
        },
        {
            "name": "Thigh_R",
            "time": [0.0, 0.0333, 0.0667, 0.1, 0.1333, 0.1667, 0.2, 0.2333, 0.2667, 0.3, 0.3333, 0.3667, 0.4, 0.4333, 0.4667, 0.5, 0.5333, 0.5667, 0.6, 0.6333, 0.6667, 0.7, 0.7333, 0.7667, 0.8, 0.8333, 0.8667, 0.9, 0.9333, 0.9667, 1.0, 1.0333, 1.0667, 1.1, 1.1333, 1.1667, 1.2, 1.2333, 1.2667, 1.3, 1.3333, 1.3667, 1.4, 1.4333, 1.4667, 1.5, 1.5333, 1.5667, 1.6, 1.6333, 1.6667, 1.7, 1.7333, 1.7667, 1.8, 1.8333, 1.8667, 1.9, 1.9333, 1.9667, 2.0, 2.0333, 2.0667, 2.1, 2.1333, 2.1667, 2.2, 2.2333, 2.2667, 2.3, 2.3333, 2.3667, 2.4, 2.4333, 2.4667, 2.5, 2.5333, 2.5667, 2.6, 2.6333, 2.6667, 2.7, 2.7333, 2.7667, 2.8, 2.8333, 2.8667, 2.9, 2.9333, 2.9667, 3.0],
            "transform": [
                [0.936407, 0.348184, -0.043667, 0.124994, 0.325001, -0.813603, 0.482107, -0.002831, 0.132333, -0.465642, -0.875023, -1.2e-05, 0.0, 0.0, 0.0, 1.0],
                [0.940875, 0.297187, -0.162577, 0.124994, 0.337791, -0.859165, 0.384363, -0.002831, -0.025453, -0.416557, -0.908753, -1.2e-05, 0.0, 0.0, 0.0, 1.0],
                [0.93354, 0.249336, -0.257549, 0.124994, 0.316566, -0.910516, 0.265989, -0.00283, -0.168181, -0.329845, -0.928933, -1.2e-05, 0.0, 0.0, 0.0, 1.0],
                [0.913626, 0.238506, -0.329239, 0.124994, 0.298118, -0.943657, 0.143674, -0.002831, -0.27642, -0.229417, -0.933251, -1.2e-05, 0.0, 0.0, 0.0, 1.0],
                [0.896634, 0.268535, -0.352042, 0.124994, 0.31756, -0.944085, 0.088675, -0.002831, -0.308544, -0.191304, -0.931773, -1.2e-05, 0.0, 0.0, 0.0, 1.0],
                [0.885263, 0.289732, -0.363817, 0.124994, 0.364419, -0.918154, 0.155544, -0.002831, -0.288973, -0.27028, -0.918391, -1.2e-05, 0.0, 0.0, 0.0, 1.0],
                [0.888766, 0.291794, -0.353481, 0.124994, 0.403578, -0.863774, 0.301696, -0.002831, -0.217294, -0.410795, -0.885454, -1.2e-05, 0.0, 0.0, 0.0, 1.0],
                [0.901997, 0.289135, -0.320626, 0.124994, 0.414972, -0.785562, 0.459012, -0.002831, -0.119155, -0.54708, -0.828556, -1.2e-05, 0.0, 0.0, 0.0, 1.0],
                [0.910549, 0.265282, -0.317058, 0.124994, 0.406735, -0.712055, 0.572315, -0.00283, -0.073938, -0.65008, -0.756259, -1.2e-05, 0.0, 0.0, 0.0, 1.0],
                [0.905828, 0.234943, -0.35253, 0.124994, 0.413565, -0.670842, 0.615576, -0.002831, -0.091866, -0.703402, -0.704831, -1.2e-05, 0.0, 0.0, 0.0, 1.0],
                [0.892828, 0.210707, -0.398072, 0.124994, 0.433045, -0.644563, 0.630087, -0.002831, -0.123819, -0.734944, -0.666728, -1.2e-05, 0.0, 0.0, 0.0, 1.0],
                [0.86991, 0.199267, -0.451164, 0.124994, 0.465009, -0.636257, 0.615583, -0.002831, -0.164392, -0.745298, -0.646147, -1.2e-05, 0.0, 0.0, 0.0, 1.0],
                [0.835309, 0.214595, -0.506169, 0.124994, 0.507254, -0.655879, 0.559031, -0.002831, -0.212021, -0.723721, -0.656715, -1.2e-05, 0.0, 0.0, 0.0, 1.0],
                [0.79238, 0.269648, -0.547195, 0.124994, 0.547323, -0.71037, 0.442507, -0.002831, -0.26939, -0.650128, -0.710466, -1.2e-05, 0.0, 0.0, 0.0, 1.0],
                [0.716215, 0.380151, -0.585253, 0.124994, 0.559765, -0.813748, 0.156456, -0.002831, -0.416771, -0.439662, -0.795612, -1.2e-05, 0.0, 0.0, 0.0, 1.0],
                [0.651535, 0.523889, -0.548673, 0.124994, 0.521211, -0.834654, -0.178025, -0.00283, -0.551217, -0.169985, -0.816862, -1.2e-05, 0.0, 0.0, 0.0, 1.0],
                [0.703778, 0.510852, -0.493685, 0.124994, 0.535337, -0.83819, -0.104177, -0.002831, -0.46702, -0.190971, -0.863377, -1.2e-05, 0.0, 0.0, 0.0, 1.0],
                [0.828269, 0.382399, -0.40956, 0.124993, 0.442935, -0.894506, 0.060586, -0.002831, -0.343185, -0.231591, -0.910268, -1.2e-05, 0.0, 0.0, 0.0, 1.0],
                [0.928768, 0.195821, -0.314705, 0.124994, 0.295537, -0.903669, 0.30991, -0.002831, -0.223701, -0.380843, -0.89717, -1.2e-05, 0.0, 0.0, 0.0, 1.0],
                [0.979924, 0.052196, -0.192404, 0.124994, 0.152146, -0.819455, 0.552582, -0.002831, -0.128823, -0.570765, -0.810945, -1.2e-05, 0.0, 0.0, 0.0, 1.0],
                [0.99433, 0.035678, -0.10016, 0.124994, 0.091703, -0.764525, 0.638038, -0.002831, -0.053811, -0.643608, -0.763462, -1.1e-05, 0.0, 0.0, 0.0, 1.0],
                [0.989895, -0.102326, 0.098183, 0.124994, -0.138883, -0.55956, 0.817069, -0.00283, -0.028668, -0.822448, -0.568116, -1.2e-05, 0.0, 0.0, 0.0, 1.0],
                [0.994443, 0.02612, 0.101994, 0.124994, -0.069225, -0.567691, 0.820325, -0.002831, 0.079328, -0.822827, -0.562727, -1.2e-05, 0.0, 0.0, 0.0, 1.0],
                [0.942759, 0.333423, 0.005973, 0.124994, 0.128827, -0.380663, 0.915695, -0.002831, 0.307588, -0.86251, -0.401827, -1.2e-05, 0.0, 0.0, 0.0, 1.0],
                [0.878161, 0.476494, 0.042271, 0.124993, 0.119418, -0.303931, 0.945179, -0.002831, 0.46322, -0.824973, -0.323802, -1.2e-05, 0.0, 0.0, 0.0, 1.0],
                [0.82162, 0.561258, 0.099657, 0.124993, 0.071036, -0.274271, 0.959024, -0.002831, 0.565594, -0.780873, -0.265216, -1.2e-05, 0.0, 0.0, 0.0, 1.0],
                [0.778998, 0.609938, 0.145392, 0.124993, 0.062347, -0.306072, 0.949963, -0.002831, 0.62392, -0.730955, -0.276457, -1.2e-05, 0.0, 0.0, 0.0, 1.0],
                [0.752554, 0.63198, 0.185105, 0.124994, 0.064949, -0.350947, 0.934139, -0.00283, 0.655321, -0.690967, -0.305153, -1.2e-05, 0.0, 0.0, 0.0, 1.0],
                [0.743029, 0.632896, 0.217606, 0.124993, 0.071711, -0.398561, 0.914333, -0.002831, 0.665408, -0.663771, -0.341527, -1.1e-05, 0.0, 0.0, 0.0, 1.0],
                [0.736937, 0.632657, 0.238054, 0.124994, 0.086646, -0.437676, 0.894947, -0.002831, 0.670385, -0.638894, -0.377356, -1.1e-05, 0.0, 0.0, 0.0, 1.0],
                [0.736011, 0.626342, 0.256874, 0.124994, 0.09862, -0.474602, 0.874657, -0.002831, 0.669747, -0.618426, -0.411081, -1.2e-05, 0.0, 0.0, 0.0, 1.0],
                [0.738937, 0.614771, 0.275735, 0.124994, 0.107114, -0.511221, 0.852748, -0.002831, 0.665205, -0.600593, -0.44361, -1.2e-05, 0.0, 0.0, 0.0, 1.0],
                [0.749366, 0.597864, 0.284621, 0.124994, 0.109678, -0.535976, 0.837078, -0.002831, 0.653008, -0.596064, -0.467214, -1.2e-05, 0.0, 0.0, 0.0, 1.0],
                [0.755239, 0.591872, 0.281605, 0.124994, 0.119217, -0.546514, 0.82892, -0.002831, 0.644515, -0.592462, -0.48331, -1.2e-05, 0.0, 0.0, 0.0, 1.0],
                [0.760861, 0.591979, 0.265802, 0.124994, 0.131796, -0.542049, 0.829947, -0.002831, 0.635387, -0.596445, -0.490444, -1.2e-05, 0.0, 0.0, 0.0, 1.0],
                [0.766011, 0.592276, 0.249872, 0.124993, 0.144626, -0.537531, 0.830748, -0.002831, 0.626345, -0.600227, -0.497413, -1.2e-05, 0.0, 0.0, 0.0, 1.0],
                [0.771782, 0.592552, 0.230724, 0.124994, 0.158664, -0.530812, 0.832504, -0.002831, 0.615772, -0.605907, -0.503688, -1.2e-05, 0.0, 0.0, 0.0, 1.0],
                [0.777012, 0.592911, 0.211445, 0.124994, 0.17296, -0.524065, 0.83393, -0.002831, 0.605256, -0.611405, -0.509754, -1.2e-05, 0.0, 0.0, 0.0, 1.0],
                [0.783148, 0.591624, 0.191467, 0.124993, 0.186102, -0.516788, 0.835641, -0.002831, 0.593332, -0.618801, -0.514823, -1.2e-05, 0.0, 0.0, 0.0, 1.0],
                [0.788777, 0.590312, 0.171356, 0.124993, 0.199487, -0.509526, 0.837011, -0.002831, 0.581407, -0.626033, -0.519661, -1.2e-05, 0.0, 0.0, 0.0, 1.0],
                [0.794908, 0.587208, 0.152672, 0.124993, 0.211426, -0.503946, 0.837458, -0.00283, 0.568699, -0.633425, -0.524741, -1.1e-05, 0.0, 0.0, 0.0, 1.0],
                [0.80202, 0.582082, 0.133954, 0.124994, 0.21986, -0.496222, 0.839895, -0.002831, 0.555357, -0.644165, -0.525956, -1.2e-05, 0.0, 0.0, 0.0, 1.0],
                [0.808719, 0.57638, 0.117299, 0.124994, 0.228896, -0.492096, 0.839909, -0.002831, 0.541827, -0.652404, -0.529898, -1.2e-05, 0.0, 0.0, 0.0, 1.0],
                [0.816395, 0.568446, 0.101818, 0.124994, 0.234194, -0.487055, 0.841385, -0.002831, 0.527873, -0.66306, -0.530756, -1.1e-05, 0.0, 0.0, 0.0, 1.0],
                [0.823742, 0.560003, 0.088578, 0.124993, 0.239452, -0.485243, 0.840952, -0.002831, 0.513916, -0.67152, -0.533808, -1.2e-05, 0.0, 0.0, 0.0, 1.0],
                [0.831612, 0.549429, 0.08092, 0.124994, 0.239316, -0.486024, 0.84054, -0.002831, 0.501145, -0.679641, -0.53567, -1.2e-05, 0.0, 0.0, 0.0, 1.0],
                [0.838822, 0.53887, 0.077443, 0.124993, 0.235802, -0.487848, 0.840477, -0.002831, 0.490687, -0.686752, -0.536283, -1.2e-05, 0.0, 0.0, 0.0, 1.0],
                [0.845651, 0.527781, 0.079501, 0.124994, 0.228358, -0.492407, 0.839873, -0.002831, 0.482415, -0.692087, -0.536927, -1.2e-05, 0.0, 0.0, 0.0, 1.0],
                [0.853871, 0.514191, 0.08069, 0.124994, 0.218834, -0.495326, 0.840691, -0.002831, 0.472243, -0.700187, -0.535467, -1.2e-05, 0.0, 0.0, 0.0, 1.0],
                [0.861816, 0.500502, 0.082282, 0.124993, 0.208966, -0.498166, 0.841524, -0.002831, 0.462174, -0.708047, -0.533915, -1.1e-05, 0.0, 0.0, 0.0, 1.0],
                [0.871857, 0.483071, 0.08066, 0.124994, 0.198513, -0.499123, 0.843485, -0.002831, 0.447722, -0.719389, -0.53106, -1.2e-05, 0.0, 0.0, 0.0, 1.0],
                [0.883302, 0.462955, 0.073828, 0.124994, 0.18947, -0.496583, 0.847056, -0.002831, 0.428811, -0.734219, -0.526349, -1.2e-05, 0.0, 0.0, 0.0, 1.0],
                [0.896049, 0.439663, 0.061575, 0.124994, 0.182254, -0.490765, 0.852016, -0.002831, 0.404819, -0.752229, -0.519879, -1.2e-05, 0.0, 0.0, 0.0, 1.0],
                [0.910204, 0.412269, 0.039528, 0.124994, 0.179334, -0.478355, 0.859659, -0.00283, 0.373319, -0.775379, -0.509334, -1.2e-05, 0.0, 0.0, 0.0, 1.0],
                [0.924654, 0.380699, 0.009054, 0.124994, 0.181055, -0.46042, 0.86904, -0.00283, 0.335011, -0.801925, -0.494656, -1.2e-05, 0.0, 0.0, 0.0, 1.0],
                [0.941327, 0.335383, -0.037691, 0.124994, 0.192988, -0.443291, 0.875355, -0.002831, 0.276872, -0.831272, -0.482006, -1.2e-05, 0.0, 0.0, 0.0, 1.0],
                [0.955943, 0.274202, -0.104807, 0.124994, 0.219991, -0.432795, 0.874237, -0.002831, 0.194358, -0.858781, -0.474049, -1.2e-05, 0.0, 0.0, 0.0, 1.0],
                [0.961604, 0.202923, -0.184766, 0.124994, 0.256929, -0.429039, 0.865974, -0.002831, 0.096454, -0.880199, -0.464702, -1.2e-05, 0.0, 0.0, 0.0, 1.0],
                [0.954313, 0.130886, -0.268614, 0.124993, 0.298764, -0.432829, 0.850527, -0.002831, -0.004942, -0.891925, -0.452158, -1.1e-05, 0.0, 0.0, 0.0, 1.0],
                [0.938749, 0.067564, -0.337912, 0.124994, 0.331661, -0.443339, 0.832737, -0.002831, -0.093546, -0.893806, -0.438592, -1.1e-05, 0.0, 0.0, 0.0, 1.0],
                [0.915522, 0.013797, -0.40203, 0.124994, 0.36352, -0.456338, 0.812163, -0.002831, -0.172256, -0.889701, -0.422802, -1.1e-05, 0.0, 0.0, 0.0, 1.0],
                [0.896375, -0.023339, -0.44268, 0.124993, 0.381349, -0.468552, 0.796888, -0.002831, -0.226017, -0.883129, -0.411098, -1.2e-05, 0.0, 0.0, 0.0, 1.0],
                [0.89274, -0.035504, -0.449169, 0.124994, 0.379263, -0.478993, 0.791658, -0.002831, -0.243256, -0.877101, -0.414151, -1.2e-05, 0.0, 0.0, 0.0, 1.0],
                [0.904881, -0.029544, -0.424638, 0.124994, 0.357667, -0.488114, 0.796126, -0.002831, -0.230793, -0.87228, -0.431118, -1.1e-05, 0.0, 0.0, 0.0, 1.0],
                [0.925846, -0.020817, -0.377324, 0.124994, 0.318103, -0.496087, 0.807902, -0.002831, -0.204003, -0.868025, -0.452678, -1.2e-05, 0.0, 0.0, 0.0, 1.0],
                [0.947422, -0.01632, -0.319569, 0.124994, 0.267297, -0.508653, 0.818427, -0.002831, -0.175906, -0.860818, -0.477546, -1.2e-05, 0.0, 0.0, 0.0, 1.0],
                [0.964248, -0.024131, -0.263897, 0.124993, 0.211629, -0.529235, 0.821658, -0.002831, -0.159491, -0.848133, -0.505207, -1.2e-05, 0.0, 0.0, 0.0, 1.0],
                [0.971743, -0.050377, -0.2306, 0.124994, 0.165385, -0.551734, 0.817457, -0.002831, -0.168411, -0.832498, -0.527812, -1.2e-05, 0.0, 0.0, 0.0, 1.0],
                [0.96462, -0.095158, -0.24587, 0.124994, 0.156071, -0.545515, 0.82344, -0.002831, -0.212483, -0.832683, -0.511363, -1.1e-05, 0.0, 0.0, 0.0, 1.0],
                [0.943605, -0.148859, -0.295717, 0.124994, 0.167326, -0.556307, 0.813956, -0.002831, -0.285673, -0.817537, -0.500025, -1.2e-05, 0.0, 0.0, 0.0, 1.0],
                [0.918768, -0.179949, -0.351401, 0.124994, 0.178364, -0.604869, 0.776092, -0.002831, -0.352208, -0.775728, -0.523637, -1.2e-05, 0.0, 0.0, 0.0, 1.0],
                [0.894859, -0.120853, -0.429674, 0.124994, 0.210232, -0.735061, 0.644584, -0.00283, -0.393736, -0.667145, -0.632367, -1.2e-05, 0.0, 0.0, 0.0, 1.0],
                [0.866099, -0.012849, -0.499705, 0.124994, 0.253762, -0.849975, 0.461682, -0.002831, -0.430668, -0.52667, -0.7329, -1.2e-05, 0.0, 0.0, 0.0, 1.0],
                [0.840549, 0.06687, -0.537588, 0.124994, 0.292111, -0.891675, 0.345819, -0.00283, -0.456227, -0.447716, -0.769029, -1.2e-05, 0.0, 0.0, 0.0, 1.0],
                [0.830007, 0.0737, -0.552859, 0.124994, 0.305465, -0.889423, 0.34003, -0.002831, -0.466664, -0.451109, -0.760739, -1.1e-05, 0.0, 0.0, 0.0, 1.0],
                [0.825931, 0.089732, -0.556582, 0.124993, 0.324184, -0.883298, 0.338662, -0.002831, -0.461238, -0.460149, -0.758631, -1.2e-05, 0.0, 0.0, 0.0, 1.0],
                [0.829411, 0.103984, -0.548873, 0.124994, 0.336374, -0.877405, 0.342075, -0.002831, -0.446012, -0.46835, -0.762706, -1.2e-05, 0.0, 0.0, 0.0, 1.0],
                [0.841779, 0.104874, -0.529533, 0.124993, 0.335304, -0.870348, 0.360649, -0.002831, -0.423054, -0.481144, -0.767805, -1.2e-05, 0.0, 0.0, 0.0, 1.0],
                [0.859001, 0.103726, -0.501354, 0.124993, 0.327089, -0.86454, 0.381557, -0.002831, -0.393862, -0.491747, -0.776567, -1.2e-05, 0.0, 0.0, 0.0, 1.0],
                [0.877087, 0.107358, -0.468176, 0.124994, 0.31769, -0.860719, 0.397792, -0.002831, -0.360261, -0.497636, -0.789031, -1.2e-05, 0.0, 0.0, 0.0, 1.0],
                [0.893899, 0.119267, -0.432107, 0.124994, 0.310441, -0.860091, 0.404813, -0.002831, -0.32337, -0.496009, -0.805858, -1.2e-05, 0.0, 0.0, 0.0, 1.0],
                [0.909662, 0.134018, -0.39313, 0.124994, 0.303734, -0.860239, 0.409556, -0.002831, -0.283297, -0.491967, -0.823232, -1.2e-05, 0.0, 0.0, 0.0, 1.0],
                [0.923217, 0.155064, -0.351601, 0.124994, 0.30033, -0.861958, 0.408452, -0.00283, -0.239729, -0.482688, -0.842343, -1.2e-05, 0.0, 0.0, 0.0, 1.0],
                [0.934304, 0.179209, -0.308151, 0.124993, 0.299471, -0.863505, 0.405807, -0.002831, -0.193366, -0.471431, -0.860443, -1.2e-05, 0.0, 0.0, 0.0, 1.0],
                [0.942454, 0.205935, -0.263379, 0.124994, 0.300991, -0.865557, 0.400272, -0.002831, -0.145539, -0.456514, -0.877731, -1.2e-05, 0.0, 0.0, 0.0, 1.0],
                [0.947099, 0.233275, -0.220415, 0.124994, 0.305679, -0.86492, 0.398091, -0.002831, -0.097776, -0.44441, -0.890471, -1.2e-05, 0.0, 0.0, 0.0, 1.0],
                [0.948768, 0.260507, -0.178803, 0.124994, 0.312039, -0.861448, 0.400677, -0.002831, -0.04965, -0.435945, -0.898602, -1.2e-05, 0.0, 0.0, 0.0, 1.0],
                [0.947667, 0.286438, -0.140987, 0.124994, 0.319236, -0.85489, 0.408967, -0.002831, -0.003385, -0.432575, -0.901591, -1.2e-05, 0.0, 0.0, 0.0, 1.0],
                [0.944609, 0.310996, -0.104838, 0.124994, 0.325391, -0.845855, 0.422674, -0.002831, 0.042772, -0.433377, -0.900197, -1.2e-05, 0.0, 0.0, 0.0, 1.0],
                [0.940975, 0.330733, -0.071959, 0.124993, 0.326868, -0.83277, 0.446826, -0.002831, 0.087854, -0.443975, -0.891721, -1.2e-05, 0.0, 0.0, 0.0, 1.0],
                [0.936407, 0.348184, -0.043667, 0.124994, 0.325001, -0.813603, 0.482107, -0.002831, 0.132333, -0.465642, -0.875023, -1.2e-05, 0.0, 0.0, 0.0, 1.0]
            ]
        },
        {
            "name": "Leg_R",
            "time": [0.0, 0.0333, 0.0667, 0.1, 0.1333, 0.1667, 0.2, 0.2333, 0.2667, 0.3, 0.3333, 0.3667, 0.4, 0.4333, 0.4667, 0.5, 0.5333, 0.5667, 0.6, 0.6333, 0.6667, 0.7, 0.7333, 0.7667, 0.8, 0.8333, 0.8667, 0.9, 0.9333, 0.9667, 1.0, 1.0333, 1.0667, 1.1, 1.1333, 1.1667, 1.2, 1.2333, 1.2667, 1.3, 1.3333, 1.3667, 1.4, 1.4333, 1.4667, 1.5, 1.5333, 1.5667, 1.6, 1.6333, 1.6667, 1.7, 1.7333, 1.7667, 1.8, 1.8333, 1.8667, 1.9, 1.9333, 1.9667, 2.0, 2.0333, 2.0667, 2.1, 2.1333, 2.1667, 2.2, 2.2333, 2.2667, 2.3, 2.3333, 2.3667, 2.4, 2.4333, 2.4667, 2.5, 2.5333, 2.5667, 2.6, 2.6333, 2.6667, 2.7, 2.7333, 2.7667, 2.8, 2.8333, 2.8667, 2.9, 2.9333, 2.9667, 3.0],
            "transform": [
                [0.999998, -0.00188, 0.000537, 0.0, 0.000536, 0.527555, 0.849521, 0.37472, -0.00188, -0.849518, 0.527555, -0.0, 0.0, 0.0, 0.0, 1.0],
                [0.999997, -0.001866, 0.000582, -0.0, 0.000582, 0.568275, 0.822839, 0.37472, -0.001866, -0.822837, 0.568275, 0.0, 0.0, 0.0, 0.0, 1.0],
                [0.999998, -0.001839, 0.000664, -0.0, 0.000663, 0.638357, 0.76974, 0.37472, -0.001839, -0.769737, 0.638358, -0.0, 0.0, 0.0, 0.0, 1.0],
                [0.999998, -0.001797, 0.00077, -0.0, 0.000769, 0.723693, 0.690121, 0.37472, -0.001797, -0.690117, 0.723695, -0.0, 0.0, 0.0, 0.0, 1.0],
                [0.999998, -0.001764, 0.000842, 0.0, 0.000842, 0.777759, 0.628562, 0.37472, -0.001764, -0.628558, 0.77776, -0.0, 0.0, 0.0, 0.0, 1.0],
                [0.999998, -0.00179, 0.000785, -0.0, 0.000785, 0.735881, 0.67711, 0.37472, -0.00179, -0.677107, 0.735883, -0.0, 0.0, 0.0, 0.0, 1.0],
                [0.999999, -0.001845, 0.000645, 0.0, 0.000645, 0.622918, 0.782287, 0.37472, -0.001845, -0.782284, 0.622919, 0.0, 0.0, 0.0, 0.0, 1.0],
                [0.999999, -0.001884, 0.000518, 0.0, 0.00052, 0.511982, 0.858996, 0.37472, -0.001884, -0.858993, 0.511982, -0.0, 0.0, 0.0, 0.0, 1.0],
                [0.999999, -0.001904, 0.000437, 0.0, 0.000439, 0.436951, 0.899485, 0.37472, -0.001904, -0.899482, 0.436952, -0.0, 0.0, 0.0, 0.0, 1.0],
                [0.999998, -0.001908, 0.00042, -0.0, 0.000422, 0.420707, 0.907196, 0.37472, -0.001908, -0.907195, 0.420707, 0.0, 0.0, 0.0, 0.0, 1.0],
                [0.999999, -0.001908, 0.000421, -0.0, 0.000422, 0.421449, 0.906852, 0.37472, -0.001907, -0.906849, 0.421449, -0.0, 0.0, 0.0, 0.0, 1.0],
                [0.999999, -0.001901, 0.000449, 0.0, 0.00045, 0.447893, 0.894087, 0.37472, -0.0019, -0.894084, 0.447893, -0.0, 0.0, 0.0, 0.0, 1.0],
                [1.0, -0.001886, 0.000508, 0.0, 0.00051, 0.503068, 0.864246, 0.37472, -0.001886, -0.864243, 0.503068, 0.0, 0.0, 0.0, 0.0, 1.0],
                [0.999999, -0.001858, 0.000605, 0.0, 0.000606, 0.589199, 0.807988, 0.37472, -0.001858, -0.807985, 0.5892, -0.0, 0.0, 0.0, 0.0, 1.0],
                [0.999999, -0.001748, 0.000876, 0.0, 0.000876, 0.801066, 0.598574, 0.37472, -0.001747, -0.598571, 0.801068, 0.0, 0.0, 0.0, 0.0, 1.0],
                [0.999998, -0.001523, 0.001225, -0.0, 0.001223, 0.976467, 0.215655, 0.37472, -0.001524, -0.215652, 0.976471, 0.0, 0.0, 0.0, 0.0, 1.0],
                [0.999998, -0.001593, 0.001133, -0.0, 0.001132, 0.944553, 0.328353, 0.37472, -0.001593, -0.32835, 0.944556, 0.0, 0.0, 0.0, 0.0, 1.0],
                [0.999998, -0.001754, 0.000862, -0.0, 0.000861, 0.791364, 0.611344, 0.37472, -0.001755, -0.611341, 0.791366, 0.0, 0.0, 0.0, 0.0, 1.0],
                [0.999998, -0.001887, 0.000513, 0.0, 0.000512, 0.505821, 0.862639, 0.37472, -0.001887, -0.862637, 0.50582, -0.0, 0.0, 0.0, 0.0, 1.0],
                [0.999998, -0.001946, 0.000202, 0.0, 0.000198, 0.203397, 0.979095, 0.37472, -0.001946, -0.979096, 0.203397, 0.0, 0.0, 0.0, 0.0, 1.0],
                [0.999999, -0.001956, 5.6e-05, 0.0, 5.2e-05, 0.054914, 0.998489, 0.37472, -0.001956, -0.99849, 0.054913, -0.0, 0.0, 0.0, 0.0, 1.0],
                [0.999998, -0.001952, 0.000149, -0.0, 0.000146, 0.150213, 0.988653, 0.37472, -0.001952, -0.988652, 0.150213, 0.0, 0.0, 0.0, 0.0, 1.0],
                [0.999998, -0.001721, 0.00093, -0.0, 0.000928, 0.835988, 0.548747, 0.37472, -0.001722, -0.548744, 0.835988, 0.0, 0.0, 0.0, 0.0, 1.0],
                [0.999997, -0.001929, 0.00033, -0.0, 0.000328, 0.331224, 0.943552, 0.37472, -0.001929, -0.943551, 0.331223, -0.0, 0.0, 0.0, 0.0, 1.0],
                [0.999997, -0.001956, 5.1e-05, 0.0, 5.1e-05, 0.052062, 0.998643, 0.37472, -0.001956, -0.998643, 0.052062, 0.0, 0.0, 0.0, 0.0, 1.0],
                [0.999996, -0.001956, -7.8e-05, 0.0, -7.8e-05, -0.079447, 0.996839, 0.37472, -0.001956, -0.996839, -0.079447, 0.0, 0.0, 0.0, 0.0, 1.0],
                [0.999997, -0.001953, -0.000128, 0.0, -0.000129, -0.131195, 0.991356, 0.37472, -0.001952, -0.991357, -0.131195, 0.0, 0.0, 0.0, 0.0, 1.0],
                [0.999997, -0.001951, -0.000156, -0.0, -0.000158, -0.160093, 0.987101, 0.37472, -0.001951, -0.987102, -0.160092, 0.0, 0.0, 0.0, 0.0, 1.0],
                [0.999997, -0.001949, -0.000173, 0.0, -0.000173, -0.176133, 0.984365, 0.37472, -0.001949, -0.984367, -0.176132, 0.0, 0.0, 0.0, 0.0, 1.0],
                [0.999998, -0.001948, -0.000183, 0.0, -0.000186, -0.187566, 0.98225, 0.37472, -0.001948, -0.982253, -0.187566, 0.0, 0.0, 0.0, 0.0, 1.0],
                [0.999997, -0.001947, -0.000195, 0.0, -0.000196, -0.198975, 0.980003, 0.37472, -0.001946, -0.980006, -0.198974, 0.0, 0.0, 0.0, 0.0, 1.0],
                [0.999998, -0.001945, -0.000206, -0.0, -0.000208, -0.210356, 0.977623, 0.37472, -0.001945, -0.977625, -0.210355, -0.0, 0.0, 0.0, 0.0, 1.0],
                [0.999998, -0.001944, -0.000211, -0.0, -0.000213, -0.215259, 0.976554, 0.37472, -0.001944, -0.976557, -0.215258, 0.0, 0.0, 0.0, 0.0, 1.0],
                [0.999999, -0.001944, -0.000216, -0.0, -0.000217, -0.220156, 0.975462, 0.37472, -0.001944, -0.975465, -0.220155, -0.0, 0.0, 0.0, 0.0, 1.0],
                [0.999998, -0.001943, -0.000221, -0.0, -0.000222, -0.225047, 0.974346, 0.37472, -0.001943, -0.974348, -0.225046, 0.0, 0.0, 0.0, 0.0, 1.0],
                [0.999999, -0.001943, -0.000222, 0.0, -0.000224, -0.226336, 0.974047, 0.37472, -0.001943, -0.974049, -0.226335, 0.0, 0.0, 0.0, 0.0, 1.0],
                [1.0, -0.001943, -0.000224, -0.0, -0.000224, -0.227625, 0.973747, 0.37472, -0.001943, -0.973748, -0.227624, 0.0, 0.0, 0.0, 0.0, 1.0],
                [0.999998, -0.001943, -0.000221, -0.0, -0.000222, -0.225045, 0.974346, 0.37472, -0.001943, -0.974349, -0.225044, -0.0, 0.0, 0.0, 0.0, 1.0],
                [0.999999, -0.001944, -0.000219, 0.0, -0.000219, -0.222464, 0.974938, 0.37472, -0.001944, -0.974941, -0.222463, -0.0, 0.0, 0.0, 0.0, 1.0],
                [0.999999, -0.001944, -0.000212, 0.0, -0.000213, -0.216117, 0.976365, 0.37472, -0.001944, -0.976367, -0.216116, -0.0, 0.0, 0.0, 0.0, 1.0],
                [1.0, -0.001945, -0.000206, 0.0, -0.000207, -0.20976, 0.977751, 0.37472, -0.001945, -0.977752, -0.20976, 0.0, 0.0, 0.0, 0.0, 1.0],
                [0.999999, -0.001945, -0.000199, 0.0, -0.0002, -0.203394, 0.979094, 0.37472, -0.001945, -0.979097, -0.203394, 0.0, 0.0, 0.0, 0.0, 1.0],
                [0.999999, -0.001947, -0.000192, -0.0, -0.000192, -0.195266, 0.980748, 0.37472, -0.001947, -0.98075, -0.195266, -0.0, 0.0, 0.0, 0.0, 1.0],
                [0.999999, -0.001947, -0.000184, 0.0, -0.000184, -0.187073, 0.982344, 0.37472, -0.001947, -0.982346, -0.187072, 0.0, 0.0, 0.0, 0.0, 1.0],
                [0.999999, -0.001948, -0.000175, -0.0, -0.000176, -0.17897, 0.983852, 0.37472, -0.001948, -0.983854, -0.178969, -0.0, 0.0, 0.0, 0.0, 1.0],
                [0.999999, -0.001948, -0.000167, -0.0, -0.000168, -0.170803, 0.985303, 0.37472, -0.001948, -0.985305, -0.170802, -0.0, 0.0, 0.0, 0.0, 1.0],
                [0.999998, -0.001949, -0.000161, -0.0, -0.000163, -0.165213, 0.986256, 0.37472, -0.001949, -0.986258, -0.165212, 0.0, 0.0, 0.0, 0.0, 1.0],
                [0.999999, -0.001949, -0.000156, 0.0, -0.000158, -0.159617, 0.987177, 0.37472, -0.001949, -0.987178, -0.159616, 0.0, 0.0, 0.0, 0.0, 1.0],
                [0.999999, -0.00195, -0.00015, -0.0, -0.000152, -0.154016, 0.988066, 0.37472, -0.00195, -0.988068, -0.154016, -0.0, 0.0, 0.0, 0.0, 1.0],
                [0.999999, -0.001951, -0.000144, 0.0, -0.000147, -0.148411, 0.988923, 0.37472, -0.00195, -0.988926, -0.14841, -0.0, 0.0, 0.0, 0.0, 1.0],
                [0.999998, -0.001951, -0.000136, -0.0, -0.000138, -0.139807, 0.990176, 0.37472, -0.001951, -0.990179, -0.139807, 0.0, 0.0, 0.0, 0.0, 1.0],
                [0.999999, -0.001952, -0.000127, 0.0, -0.00013, -0.131194, 0.991355, 0.37472, -0.001952, -0.991356, -0.131193, 0.0, 0.0, 0.0, 0.0, 1.0],
                [0.999998, -0.001953, -0.000113, -0.0, -0.000116, -0.116975, 0.993133, 0.37472, -0.001953, -0.993136, -0.116975, 0.0, 0.0, 0.0, 0.0, 1.0],
                [0.999999, -0.001954, -0.0001, 0.0, -0.000102, -0.102733, 0.994707, 0.37472, -0.001953, -0.994708, -0.102732, 0.0, 0.0, 0.0, 0.0, 1.0],
                [0.999998, -0.001954, -8.1e-05, -0.0, -8.2e-05, -0.083192, 0.996531, 0.37472, -0.001954, -0.996533, -0.083192, -0.0, 0.0, 0.0, 0.0, 1.0],
