{
    "animation": [
        {
            "name": "Root",
            "time": [0.0, 0.0333, 0.0667, 0.1, 0.1333, 0.1667, 0.2, 0.2333, 0.2667, 0.3, 0.3333, 0.3667, 0.4, 0.4333, 0.4667, 0.5, 0.5333, 0.5667, 0.6, 0.6333, 0.6667, 0.7, 0.7333, 0.7667, 0.8, 0.8333, 0.8667, 0.9, 0.9333, 0.9667, 1.0, 1.0333, 1.0667, 1.1, 1.1333, 1.1667, 1.2, 1.2333, 1.2667, 1.3, 1.3333, 1.3667, 1.4, 1.4333, 1.4667, 1.5, 1.5333, 1.5667, 1.6, 1.6333, 1.6667, 1.7, 1.7333, 1.7667, 1.8, 1.8333, 1.8667, 1.9, 1.9333, 1.9667, 2.0, 2.0333, 2.0667, 2.1, 2.1333, 2.1667, 2.2, 2.2333, 2.2667, 2.3, 2.3333, 2.3667, 2.4, 2.4333, 2.4667, 2.5, 2.5333, 2.5667, 2.6, 2.6333, 2.6667, 2.7, 2.7333, 2.7667, 2.8, 2.8333, 2.8667, 2.9, 2.9333, 2.9667, 3.0, 3.0333, 3.0667, 3.1, 3.1333, 3.1667, 3.2, 3.2333, 3.2667, 3.3, 3.3333, 3.3667, 3.4, 3.4333, 3.4667, 3.5, 3.5333, 3.5667, 3.6, 3.6333, 3.6667, 3.7, 3.7333, 3.7667, 3.8, 3.8333, 3.8667, 3.9, 3.9333, 3.9667, 4.0, 4.0333, 4.0667, 4.1, 4.1333],
            "transform": [
                [0.808902, 0.000604, -0.587943, 0.000583, -0.587944, 0.001859, -0.8089, 0.001797, 0.000604, 0.999998, 0.001858, 0.615754, 0.0, 0.0, 0.0, 1.0],
                [0.845752, 0.000543, -0.533576, 0.003035, -0.533576, 0.001877, -0.84575, -0.016811, 0.000543, 0.999998, 0.001877, 0.595268, 0.0, 0.0, 0.0, 1.0],
                [0.884842, 0.000469, -0.465892, 0.005764, -0.465892, 0.001897, -0.884839, -0.038656, 0.000469, 0.999998, 0.001897, 0.572652, 0.0, 0.0, 0.0, 1.0],
                [0.919922, 0.000391, -0.392101, 0.008564, -0.392101, 0.001915, -0.91992, -0.061311, 0.000391, 0.999998, 0.001914, 0.550036, 0.0, 0.0, 0.0, 1.0],
                [0.947146, 0.000318, -0.320802, 0.011228, -0.320803, 0.001928, -0.947143, -0.082355, 0.000318, 0.999998, 0.001928, 0.52742, 0.0, 0.0, 0.0, 1.0],
                [0.964493, 0.00026, -0.264107, 0.013552, -0.264107, 0.001937, -0.964491, -0.099357, 0.00026, 0.999998, 0.001936, 0.508011, 0.0, 0.0, 0.0, 1.0],
                [0.972737, 0.000228, -0.231913, 0.015328, -0.231913, 0.001941, -0.972735, -0.10989, 0.000228, 0.999998, 0.001941, 0.492874, 0.0, 0.0, 0.0, 1.0],
                [0.971915, 0.000232, -0.235334, 0.01635, -0.235334, 0.00194, -0.971912, -0.111525, 0.000232, 0.999998, 0.00194, 0.483612, 0.0, 0.0, 0.0, 1.0],
                [0.95248, 0.000301, -0.304603, 0.015941, -0.304603, 0.001931, -0.952477, -0.095613, 0.000301, 0.999998, 0.00193, 0.484664, 0.0, 0.0, 0.0, 1.0],
                [0.901615, 0.000433, -0.43254, 0.014076, -0.432541, 0.001905, -0.901612, -0.061866, 0.000434, 0.999998, 0.001905, 0.496223, 0.0, 0.0, 0.0, 1.0],
                [0.81794, 0.00059, -0.575304, 0.011524, -0.575304, 0.001863, -0.817937, -0.020405, 0.00059, 0.999998, 0.001863, 0.514013, 0.0, 0.0, 0.0, 1.0],
                [0.71457, 0.000738, -0.699563, 0.009051, -0.699564, 0.001809, -0.714568, 0.018653, 0.000738, 0.999998, 0.001809, 0.531803, 0.0, 0.0, 0.0, 1.0],
                [0.623421, 0.000848, -0.781886, 0.007424, -0.781887, 0.00176, -0.623418, 0.045207, 0.000848, 0.999998, 0.00176, 0.546284, 0.0, 0.0, 0.0, 1.0],
                [0.555966, 0.000921, -0.831205, 0.006572, -0.831206, 0.001724, -0.555963, 0.060301, 0.000921, 0.999998, 0.001724, 0.557509, 0.0, 0.0, 0.0, 1.0],
                [0.496744, 0.00098, -0.867896, 0.005893, -0.867897, 0.00169, -0.496742, 0.072208, 0.00098, 0.999998, 0.00169, 0.568733, 0.0, 0.0, 0.0, 1.0],
                [0.445875, 0.001029, -0.895095, 0.005345, -0.895096, 0.001661, -0.445872, 0.081678, 0.001029, 0.999998, 0.001661, 0.579957, 0.0, 0.0, 0.0, 1.0],
                [0.399707, 0.001071, -0.916642, 0.00489, -0.916643, 0.001635, -0.399704, 0.08946, 0.001071, 0.999998, 0.001635, 0.591182, 0.0, 0.0, 0.0, 1.0],
                [0.355479, 0.00111, -0.934684, 0.004492, -0.934684, 0.001609, -0.355477, 0.0963, 0.00111, 0.999998, 0.001609, 0.602406, 0.0, 0.0, 0.0, 1.0],
                [0.31044, 0.001147, -0.950592, 0.00411, -0.950592, 0.001582, -0.310438, 0.102949, 0.001147, 0.999998, 0.001582, 0.613631, 0.0, 0.0, 0.0, 1.0],
                [0.262024, 0.001187, -0.96506, 0.003707, -0.965061, 0.001553, -0.262022, 0.110154, 0.001187, 0.999998, 0.001553, 0.624855, 0.0, 0.0, 0.0, 1.0],
                [0.21294, 0.001226, -0.977064, 0.003235, -0.977065, 0.001522, -0.212938, 0.118663, 0.001226, 0.999998, 0.001522, 0.634423, 0.0, 0.0, 0.0, 1.0],
                [0.170024, 0.001259, -0.985439, 0.002652, -0.98544, 0.001495, -0.170022, 0.129235, 0.001259, 0.999998, 0.001495, 0.643992, 0.0, 0.0, 0.0, 1.0],
                [0.139217, 0.001282, -0.990261, 0.001907, -0.990261, 0.001475, -0.139215, 0.142618, 0.001282, 0.999998, 0.001475, 0.651762, 0.0, 0.0, 0.0, 1.0],
                [0.126865, 0.001291, -0.991919, 0.00096, -0.99192, 0.001467, -0.126863, 0.159569, 0.001291, 0.999998, 0.001467, 0.659531, 0.0, 0.0, 0.0, 1.0],
                [0.13167, 0.001288, -0.991292, 0.000285, -0.991294, 0.00147, -0.131668, 0.180593, 0.001288, 0.999998, 0.00147, 0.668175, 0.0, 0.0, 0.0, 1.0],
                [0.155662, 0.00127, -0.987809, -0.000547, -0.98781, 0.001485, -0.15566, 0.210841, 0.00127, 0.999998, 0.001485, 0.676817, 0.0, 0.0, 0.0, 1.0],
                [0.207506, 0.00123, -0.978233, -0.002944, -0.978234, 0.001518, -0.207503, 0.258027, 0.00123, 0.999998, 0.001518, 0.672799, 0.0, 0.0, 0.0, 1.0],
                [0.296451, 0.001159, -0.955047, -0.008311, -0.955048, 0.001573, -0.296448, 0.329864, 0.001159, 0.999998, 0.001573, 0.646474, 0.0, 0.0, 0.0, 1.0],
                [0.456017, 0.001019, -0.889971, -0.019314, -0.889971, 0.001667, -0.456014, 0.441497, 0.001019, 0.999998, 0.001667, 0.579765, 0.0, 0.0, 0.0, 1.0],
                [0.661162, 0.000804, -0.750242, -0.034431, -0.750243, 0.001781, -0.66116, 0.58442, 0.000804, 0.999998, 0.001781, 0.483321, 0.0, 0.0, 0.0, 1.0],
                [0.829882, 0.00057, -0.557939, -0.048783, -0.557939, 0.001869, -0.829879, 0.730898, 0.00057, 0.999998, 0.001869, 0.389829, 0.0, 0.0, 0.0, 1.0],
                [0.917636, 0.000396, -0.397422, -0.057517, -0.397422, 0.001913, -0.917634, 0.853239, 0.000397, 0.999998, 0.001913, 0.331986, 0.0, 0.0, 0.0, 1.0],
                [0.958554, 0.000281, -0.284911, -0.060821, -0.284911, 0.001934, -0.958551, 0.952499, 0.000281, 0.999998, 0.001934, 0.309357, 0.0, 0.0, 0.0, 1.0],
                [0.983564, 0.000177, -0.180561, -0.062197, -0.180561, 0.001946, -0.983562, 1.046967, 0.000177, 0.999998, 0.001946, 0.298919, 0.0, 0.0, 0.0, 1.0],
                [0.995358, 9.4e-05, -0.096243, -0.061812, -0.096243, 0.001952, -0.995356, 1.134826, 9.4e-05, 0.999998, 0.001952, 0.299476, 0.0, 0.0, 0.0, 1.0],
                [0.999136, 4.1e-05, -0.041568, -0.059832, -0.041568, 0.001954, -0.999134, 1.214257, 4.1e-05, 0.999998, 0.001954, 0.309853, 0.0, 0.0, 0.0, 1.0],
                [0.999631, 2.6e-05, -0.027167, -0.05642, -0.027167, 0.001954, -0.999629, 1.283441, 2.7e-05, 0.999998, 0.001954, 0.328853, 0.0, 0.0, 0.0, 1.0],
                [0.997986, 6.2e-05, -0.063442, -0.051735, -0.063442, 0.001953, -0.997983, 1.340558, 6.2e-05, 0.999998, 0.001953, 0.355308, 0.0, 0.0, 0.0, 1.0],
                [0.978367, 0.000203, -0.206879, -0.043416, -0.20688, 0.001943, -0.978364, 1.377722, 0.000203, 0.999998, 0.001943, 0.402675, 0.0, 0.0, 0.0, 1.0],
                [0.893725, 0.00045, -0.448617, -0.030992, -0.448617, 0.001901, -0.893721, 1.394174, 0.000451, 0.999998, 0.001901, 0.473848, 0.0, 0.0, 0.0, 1.0],
                [0.729124, 0.000719, -0.684381, -0.017467, -0.684382, 0.001817, -0.729122, 1.398794, 0.000719, 0.999998, 0.001817, 0.551763, 0.0, 0.0, 0.0, 1.0],
                [0.546938, 0.00093, -0.837173, -0.005885, -0.837173, 0.001719, -0.546936, 1.400496, 0.00093, 0.999998, 0.001719, 0.619345, 0.0, 0.0, 0.0, 1.0],
                [0.434412, 0.001039, -0.900713, 0.000711, -0.900714, 0.001655, -0.43441, 1.408233, 0.001039, 0.999998, 0.001655, 0.659532, 0.0, 0.0, 0.0, 1.0],
                [0.389769, 0.001079, -0.920912, 0.003293, -0.920913, 0.001629, -0.389767, 1.418092, 0.001079, 0.999998, 0.001629, 0.678091, 0.0, 0.0, 0.0, 1.0],
                [0.36456, 0.001101, -0.931179, 0.004843, -0.93118, 0.001614, -0.364558, 1.422052, 0.001102, 0.999998, 0.001614, 0.691756, 0.0, 0.0, 0.0, 1.0],
                [0.355381, 0.001109, -0.93472, 0.005439, -0.934721, 0.001609, -0.355379, 1.42313, 0.001109, 0.999998, 0.001609, 0.700678, 0.0, 0.0, 0.0, 1.0],
                [0.359974, 0.001105, -0.932961, 0.00512, -0.932963, 0.001611, -0.359972, 1.424239, 0.001105, 0.999998, 0.001611, 0.704652, 0.0, 0.0, 0.0, 1.0],
                [0.37567, 0.001092, -0.926753, 0.003935, -0.926753, 0.00162, -0.375668, 1.428321, 0.001092, 0.999998, 0.001621, 0.703569, 0.0, 0.0, 0.0, 1.0],
                [0.401, 0.001069, -0.916077, 0.001932, -0.916078, 0.001636, -0.400998, 1.438317, 0.00107, 0.999998, 0.001635, 0.697322, 0.0, 0.0, 0.0, 1.0],
                [0.433135, 0.00104, -0.901328, -0.000841, -0.901329, 0.001654, -0.433132, 1.457165, 0.00104, 0.999998, 0.001654, 0.685794, 0.0, 0.0, 0.0, 1.0],
                [0.470517, 0.001005, -0.882391, -0.004333, -0.882391, 0.001676, -0.470515, 1.487807, 0.001005, 0.999998, 0.001676, 0.668886, 0.0, 0.0, 0.0, 1.0],
                [0.510963, 0.000966, -0.859602, -0.008499, -0.859603, 0.001698, -0.51096, 1.533181, 0.000966, 0.999998, 0.001698, 0.646475, 0.0, 0.0, 0.0, 1.0],
                [0.591559, 0.000883, -0.806261, -0.017876, -0.806262, 0.001743, -0.591557, 1.632473, 0.000883, 0.999998, 0.001743, 0.588625, 0.0, 0.0, 0.0, 1.0],
                [0.718754, 0.000733, -0.695264, -0.033103, -0.695264, 0.001812, -0.718752, 1.792009, 0.000733, 0.999998, 0.001812, 0.490704, 0.0, 0.0, 0.0, 1.0],
                [0.835525, 0.00056, -0.549453, -0.04827, -0.549454, 0.001872, -0.835522, 1.965453, 0.00056, 0.999998, 0.001872, 0.392782, 0.0, 0.0, 0.0, 1.0],
                [0.904073, 0.000428, -0.427377, -0.057496, -0.427377, 0.001906, -0.904071, 2.106492, 0.000428, 0.999998, 0.001906, 0.331986, 0.0, 0.0, 0.0, 1.0],
                [0.943269, 0.000329, -0.332029, -0.060792, -0.332029, 0.001926, -0.943267, 2.214142, 0.000329, 0.999998, 0.001926, 0.309357, 0.0, 0.0, 0.0, 1.0],
                [0.973346, 0.000225, -0.229342, -0.062173, -0.229342, 0.001941, -0.973344, 2.316671, 0.000226, 0.999998, 0.001941, 0.298919, 0.0, 0.0, 0.0, 1.0],
                [0.990868, 0.000132, -0.134833, -0.061799, -0.134833, 0.00195, -0.990866, 2.411667, 0.000132, 0.999998, 0.001949, 0.299476, 0.0, 0.0, 0.0, 1.0],
                [0.997925, 6.3e-05, -0.064387, -0.059831, -0.064387, 0.001953, -0.997923, 2.49672, 6.3e-05, 0.999998, 0.001953, 0.309853, 0.0, 0.0, 0.0, 1.0],
                [0.999392, 3.4e-05, -0.034861, -0.056425, -0.034861, 0.001954, -0.99939, 2.569414, 3.4e-05, 0.999998, 0.001954, 0.328853, 0.0, 0.0, 0.0, 1.0],
                [0.997986, 6.2e-05, -0.063442, -0.051735, -0.063442, 0.001953, -0.997983, 2.627342, 6.2e-05, 0.999998, 0.001953, 0.355308, 0.0, 0.0, 0.0, 1.0],
                [0.978915, 0.000201, -0.204267, -0.043429, -0.204267, 0.001944, -0.978913, 2.661002, 0.000201, 0.999998, 0.001944, 0.402676, 0.0, 0.0, 0.0, 1.0],
                [0.895177, 0.000447, -0.445711, -0.031004, -0.445711, 0.001902, -0.895175, 2.669276, 0.000447, 0.999998, 0.001902, 0.473848, 0.0, 0.0, 0.0, 1.0],
                [0.729639, 0.000718, -0.683832, -0.017474, -0.683833, 0.001817, -0.729637, 2.663521, 0.000718, 0.999998, 0.001817, 0.551764, 0.0, 0.0, 0.0, 1.0],
                [0.543918, 0.000933, -0.839138, -0.005885, -0.839138, 0.001717, -0.543916, 2.655129, 0.000933, 0.999998, 0.001717, 0.619345, 0.0, 0.0, 0.0, 1.0],
                [0.424178, 0.001048, -0.905578, 0.00072, -0.905578, 0.001649, -0.424176, 2.655526, 0.001048, 0.999998, 0.001649, 0.659532, 0.0, 0.0, 0.0, 1.0],
                [0.369793, 0.001097, -0.929113, 0.003301, -0.929114, 0.001617, -0.369791, 2.659609, 0.001097, 0.999998, 0.001617, 0.678006, 0.0, 0.0, 0.0, 1.0],
                [0.330338, 0.001131, -0.943862, 0.004873, -0.943863, 0.001594, -0.330336, 2.657006, 0.001131, 0.999998, 0.001594, 0.691756, 0.0, 0.0, 0.0, 1.0],
                [0.306448, 0.001151, -0.951887, 0.005482, -0.951887, 0.00158, -0.306446, 2.651248, 0.001151, 0.999998, 0.001579, 0.700678, 0.0, 0.0, 0.0, 1.0],
                [0.295115, 0.00116, -0.955461, 0.005177, -0.955461, 0.001572, -0.295113, 2.645862, 0.00116, 0.999998, 0.001572, 0.704653, 0.0, 0.0, 0.0, 1.0],
                [0.297161, 0.001158, -0.954826, 0.003992, -0.954827, 0.001574, -0.297159, 2.644419, 0.001159, 0.999998, 0.001574, 0.70353, 0.0, 0.0, 0.0, 1.0],
                [0.30911, 0.001148, -0.951025, 0.002014, -0.951026, 0.001581, -0.309108, 2.650332, 0.001148, 0.999998, 0.001581, 0.697322, 0.0, 0.0, 0.0, 1.0],
                [0.332322, 0.001129, -0.943165, -0.00075, -0.943166, 0.001595, -0.33232, 2.667244, 0.001129, 0.999998, 0.001595, 0.685801, 0.0, 0.0, 0.0, 1.0],
                [0.363905, 0.001102, -0.931435, -0.004237, -0.931436, 0.001614, -0.363903, 2.698647, 0.001102, 0.999998, 0.001614, 0.668886, 0.0, 0.0, 0.0, 1.0],
                [0.403585, 0.001067, -0.914941, -0.0084, -0.914942, 0.001637, -0.403583, 2.748065, 0.001067, 0.999998, 0.001637, 0.646474, 0.0, 0.0, 0.0, 1.0],
                [0.50232, 0.000975, -0.864681, -0.017792, -0.864682, 0.001694, -0.502318, 2.86627, 0.000975, 0.999998, 0.001694, 0.588625, 0.0, 0.0, 0.0, 1.0],
                [0.664482, 0.0008, -0.747304, -0.033047, -0.747305, 0.001783, -0.664479, 3.060508, 0.000801, 0.999998, 0.001783, 0.490704, 0.0, 0.0, 0.0, 1.0],
                [0.81163, 0.0006, -0.584171, -0.048241, -0.584172, 0.00186, -0.811628, 3.269059, 0.0006, 0.999998, 0.00186, 0.392783, 0.0, 0.0, 0.0, 1.0],
                [0.894451, 0.000449, -0.447165, -0.057482, -0.447165, 0.001901, -0.894449, 3.430234, 0.000449, 0.999998, 0.001901, 0.331986, 0.0, 0.0, 0.0, 1.0],
                [0.936355, 0.000349, -0.351056, -0.060236, -0.351056, 0.001923, -0.936352, 3.544648, 0.000349, 0.999998, 0.001923, 0.312261, 0.0, 0.0, 0.0, 1.0],
                [0.965633, 0.000256, -0.25991, -0.060418, -0.25991, 0.001937, -0.96563, 3.651269, 0.000256, 0.999998, 0.001937, 0.308206, 0.0, 0.0, 0.0, 1.0],
                [0.983726, 0.000176, -0.179676, -0.058842, -0.179676, 0.001946, -0.983724, 3.745986, 0.000176, 0.999998, 0.001946, 0.315146, 0.0, 0.0, 0.0, 1.0],
                [0.993184, 0.000114, -0.116562, -0.056328, -0.116562, 0.001951, -0.993181, 3.824686, 0.000114, 0.999998, 0.001951, 0.329256, 0.0, 0.0, 0.0, 1.0],
                [0.99706, 7.5e-05, -0.076633, -0.053688, -0.076633, 0.001953, -0.997057, 3.883247, 7.5e-05, 0.999998, 0.001953, 0.343365, 0.0, 0.0, 0.0, 1.0],
                [0.997986, 6.2e-05, -0.063442, -0.051735, -0.063442, 0.001953, -0.997983, 3.917562, 6.2e-05, 0.999998, 0.001953, 0.355308, 0.0, 0.0, 0.0, 1.0],
                [0.997606, 6.8e-05, -0.069156, -0.050453, -0.069156, 0.001953, -0.997603, 3.93606, 6.8e-05, 0.999998, 0.001953, 0.364833, 0.0, 0.0, 0.0, 1.0],
                [0.99684, 7.8e-05, -0.079447, -0.049298, -0.079447, 0.001952, -0.996836, 3.94986, 7.8e-05, 0.999998, 0.001952, 0.37424, 0.0, 0.0, 0.0, 1.0],
                [0.995448, 9.3e-05, -0.095315, -0.048222, -0.095315, 0.001952, -0.995445, 3.959653, 9.3e-05, 0.999998, 0.001952, 0.383706, 0.0, 0.0, 0.0, 1.0],
                [0.993291, 0.000113, -0.115644, -0.047202, -0.115644, 0.001951, -0.993288, 3.965785, 0.000113, 0.999998, 0.001951, 0.39422, 0.0, 0.0, 0.0, 1.0],
                [0.990112, 0.000137, -0.140278, -0.046211, -0.140278, 0.001949, -0.99011, 3.968691, 0.000138, 0.999998, 0.001949, 0.404734, 0.0, 0.0, 0.0, 1.0],
                [0.985491, 0.000166, -0.169729, -0.04522, -0.169729, 0.001947, -0.985489, 3.968798, 0.000166, 0.999998, 0.001947, 0.415248, 0.0, 0.0, 0.0, 1.0],
                [0.979993, 0.000195, -0.199029, -0.044207, -0.199029, 0.001944, -0.979992, 3.966541, 0.000196, 0.999998, 0.001944, 0.425762, 0.0, 0.0, 0.0, 1.0],
                [0.972687, 0.000228, -0.23212, -0.043137, -0.23212, 0.001941, -0.972685, 3.962352, 0.000228, 0.999998, 0.001941, 0.436808, 0.0, 0.0, 0.0, 1.0],
                [0.964264, 0.000261, -0.264944, -0.041988, -0.264944, 0.001936, -0.964261, 3.956663, 0.000261, 0.999998, 0.001936, 0.447854, 0.0, 0.0, 0.0, 1.0],
                [0.954302, 0.000295, -0.298845, -0.040729, -0.298845, 0.001932, -0.9543, 3.949908, 0.000296, 0.999998, 0.001932, 0.4589, 0.0, 0.0, 0.0, 1.0],
                [0.943141, 0.00033, -0.332392, -0.039336, -0.332392, 0.001927, -0.943139, 3.942514, 0.00033, 0.999998, 0.001927, 0.469946, 0.0, 0.0, 0.0, 1.0],
                [0.930802, 0.000364, -0.365524, -0.037778, -0.365524, 0.001921, -0.9308, 3.934917, 0.000364, 0.999998, 0.001921, 0.480993, 0.0, 0.0, 0.0, 1.0],
                [0.917308, 0.000397, -0.39818, -0.03603, -0.39818, 0.001913, -0.917305, 3.927549, 0.000397, 0.999998, 0.001913, 0.492039, 0.0, 0.0, 0.0, 1.0],
                [0.904143, 0.000428, -0.427231, -0.034064, -0.427231, 0.001907, -0.90414, 3.920842, 0.000428, 0.999998, 0.001907, 0.503085, 0.0, 0.0, 0.0, 1.0],
                [0.890058, 0.000458, -0.455848, -0.031851, -0.455849, 0.001899, -0.890055, 3.915228, 0.000458, 0.999998, 0.001899, 0.51413, 0.0, 0.0, 0.0, 1.0],
                [0.877775, 0.000483, -0.479073, -0.029349, -0.479074, 0.001894, -0.877772, 3.911127, 0.000483, 0.999998, 0.001893, 0.525245, 0.0, 0.0, 0.0, 1.0],
                [0.865049, 0.000508, -0.501687, -0.02658, -0.501688, 0.001887, -0.865047, 3.909011, 0.000508, 0.999998, 0.001887, 0.536223, 0.0, 0.0, 0.0, 1.0],
                [0.855319, 0.000525, -0.518102, -0.021846, -0.518103, 0.001882, -0.855316, 3.907585, 0.000526, 0.999998, 0.001882, 0.547269, 0.0, 0.0, 0.0, 1.0],
                [0.847852, 0.000539, -0.530234, -0.014411, -0.530234, 0.001878, -0.847849, 3.905469, 0.000539, 0.999998, 0.001878, 0.559546, 0.0, 0.0, 0.0, 1.0],
                [0.843224, 0.000547, -0.537563, -0.005597, -0.537563, 0.001876, -0.843221, 3.90288, 0.000547, 0.999998, 0.001876, 0.571823, 0.0, 0.0, 0.0, 1.0],
                [0.838533, 0.000555, -0.544851, 0.003279, -0.544852, 0.001874, -0.83853, 3.900037, 0.000555, 0.999998, 0.001874, 0.5841, 0.0, 0.0, 0.0, 1.0],
                [0.835959, 0.000559, -0.548792, 0.010896, -0.548793, 0.001872, -0.835956, 3.897164, 0.00056, 0.999998, 0.001872, 0.596377, 0.0, 0.0, 0.0, 1.0],
                [0.833366, 0.000564, -0.552721, 0.015936, -0.552722, 0.001871, -0.833363, 3.89448, 0.000564, 0.999998, 0.001871, 0.608653, 0.0, 0.0, 0.0, 1.0],
                [0.830755, 0.000568, -0.556638, 0.018163, -0.556639, 0.00187, -0.830752, 3.891771, 0.000569, 0.999998, 0.00187, 0.619872, 0.0, 0.0, 0.0, 1.0],
                [0.830864, 0.000568, -0.556475, 0.018582, -0.556476, 0.00187, -0.830861, 3.888822, 0.000568, 0.999998, 0.00187, 0.63109, 0.0, 0.0, 0.0, 1.0],
                [0.830973, 0.000568, -0.556313, 0.017745, -0.556313, 0.00187, -0.83097, 3.885839, 0.000568, 0.999998, 0.00187, 0.640067, 0.0, 0.0, 0.0, 1.0],
                [0.831082, 0.000568, -0.55615, 0.016195, -0.556151, 0.00187, -0.831079, 3.88303, 0.000568, 0.999998, 0.00187, 0.649044, 0.0, 0.0, 0.0, 1.0],
                [0.83119, 0.000568, -0.555988, 0.014481, -0.555988, 0.00187, -0.831188, 3.880602, 0.000568, 0.999998, 0.00187, 0.654687, 0.0, 0.0, 0.0, 1.0],
                [0.829738, 0.00057, -0.558153, 0.01315, -0.558154, 0.001869, -0.829735, 3.878769, 0.00057, 0.999998, 0.001869, 0.66033, 0.0, 0.0, 0.0, 1.0],
                [0.828279, 0.000572, -0.560316, 0.012136, -0.560316, 0.001868, -0.828276, 3.877427, 0.000573, 0.999998, 0.001868, 0.66241, 0.0, 0.0, 0.0, 1.0],
                [0.826815, 0.000575, -0.562474, 0.011019, -0.562475, 0.001867, -0.826812, 3.876317, 0.000575, 0.999998, 0.001867, 0.661748, 0.0, 0.0, 0.0, 1.0],
                [0.82462, 0.000579, -0.565688, 0.009819, -0.565689, 0.001866, -0.824617, 3.875396, 0.000579, 0.999998, 0.001866, 0.657934, 0.0, 0.0, 0.0, 1.0],
                [0.822412, 0.000582, -0.568893, 0.008555, -0.568894, 0.001865, -0.822408, 3.874627, 0.000582, 0.999998, 0.001865, 0.654121, 0.0, 0.0, 0.0, 1.0],
                [0.820191, 0.000586, -0.57209, 0.007241, -0.572091, 0.001864, -0.820188, 3.873963, 0.000586, 0.999998, 0.001864, 0.647484, 0.0, 0.0, 0.0, 1.0],
                [0.817958, 0.00059, -0.575278, 0.005898, -0.575279, 0.001863, -0.817955, 3.87337, 0.00059, 0.999998, 0.001863, 0.640847, 0.0, 0.0, 0.0, 1.0],
                [0.815712, 0.000593, -0.578458, 0.004542, -0.578458, 0.001862, -0.81571, 3.872803, 0.000593, 0.999998, 0.001862, 0.63421, 0.0, 0.0, 0.0, 1.0],
                [0.813454, 0.000597, -0.581629, 0.003193, -0.581629, 0.001861, -0.813452, 3.872224, 0.000597, 0.999998, 0.001861, 0.627573, 0.0, 0.0, 0.0, 1.0],
                [0.811184, 0.0006, -0.584791, 0.001867, -0.584791, 0.00186, -0.811182, 3.871588, 0.0006, 0.999998, 0.001859, 0.620937, 0.0, 0.0, 0.0, 1.0],
                [0.808902, 0.000604, -0.587943, 0.000583, -0.587944, 0.001859, -0.8089, 3.870858, 0.000604, 0.999998, 0.001858, 0.615755, 0.0, 0.0, 0.0, 1.0]
            ]
        },
        {
            "name": "Thigh_R",
            "time": [0.0, 0.0333, 0.0667, 0.1, 0.1333, 0.1667, 0.2, 0.2333, 0.2667, 0.3, 0.3333, 0.3667, 0.4, 0.4333, 0.4667, 0.5, 0.5333, 0.5667, 0.6, 0.6333, 0.6667, 0.7, 0.7333, 0.7667, 0.8, 0.8333, 0.8667, 0.9, 0.9333, 0.9667, 1.0, 1.0333, 1.0667, 1.1, 1.1333, 1.1667, 1.2, 1.2333, 1.2667, 1.3, 1.3333, 1.3667, 1.4, 1.4333, 1.4667, 1.5, 1.5333, 1.5667, 1.6, 1.6333, 1.6667, 1.7, 1.7333, 1.7667, 1.8, 1.8333, 1.8667, 1.9, 1.9333, 1.9667, 2.0, 2.0333, 2.0667, 2.1, 2.1333, 2.1667, 2.2, 2.2333, 2.2667, 2.3, 2.3333, 2.3667, 2.4, 2.4333, 2.4667, 2.5, 2.5333, 2.5667, 2.6, 2.6333, 2.6667, 2.7, 2.7333, 2.7667, 2.8, 2.8333, 2.8667, 2.9, 2.9333, 2.9667, 3.0, 3.0333, 3.0667, 3.1, 3.1333, 3.1667, 3.2, 3.2333, 3.2667, 3.3, 3.3333, 3.3667, 3.4, 3.4333, 3.4667, 3.5, 3.5333, 3.5667, 3.6, 3.6333, 3.6667, 3.7, 3.7333, 3.7667, 3.8, 3.8333, 3.8667, 3.9, 3.9333, 3.9667, 4.0, 4.0333, 4.0667, 4.1, 4.1333],
            "transform": [
                [0.93641, 0.348182, -0.043668, 0.124994, 0.325002, -0.813599, 0.482109, -0.002831, 0.132333, -0.465643, -0.875021, -1.2e-05, 0.0, 0.0, 0.0, 1.0],
                [0.927327, 0.374253, -5.7e-05, 0.124994, 0.318548, -0.789219, 0.525032, -0.002831, 0.19645, -0.486895, -0.851081, -1.2e-05, 0.0, 0.0, 0.0, 1.0],
                [0.91167, 0.407814, 0.05048, 0.124994, 0.309884, -0.762966, 0.567321, -0.002831, 0.269877, -0.501566, -0.821947, -1.2e-05, 0.0, 0.0, 0.0, 1.0],
                [0.889074, 0.447227, 0.097649, 0.124994, 0.302043, -0.733422, 0.608984, -0.002831, 0.343972, -0.511938, -0.787148, -1.2e-05, 0.0, 0.0, 0.0, 1.0],
                [0.863305, 0.485847, 0.136592, 0.124994, 0.294967, -0.705345, 0.644578, -0.002831, 0.409512, -0.516178, -0.752236, -1.2e-05, 0.0, 0.0, 0.0, 1.0],
                [0.835005, 0.52431, 0.166929, 0.124994, 0.293588, -0.681111, 0.670741, -0.002831, 0.465374, -0.511064, -0.722662, -1.2e-05, 0.0, 0.0, 0.0, 1.0],
                [0.817262, 0.54864, 0.176289, 0.124994, 0.291617, -0.657598, 0.694639, -0.002831, 0.497035, -0.516293, -0.697422, -1.2e-05, 0.0, 0.0, 0.0, 1.0],
                [0.813, 0.557565, 0.16779, 0.124994, 0.29313, -0.640914, 0.709438, -0.002831, 0.503097, -0.527589, -0.684502, -1.2e-05, 0.0, 0.0, 0.0, 1.0],
                [0.830654, 0.541809, 0.128289, 0.124994, 0.304172, -0.63456, 0.7105, -0.002831, 0.466363, -0.551158, -0.691902, -1.2e-05, 0.0, 0.0, 0.0, 1.0],
                [0.86623, 0.496179, 0.05876, 0.124994, 0.31691, -0.636528, 0.703135, -0.002831, 0.386284, -0.590455, -0.708623, -1.2e-05, 0.0, 0.0, 0.0, 1.0],
                [0.896155, 0.441872, -0.040704, 0.124994, 0.347615, -0.642043, 0.683333, -0.002831, 0.275812, -0.626521, -0.72897, -1.2e-05, 0.0, 0.0, 0.0, 1.0],
                [0.912402, 0.382788, -0.144904, 0.124994, 0.377512, -0.650252, 0.659284, -0.002831, 0.158142, -0.656235, -0.737797, -1.2e-05, 0.0, 0.0, 0.0, 1.0],
                [0.914403, 0.329744, -0.234812, 0.124994, 0.4011, -0.659701, 0.63554, -0.002831, 0.05466, -0.675323, -0.735493, -1.2e-05, 0.0, 0.0, 0.0, 1.0],
                [0.91006, 0.284139, -0.301758, 0.124994, 0.413474, -0.673077, 0.613193, -0.002831, -0.028874, -0.682811, -0.730023, -1.2e-05, 0.0, 0.0, 0.0, 1.0],
                [0.89979, 0.243103, -0.362326, 0.124994, 0.422701, -0.691566, 0.585713, -0.002831, -0.108184, -0.680174, -0.725023, -1.2e-05, 0.0, 0.0, 0.0, 1.0],
                [0.884397, 0.206477, -0.418581, 0.124994, 0.428946, -0.713083, 0.554542, -0.002831, -0.183984, -0.669983, -0.719216, -1.2e-05, 0.0, 0.0, 0.0, 1.0],
                [0.864452, 0.175815, -0.47097, 0.124994, 0.433372, -0.735424, 0.520902, -0.002831, -0.254781, -0.6544, -0.711931, -1.2e-05, 0.0, 0.0, 0.0, 1.0],
                [0.841367, 0.14931, -0.519431, 0.124994, 0.435202, -0.757047, 0.487317, -0.002831, -0.320473, -0.636069, -0.701934, -1.2e-05, 0.0, 0.0, 0.0, 1.0],
                [0.816052, 0.128397, -0.563536, 0.124994, 0.43735, -0.774616, 0.456831, -0.002831, -0.37787, -0.61926, -0.688281, -1.2e-05, 0.0, 0.0, 0.0, 1.0],
                [0.78662, 0.114602, -0.606709, 0.124994, 0.443156, -0.78901, 0.425529, -0.002831, -0.429935, -0.603596, -0.671437, -1.2e-05, 0.0, 0.0, 0.0, 1.0],
                [0.759024, 0.106545, -0.642285, 0.124994, 0.450175, -0.798576, 0.399523, -0.002831, -0.470347, -0.592388, -0.654102, -1.2e-05, 0.0, 0.0, 0.0, 1.0],
                [0.735868, 0.104414, -0.669026, 0.124994, 0.456614, -0.806107, 0.376424, -0.002831, -0.500004, -0.582485, -0.640864, -1.2e-05, 0.0, 0.0, 0.0, 1.0],
                [0.716231, 0.113208, -0.68862, 0.124994, 0.464703, -0.813534, 0.34959, -0.002831, -0.520641, -0.57039, -0.635285, -1.2e-05, 0.0, 0.0, 0.0, 1.0],
                [0.698969, 0.139371, -0.701439, 0.124994, 0.474691, -0.824019, 0.309291, -0.002831, -0.534894, -0.549152, -0.642121, -1.2e-05, 0.0, 0.0, 0.0, 1.0],
                [0.685597, 0.198033, -0.700528, 0.124994, 0.482897, -0.843815, 0.234063, -0.002831, -0.544766, -0.498756, -0.674145, -1.2e-05, 0.0, 0.0, 0.0, 1.0],
                [0.682722, 0.283979, -0.673236, 0.124994, 0.494691, -0.857742, 0.139853, -0.002831, -0.53775, -0.428523, -0.72608, -1.2e-05, 0.0, 0.0, 0.0, 1.0],
                [0.699617, 0.364459, -0.614578, 0.124994, 0.515058, -0.85339, 0.080243, -0.002831, -0.495231, -0.372682, -0.784763, -1.2e-05, 0.0, 0.0, 0.0, 1.0],
                [0.720322, 0.458144, -0.520807, 0.124994, 0.560258, -0.826959, 0.04742, -0.002831, -0.408963, -0.325943, -0.852355, -1.2e-05, 0.0, 0.0, 0.0, 1.0],
                [0.701999, 0.590868, -0.397583, 0.124994, 0.628427, -0.776592, -0.044545, -0.002831, -0.335081, -0.218581, -0.916483, -1.2e-05, 0.0, 0.0, 0.0, 1.0],
                [0.681341, 0.698837, -0.217717, 0.124994, 0.668524, -0.715247, -0.203709, -0.002831, -0.298082, -0.006753, -0.954516, -1.2e-05, 0.0, 0.0, 0.0, 1.0],
                [0.697944, 0.713667, -0.059607, 0.124994, 0.657104, -0.671268, -0.342947, -0.002831, -0.284764, 0.20019, -0.937461, -1.2e-05, 0.0, 0.0, 0.0, 1.0],
                [0.735687, 0.676265, 0.037811, 0.124994, 0.632204, -0.665576, -0.396643, -0.002831, -0.24307, 0.315709, -0.917193, -1.2e-05, 0.0, 0.0, 0.0, 1.0],
                [0.756611, 0.647206, 0.09308, 0.124994, 0.630005, -0.683469, -0.368733, -0.002831, -0.175029, 0.337628, -0.924862, -1.2e-05, 0.0, 0.0, 0.0, 1.0],
                [0.776624, 0.618684, 0.118682, 0.124994, 0.621755, -0.722454, -0.302454, -0.002831, -0.101382, 0.308684, -0.945745, -1.2e-05, 0.0, 0.0, 0.0, 1.0],
                [0.790635, 0.602151, 0.110954, 0.124994, 0.611857, -0.770182, -0.180138, -0.002831, -0.023016, 0.210312, -0.977363, -1.2e-05, 0.0, 0.0, 0.0, 1.0],
                [0.796457, 0.598097, 0.089084, 0.124994, 0.601829, -0.798359, -0.020579, -0.002831, 0.058813, 0.070004, -0.995811, -1.2e-05, 0.0, 0.0, 0.0, 1.0],
                [0.791218, 0.608355, 0.062286, 0.124994, 0.59392, -0.788698, 0.158786, -0.002831, 0.145723, -0.088641, -0.985346, -1.2e-05, 0.0, 0.0, 0.0, 1.0],
                [0.812884, 0.581474, -0.03328, 0.124994, 0.54708, -0.742699, 0.386136, -0.002831, 0.199811, -0.33209, -0.921841, -1.2e-05, 0.0, 0.0, 0.0, 1.0],
                [0.867572, 0.485858, -0.106122, 0.124994, 0.492431, -0.80943, 0.319896, -0.002831, 0.069526, -0.32979, -0.94149, -1.2e-05, 0.0, 0.0, 0.0, 1.0],
                [0.891172, 0.381774, -0.245076, 0.124994, 0.445449, -0.838719, 0.313247, -0.002831, -0.085961, -0.388325, -0.917503, -1.1e-05, 0.0, 0.0, 0.0, 1.0],
                [0.878897, 0.277757, -0.387803, 0.124994, 0.411733, -0.852249, 0.322717, -0.002831, -0.240869, -0.443306, -0.863401, -1.2e-05, 0.0, 0.0, 0.0, 1.0],
                [0.857734, 0.199972, -0.473607, 0.124994, 0.382239, -0.864118, 0.327401, -0.002831, -0.343783, -0.461854, -0.81762, -1.2e-05, 0.0, 0.0, 0.0, 1.0],
                [0.839609, 0.179885, -0.512542, 0.124994, 0.37277, -0.877128, 0.3028, -0.002831, -0.395097, -0.445294, -0.803499, -1.2e-05, 0.0, 0.0, 0.0, 1.0],
                [0.839155, 0.19835, -0.506435, 0.124994, 0.373215, -0.887317, 0.270883, -0.002831, -0.39564, -0.416321, -0.818623, -1.2e-05, 0.0, 0.0, 0.0, 1.0],
                [0.85302, 0.228311, -0.46929, 0.124994, 0.373514, -0.895107, 0.243454, -0.002831, -0.364483, -0.382956, -0.84882, -1.2e-05, 0.0, 0.0, 0.0, 1.0],
                [0.874378, 0.262634, -0.408029, 0.124994, 0.373916, -0.900603, 0.221589, -0.002831, -0.309276, -0.34632, -0.885669, -1.2e-05, 0.0, 0.0, 0.0, 1.0],
                [0.896207, 0.29475, -0.331567, 0.124994, 0.373732, -0.904307, 0.206276, -0.002831, -0.23904, -0.308783, -0.920604, -1.2e-05, 0.0, 0.0, 0.0, 1.0],
                [0.910803, 0.323041, -0.257069, 0.124994, 0.377663, -0.903478, 0.202725, -0.002831, -0.166769, -0.281727, -0.94489, -1.2e-05, 0.0, 0.0, 0.0, 1.0],
                [0.916531, 0.348209, -0.196778, 0.124994, 0.38732, -0.895436, 0.219489, -0.002831, -0.099774, -0.277384, -0.955563, -1.2e-05, 0.0, 0.0, 0.0, 1.0],
                [0.912428, 0.373895, -0.166369, 0.124994, 0.405855, -0.878909, 0.250597, -0.002831, -0.052526, -0.296173, -0.953688, -1.2e-05, 0.0, 0.0, 0.0, 1.0],
                [0.899562, 0.400966, -0.173254, 0.124994, 0.435298, -0.855761, 0.27962, -0.002831, -0.036146, -0.326952, -0.944348, -1.2e-05, 0.0, 0.0, 0.0, 1.0],
                [0.874349, 0.440118, -0.204478, 0.124994, 0.47965, -0.847817, 0.226145, -0.002831, -0.073829, -0.295807, -0.95239, -1.1e-05, 0.0, 0.0, 0.0, 1.0],
                [0.816417, 0.489506, -0.306347, 0.124994, 0.542294, -0.832223, 0.115418, -0.002831, -0.198452, -0.260359, -0.944896, -1.2e-05, 0.0, 0.0, 0.0, 1.0],
                [0.759748, 0.466496, -0.452953, 0.124994, 0.525696, -0.850653, 0.005671, -0.002831, -0.382661, -0.242424, -0.891516, -1.1e-05, 0.0, 0.0, 0.0, 1.0],
                [0.756785, 0.516792, -0.400253, 0.124994, 0.401825, -0.850765, -0.338724, -0.002831, -0.515573, 0.09551, -0.851506, -1.2e-05, 0.0, 0.0, 0.0, 1.0],
                [0.804612, 0.567966, -0.173249, 0.124994, 0.294727, -0.635269, -0.71384, -0.002831, -0.515498, 0.523302, -0.67854, -1.2e-05, 0.0, 0.0, 0.0, 1.0],
                [0.845837, 0.521752, -0.111066, 0.124994, 0.309405, -0.649451, -0.694608, -0.002831, -0.434547, 0.55316, -0.710762, -1.2e-05, 0.0, 0.0, 0.0, 1.0],
                [0.867849, 0.495992, -0.028834, 0.124994, 0.385419, -0.708725, -0.590897, -0.002831, -0.313516, 0.501695, -0.806231, -1.2e-05, 0.0, 0.0, 0.0, 1.0],
                [0.859119, 0.511263, 0.022902, 0.124994, 0.482333, -0.793922, -0.370192, -0.002831, -0.171083, 0.329085, -0.928672, -1.2e-05, 0.0, 0.0, 0.0, 1.0],
                [0.827922, 0.558451, 0.051751, 0.124994, 0.560617, -0.82142, -0.104769, -0.002831, -0.016, 0.115753, -0.993149, -1.2e-05, 0.0, 0.0, 0.0, 1.0],
                [0.791683, 0.607943, 0.060357, 0.124994, 0.595087, -0.789729, 0.14899, -0.002831, 0.138244, -0.082035, -0.986994, -1.2e-05, 0.0, 0.0, 0.0, 1.0],
                [0.808047, 0.58542, -0.065908, 0.124994, 0.555814, -0.720492, 0.414682, -0.002831, 0.195278, -0.371715, -0.907575, -1.2e-05, 0.0, 0.0, 0.0, 1.0],
                [0.873431, 0.463912, -0.148003, 0.124994, 0.485661, -0.807805, 0.334042, -0.002831, 0.035408, -0.363641, -0.930865, -1.2e-05, 0.0, 0.0, 0.0, 1.0],
                [0.893155, 0.332936, -0.302371, 0.124994, 0.422877, -0.850582, 0.312544, -0.002831, -0.153135, -0.407015, -0.900492, -1.1e-05, 0.0, 0.0, 0.0, 1.0],
                [0.859363, 0.203555, -0.469108, 0.124994, 0.380538, -0.867359, 0.320745, -0.002831, -0.341597, -0.454149, -0.822836, -1.2e-05, 0.0, 0.0, 0.0, 1.0],
                [0.80384, 0.110451, -0.584502, 0.124994, 0.353007, -0.879455, 0.319286, -0.002831, -0.478779, -0.462988, -0.745931, -1.2e-05, 0.0, 0.0, 0.0, 1.0],
                [0.76285, 0.080578, -0.641535, 0.124994, 0.335867, -0.89722, 0.286687, -0.002831, -0.552498, -0.434169, -0.711507, -1.1e-05, 0.0, 0.0, 0.0, 1.0],
                [0.737076, 0.088141, -0.670038, 0.124994, 0.333515, -0.909755, 0.247207, -0.002831, -0.587784, -0.405677, -0.699954, -1.2e-05, 0.0, 0.0, 0.0, 1.0],
                [0.72755, 0.104597, -0.678034, 0.124994, 0.332627, -0.918158, 0.215276, -0.002831, -0.600027, -0.382156, -0.702797, -1.2e-05, 0.0, 0.0, 0.0, 1.0],
                [0.729164, 0.126094, -0.672621, 0.124994, 0.334444, -0.923168, 0.189495, -0.002831, -0.597049, -0.363127, -0.715312, -1.2e-05, 0.0, 0.0, 0.0, 1.0],
                [0.740767, 0.145457, -0.655825, 0.124994, 0.336651, -0.925216, 0.175046, -0.002831, -0.581319, -0.350451, -0.734337, -1.2e-05, 0.0, 0.0, 0.0, 1.0],
                [0.755478, 0.161589, -0.634935, 0.124994, 0.343944, -0.922646, 0.17443, -0.002831, -0.557635, -0.35016, -0.752615, -1.2e-05, 0.0, 0.0, 0.0, 1.0],
                [0.768905, 0.170597, -0.616184, 0.124994, 0.355192, -0.91532, 0.189808, -0.002831, -0.531626, -0.364807, -0.764388, -1.2e-05, 0.0, 0.0, 0.0, 1.0],
                [0.776972, 0.177585, -0.603968, 0.124994, 0.373097, -0.902641, 0.214563, -0.002831, -0.507065, -0.392048, -0.767582, -1.2e-05, 0.0, 0.0, 0.0, 1.0],
                [0.774936, 0.18702, -0.603737, 0.124994, 0.397169, -0.887154, 0.234975, -0.002831, -0.491664, -0.421875, -0.761765, -1.1e-05, 0.0, 0.0, 0.0, 1.0],
                [0.761312, 0.250503, -0.598041, 0.124994, 0.438536, -0.878323, 0.190352, -0.002831, -0.477592, -0.407179, -0.778531, -1.2e-05, 0.0, 0.0, 0.0, 1.0],
                [0.712432, 0.360608, -0.602, 0.124993, 0.497175, -0.864793, 0.070349, -0.002831, -0.495239, -0.349417, -0.79539, -1.2e-05, 0.0, 0.0, 0.0, 1.0],
                [0.657633, 0.515127, -0.549694, 0.124994, 0.48543, -0.847756, -0.213698, -0.002831, -0.57609, -0.126302, -0.80757, -1.2e-05, 0.0, 0.0, 0.0, 1.0],
                [0.701082, 0.648307, -0.296955, 0.124994, 0.361422, -0.682047, -0.635755, -0.002831, -0.614703, 0.33839, -0.712483, -1.1e-05, 0.0, 0.0, 0.0, 1.0],
                [0.77676, 0.587928, -0.225796, 0.124994, 0.288713, -0.651041, -0.701989, -0.002831, -0.559723, 0.480087, -0.675445, -1.2e-05, 0.0, 0.0, 0.0, 1.0],
                [0.823036, 0.552455, -0.131927, 0.124994, 0.337771, -0.662791, -0.668294, -0.002831, -0.456644, 0.505469, -0.732104, -1.2e-05, 0.0, 0.0, 0.0, 1.0],
                [0.837976, 0.545285, -0.021487, 0.124994, 0.439655, -0.697921, -0.565339, -0.002831, -0.323268, 0.464293, -0.824578, -1.2e-05, 0.0, 0.0, 0.0, 1.0],
                [0.825527, 0.562208, 0.04928, 0.124994, 0.53658, -0.754823, -0.377258, -0.002831, -0.1749, 0.337879, -0.924795, -1.1e-05, 0.0, 0.0, 0.0, 1.0],
                [0.80213, 0.592605, 0.07354, 0.124994, 0.59709, -0.794176, -0.11299, -0.002831, -0.008555, 0.134543, -0.99087, -1.2e-05, 0.0, 0.0, 0.0, 1.0],
                [0.778803, 0.62271, 0.07549, 0.124994, 0.608398, -0.779178, 0.150772, -0.002831, 0.152707, -0.071493, -0.985681, -1.2e-05, 0.0, 0.0, 0.0, 1.0],
                [0.810514, 0.583644, -0.049276, 0.124994, 0.551499, -0.732113, 0.399823, -0.002831, 0.197279, -0.351237, -0.915266, -1.2e-05, 0.0, 0.0, 0.0, 1.0],
                [0.810373, 0.585661, -0.017235, 0.124994, 0.547468, -0.746387, 0.378397, -0.002831, 0.208749, -0.316077, -0.925482, -1.2e-05, 0.0, 0.0, 0.0, 1.0],
                [0.808473, 0.588469, 0.008767, 0.124994, 0.545503, -0.754864, 0.36415, -0.002831, 0.220909, -0.289622, -0.931298, -1.2e-05, 0.0, 0.0, 0.0, 1.0],
                [0.806014, 0.591138, 0.02995, 0.124994, 0.54312, -0.758758, 0.359593, -0.002831, 0.235294, -0.27357, -0.932628, -1.2e-05, 0.0, 0.0, 0.0, 1.0],
                [0.802583, 0.594761, 0.046059, 0.124994, 0.542122, -0.759404, 0.359734, -0.002831, 0.248934, -0.263746, -0.931917, -1.2e-05, 0.0, 0.0, 0.0, 1.0],
                [0.799863, 0.597283, 0.058938, 0.124994, 0.538978, -0.758022, 0.367293, -0.002831, 0.264055, -0.262017, -0.928235, -1.2e-05, 0.0, 0.0, 0.0, 1.0],
                [0.796939, 0.600239, 0.067832, 0.124994, 0.536557, -0.754985, 0.376966, -0.002831, 0.277482, -0.264023, -0.923739, -1.2e-05, 0.0, 0.0, 0.0, 1.0],
                [0.795674, 0.600745, 0.077516, 0.124994, 0.53089, -0.753252, 0.388288, -0.002831, 0.291651, -0.267797, -0.918271, -1.2e-05, 0.0, 0.0, 0.0, 1.0],
                [0.795175, 0.600823, 0.081907, 0.124994, 0.525529, -0.750221, 0.401232, -0.002831, 0.302518, -0.276005, -0.912306, -1.2e-05, 0.0, 0.0, 0.0, 1.0],
                [0.796779, 0.597981, 0.086967, 0.124994, 0.516675, -0.748813, 0.415119, -0.002831, 0.313356, -0.285824, -0.9056, -1.2e-05, 0.0, 0.0, 0.0, 1.0],
                [0.800824, 0.592742, 0.085661, 0.124994, 0.506681, -0.746802, 0.430766, -0.002831, 0.319306, -0.301565, -0.898388, -1.2e-05, 0.0, 0.0, 0.0, 1.0],
                [0.806182, 0.585371, 0.086094, 0.124994, 0.494345, -0.746356, 0.445617, -0.002831, 0.325109, -0.316688, -0.891073, -1.2e-05, 0.0, 0.0, 0.0, 1.0],
                [0.813636, 0.57565, 0.081386, 0.124994, 0.481615, -0.745795, 0.460256, -0.002831, 0.325644, -0.335284, -0.884047, -1.2e-05, 0.0, 0.0, 0.0, 1.0],
                [0.823939, 0.561706, 0.074911, 0.124994, 0.466668, -0.74756, 0.472624, -0.002831, 0.321477, -0.354454, -0.878074, -1.2e-05, 0.0, 0.0, 0.0, 1.0],
                [0.843042, 0.53556, 0.049567, 0.124994, 0.450336, -0.753252, 0.479382, -0.002831, 0.294075, -0.381817, -0.876204, -1.2e-05, 0.0, 0.0, 0.0, 1.0],
                [0.870336, 0.492457, 0.001149, 0.124994, 0.432268, -0.765074, 0.477289, -0.002831, 0.235924, -0.414905, -0.878745, -1.2e-05, 0.0, 0.0, 0.0, 1.0],
                [0.894166, 0.444081, -0.057096, 0.124994, 0.415726, -0.776107, 0.474161, -0.002831, 0.166253, -0.447715, -0.878584, -1.2e-05, 0.0, 0.0, 0.0, 1.0],
                [0.909235, 0.402595, -0.105877, 0.124994, 0.402334, -0.784568, 0.471783, -0.002831, 0.10687, -0.471559, -0.875334, -1.2e-05, 0.0, 0.0, 0.0, 1.0],
                [0.916719, 0.378796, -0.127043, 0.124994, 0.392119, -0.792036, 0.467889, -0.002831, 0.076612, -0.478739, -0.874608, -1.2e-05, 0.0, 0.0, 0.0, 1.0],
                [0.922432, 0.364718, -0.126891, 0.124994, 0.380059, -0.799248, 0.465572, -0.002831, 0.068385, -0.477684, -0.875865, -1.2e-05, 0.0, 0.0, 0.0, 1.0],
                [0.928209, 0.3513, -0.122544, 0.124994, 0.36677, -0.808607, 0.460036, -0.002831, 0.062521, -0.471955, -0.879402, -1.2e-05, 0.0, 0.0, 0.0, 1.0],
                [0.933781, 0.337635, -0.118564, 0.124994, 0.353361, -0.817673, 0.454473, -0.002831, 0.056499, -0.466273, -0.882834, -1.1e-05, 0.0, 0.0, 0.0, 1.0],
                [0.938575, 0.326346, -0.112146, 0.124993, 0.341024, -0.827525, 0.445987, -0.002831, 0.052742, -0.456836, -0.887985, -1.2e-05, 0.0, 0.0, 0.0, 1.0],
                [0.944901, 0.309258, -0.107343, 0.124993, 0.324325, -0.839853, 0.435268, -0.002831, 0.044457, -0.446099, -0.893878, -1.2e-05, 0.0, 0.0, 0.0, 1.0],
                [0.947281, 0.304832, -0.09868, 0.124994, 0.31719, -0.848638, 0.423322, -0.002831, 0.045299, -0.432304, -0.900588, -1.2e-05, 0.0, 0.0, 0.0, 1.0],
                [0.94705, 0.309195, -0.086583, 0.124994, 0.316867, -0.856382, 0.40768, -0.002831, 0.051904, -0.413528, -0.90901, -1.2e-05, 0.0, 0.0, 0.0, 1.0],
