{
    "animation": [
        {
            "name": "Root",
            "time": [0.0, 0.0333, 0.0667, 0.1, 0.1333, 0.1667, 0.2, 0.2333, 0.2667, 0.3, 0.3333, 0.3667, 0.4, 0.4333, 0.4667, 0.5, 0.5333, 0.5667, 0.6, 0.6333, 0.6667, 0.7, 0.7333, 0.7667, 0.8, 0.8333, 0.8667, 0.9, 0.9333, 0.9667, 1.0, 1.0333, 1.0667, 1.1, 1.1333, 1.1667, 1.2, 1.2333, 1.2667, 1.3, 1.3333, 1.3667, 1.4, 1.4333, 1.4667, 1.5, 1.5333, 1.5667, 1.6, 1.6333, 1.6667, 1.7, 1.7333, 1.7667, 1.8, 1.8333, 1.8667, 1.9, 1.9333, 1.9667, 2.0, 2.0333, 2.0667, 2.1, 2.1333, 2.1667, 2.2, 2.2333, 2.2667, 2.3, 2.3333, 2.3667, 2.4, 2.4333],
            "transform": [
                [0.997675, -6.6e-05, 0.068164, -0.086653, 0.068164, 0.001953, -0.997672, 0.115712, -6.7e-05, 0.999998, 0.001953, 0.305237, 0.0, 0.0, 0.0, 1.0],
                [0.996222, -8.5e-05, 0.086851, -0.097045, 0.086851, 0.001952, -0.996219, 0.147236, -8.5e-05, 0.999998, 0.001952, 0.308805, 0.0, 0.0, 0.0, 1.0],
                [0.994419, -0.000103, 0.105508, -0.109168, 0.105508, 0.001951, -0.994416, 0.181739, -0.000103, 0.999998, 0.001951, 0.310345, 0.0, 0.0, 0.0, 1.0],
                [0.99402, -0.000107, 0.1092, -0.11517, 0.1092, 0.001951, -0.994018, 0.209589, -0.000107, 0.999998, 0.001951, 0.315772, 0.0, 0.0, 0.0, 1.0],
                [0.996987, -7.6e-05, 0.077571, -0.107198, 0.077571, 0.001953, -0.996985, 0.22116, -7.6e-05, 0.999998, 0.001953, 0.33101, 0.0, 0.0, 0.0, 1.0],
                [0.999894, -1.4e-05, 0.014599, -0.085002, 0.014599, 0.001954, -0.999891, 0.21741, -1.5e-05, 0.999998, 0.001954, 0.356701, 0.0, 0.0, 0.0, 1.0],
                [0.99761, 6.8e-05, -0.069107, -0.055388, -0.069107, 0.001952, -0.997607, 0.207055, 6.7e-05, 0.999998, 0.001952, 0.388043, 0.0, 0.0, 0.0, 1.0],
                [0.986957, 0.000158, -0.160988, -0.021101, -0.160988, 0.001948, -0.986954, 0.192095, 0.000158, 0.999998, 0.001948, 0.423306, 0.0, 0.0, 0.0, 1.0],
                [0.965179, 0.000258, -0.261591, 0.01512, -0.261591, 0.001937, -0.965177, 0.174526, 0.000258, 0.999998, 0.001937, 0.458568, 0.0, 0.0, 0.0, 1.0],
                [0.93156, 0.000362, -0.363588, 0.050535, -0.363589, 0.00192, -0.931558, 0.156355, 0.000361, 0.999998, 0.00192, 0.493832, 0.0, 0.0, 0.0, 1.0],
                [0.887461, 0.000464, -0.460882, 0.0824, -0.460882, 0.001898, -0.887459, 0.139581, 0.000463, 0.999998, 0.001898, 0.525623, 0.0, 0.0, 0.0, 1.0],
                [0.835093, 0.000561, -0.550109, 0.107969, -0.55011, 0.001872, -0.835091, 0.126207, 0.000561, 0.999998, 0.001872, 0.551983, 0.0, 0.0, 0.0, 1.0],
                [0.779415, 0.000649, -0.626508, 0.124496, -0.626509, 0.001843, -0.779412, 0.118238, 0.000649, 0.999998, 0.001843, 0.57069, 0.0, 0.0, 0.0, 1.0],
                [0.718232, 0.000733, -0.695803, 0.133782, -0.695803, 0.001811, -0.71823, 0.11305, 0.000734, 0.999998, 0.001811, 0.583758, 0.0, 0.0, 0.0, 1.0],
                [0.647784, 0.00082, -0.761824, 0.139752, -0.761825, 0.001774, -0.647781, 0.107066, 0.00082, 0.999998, 0.001774, 0.594748, 0.0, 0.0, 0.0, 1.0],
                [0.569114, 0.000907, -0.822258, 0.142847, -0.822259, 0.001731, -0.569111, 0.100854, 0.000907, 0.999998, 0.001731, 0.602827, 0.0, 0.0, 0.0, 1.0],
                [0.483048, 0.000993, -0.875593, 0.143512, -0.875594, 0.001682, -0.483045, 0.094989, 0.000993, 0.999998, 0.001683, 0.610906, 0.0, 0.0, 0.0, 1.0],
                [0.392582, 0.001077, -0.919716, 0.142186, -0.919717, 0.00163, -0.39258, 0.090037, 0.001077, 0.999998, 0.00163, 0.615472, 0.0, 0.0, 0.0, 1.0],
                [0.299119, 0.001157, -0.954215, 0.139316, -0.954215, 0.001575, -0.299117, 0.086576, 0.001156, 0.999998, 0.001575, 0.620038, 0.0, 0.0, 0.0, 1.0],
                [0.205467, 0.001232, -0.978663, 0.13534, -0.978664, 0.001517, -0.205465, 0.085171, 0.001231, 0.999998, 0.001517, 0.621524, 0.0, 0.0, 0.0, 1.0],
                [0.113809, 0.001301, -0.993501, 0.130706, -0.993502, 0.001458, -0.113807, 0.0864, 0.0013, 0.999998, 0.001458, 0.623009, 0.0, 0.0, 0.0, 1.0],
                [0.027633, 0.001362, -0.999617, 0.125852, -0.999618, 0.001401, -0.027631, 0.090829, 0.001362, 0.999998, 0.001401, 0.621844, 0.0, 0.0, 0.0, 1.0],
                [-0.050417, 0.001416, -0.998727, 0.121226, -0.998728, 0.001346, 0.050419, 0.099037, 0.001416, 0.999998, 0.001346, 0.620679, 0.0, 0.0, 0.0, 1.0],
                [-0.118619, 0.001462, -0.992939, 0.117269, -0.992939, 0.001297, 0.118621, 0.111593, 0.001461, 0.999998, 0.001297, 0.617303, 0.0, 0.0, 0.0, 1.0],
                [-0.174804, 0.001497, -0.984602, 0.114426, -0.984602, 0.001255, 0.174805, 0.12907, 0.001497, 0.999998, 0.001255, 0.613926, 0.0, 0.0, 0.0, 1.0],
                [-0.16045, 0.001488, -0.987042, 0.113856, -0.987043, 0.001266, 0.160452, 0.183825, 0.001488, 0.999998, 0.001266, 0.595027, 0.0, 0.0, 0.0, 1.0],
                [-0.0373, 0.001407, -0.999303, 0.10985, -0.999304, 0.001355, 0.037302, 0.289896, 0.001407, 0.999998, 0.001356, 0.554948, 0.0, 0.0, 0.0, 1.0],
                [0.164555, 0.001263, -0.986367, 0.092551, -0.986368, 0.001491, -0.164553, 0.420367, 0.001263, 0.999998, 0.001491, 0.505578, 0.0, 0.0, 0.0, 1.0],
                [0.526906, 0.00095, -0.849923, 0.038062, -0.849923, 0.001707, -0.526904, 0.609317, 0.00095, 0.999998, 0.001707, 0.435894, 0.0, 0.0, 0.0, 1.0],
                [0.862641, 0.000512, -0.505817, -0.021755, -0.505818, 0.001885, -0.862638, 0.797449, 0.000512, 0.999998, 0.001886, 0.363668, 0.0, 0.0, 0.0, 1.0],
                [0.979278, 0.000199, -0.202523, -0.045151, -0.202523, 0.001944, -0.979275, 0.887267, 0.000199, 0.999998, 0.001944, 0.320414, 0.0, 0.0, 0.0, 1.0],
                [0.998219, -5.8e-05, 0.059656, -0.058875, 0.059656, 0.001953, -0.998217, 0.948882, -5.8e-05, 0.999998, 0.001953, 0.285082, 0.0, 0.0, 0.0, 1.0],
                [0.992409, -0.00012, 0.122979, -0.074548, 0.122979, 0.00195, -0.992407, 0.993626, -0.00012, 0.999998, 0.00195, 0.292287, 0.0, 0.0, 0.0, 1.0],
                [0.986663, -0.000159, 0.162777, -0.086714, 0.162777, 0.001947, -0.986661, 1.031202, -0.00016, 0.999998, 0.001947, 0.299493, 0.0, 0.0, 0.0, 1.0],
                [0.987247, -0.000156, 0.159197, -0.094947, 0.159197, 0.001948, -0.987245, 1.058849, -0.000156, 0.999998, 0.001948, 0.305124, 0.0, 0.0, 0.0, 1.0],
                [0.989593, -0.000141, 0.143898, -0.10395, 0.143898, 0.001948, -0.989591, 1.086173, -0.000141, 0.999998, 0.001948, 0.310757, 0.0, 0.0, 0.0, 1.0],
                [0.992513, -0.00012, 0.122145, -0.110883, 0.122145, 0.001951, -0.99251, 1.110219, -0.00012, 0.999998, 0.001951, 0.316389, 0.0, 0.0, 0.0, 1.0],
                [0.994955, -9.8e-05, 0.100323, -0.112912, 0.100323, 0.001952, -0.994953, 1.128033, -9.8e-05, 0.999998, 0.001952, 0.322021, 0.0, 0.0, 0.0, 1.0],
                [0.996918, -7.6e-05, 0.078448, -0.107198, 0.078448, 0.001953, -0.996917, 1.136666, -7.7e-05, 0.999998, 0.001953, 0.33101, 0.0, 0.0, 0.0, 1.0],
                [0.998401, -5.5e-05, 0.056534, -0.095289, 0.056535, 0.001954, -0.998399, 1.138501, -5.6e-05, 0.999998, 0.001954, 0.342453, 0.0, 0.0, 0.0, 1.0],
                [0.999402, -3.4e-05, 0.034599, -0.080945, 0.034599, 0.001954, -0.999399, 1.138115, -3.4e-05, 0.999998, 0.001954, 0.353896, 0.0, 0.0, 0.0, 1.0],
                [0.99992, -1.2e-05, 0.012658, -0.064633, 0.012658, 0.001954, -0.999918, 1.135855, -1.3e-05, 0.999998, 0.001954, 0.365339, 0.0, 0.0, 0.0, 1.0],
                [0.999919, 1.3e-05, -0.01273, -0.046826, -0.01273, 0.001954, -0.999917, 1.132069, 1.2e-05, 0.999998, 0.001954, 0.378067, 0.0, 0.0, 0.0, 1.0],
                [0.999267, 3.7e-05, -0.038277, -0.027875, -0.038277, 0.001954, -0.999265, 1.127065, 3.7e-05, 0.999998, 0.001954, 0.390873, 0.0, 0.0, 0.0, 1.0],
                [0.997983, 6.2e-05, -0.063483, -0.008612, -0.063483, 0.001953, -0.997981, 1.121294, 6.2e-05, 0.999998, 0.001953, 0.403522, 0.0, 0.0, 0.0, 1.0],
                [0.99605, 8.7e-05, -0.088798, 0.010852, -0.088798, 0.001952, -0.996048, 1.114996, 8.6e-05, 0.999998, 0.001952, 0.416249, 0.0, 0.0, 0.0, 1.0],
                [0.99355, 0.000111, -0.113399, 0.029925, -0.113399, 0.001951, -0.993547, 1.108552, 0.000111, 0.999998, 0.001951, 0.428977, 0.0, 0.0, 0.0, 1.0],
                [0.990441, 0.000135, -0.137938, 0.048135, -0.137938, 0.00195, -0.990439, 1.102308, 0.000135, 0.999998, 0.00195, 0.441705, 0.0, 0.0, 0.0, 1.0],
                [0.986727, 0.000159, -0.162393, 0.065011, -0.162393, 0.001948, -0.986724, 1.096608, 0.000159, 0.999998, 0.001948, 0.453915, 0.0, 0.0, 0.0, 1.0],
                [0.982409, 0.000183, -0.186741, 0.080083, -0.186741, 0.001946, -0.982407, 1.091797, 0.000183, 0.999998, 0.001946, 0.466125, 0.0, 0.0, 0.0, 1.0],
                [0.977612, 0.000207, -0.210416, 0.092878, -0.210416, 0.001944, -0.97761, 1.088223, 0.000207, 0.999998, 0.001944, 0.478336, 0.0, 0.0, 0.0, 1.0],
                [0.972242, 0.000231, -0.23398, 0.102926, -0.23398, 0.001941, -0.972239, 1.08623, 0.00023, 0.999998, 0.001941, 0.489561, 0.0, 0.0, 0.0, 1.0],
                [0.966303, 0.000254, -0.257409, 0.110622, -0.25741, 0.001938, -0.9663, 1.085489, 0.000253, 0.999998, 0.001938, 0.500786, 0.0, 0.0, 0.0, 1.0],
                [0.9598, 0.000277, -0.280686, 0.116786, -0.280686, 0.001935, -0.959797, 1.085391, 0.000277, 0.999998, 0.001935, 0.512011, 0.0, 0.0, 0.0, 1.0],
                [0.95274, 0.000301, -0.303788, 0.121581, -0.303788, 0.001931, -0.952738, 1.085854, 0.0003, 0.999998, 0.001931, 0.523236, 0.0, 0.0, 0.0, 1.0],
                [0.944914, 0.000325, -0.32732, 0.125168, -0.32732, 0.001927, -0.944912, 1.0868, 0.000324, 0.999998, 0.001927, 0.534461, 0.0, 0.0, 0.0, 1.0],
                [0.936504, 0.000348, -0.350657, 0.127709, -0.350657, 0.001923, -0.936502, 1.088148, 0.000348, 0.999998, 0.001923, 0.545686, 0.0, 0.0, 0.0, 1.0],
                [0.927518, 0.000372, -0.373779, 0.129367, -0.373779, 0.001918, -0.927516, 1.089818, 0.000372, 0.999998, 0.001919, 0.556911, 0.0, 0.0, 0.0, 1.0],
                [0.917965, 0.000396, -0.396663, 0.130303, -0.396663, 0.001914, -0.917962, 1.091732, 0.000395, 0.999998, 0.001914, 0.568136, 0.0, 0.0, 0.0, 1.0],
                [0.908594, 0.000418, -0.41768, 0.130678, -0.41768, 0.001909, -0.908592, 1.093807, 0.000417, 0.999998, 0.001909, 0.578201, 0.0, 0.0, 0.0, 1.0],
                [0.89874, 0.00044, -0.438482, 0.130656, -0.438482, 0.001904, -0.898738, 1.095965, 0.00044, 0.999998, 0.001904, 0.588266, 0.0, 0.0, 0.0, 1.0],
                [0.88841, 0.000461, -0.459052, 0.130399, -0.459052, 0.001899, -0.888407, 1.098128, 0.000462, 0.999998, 0.001899, 0.598331, 0.0, 0.0, 0.0, 1.0],
                [0.877612, 0.000484, -0.479373, 0.13007, -0.479373, 0.001893, -0.877609, 1.100213, 0.000483, 0.999998, 0.001893, 0.608396, 0.0, 0.0, 0.0, 1.0],
                [0.867472, 0.000503, -0.497487, 0.129828, -0.497487, 0.001888, -0.86747, 1.102141, 0.000503, 0.999998, 0.001888, 0.6169, 0.0, 0.0, 0.0, 1.0],
                [0.856958, 0.000523, -0.515386, 0.129837, -0.515386, 0.001882, -0.856956, 1.103834, 0.000522, 0.999998, 0.001883, 0.625404, 0.0, 0.0, 0.0, 1.0],
                [0.847039, 0.00054, -0.53153, 0.130258, -0.531531, 0.001878, -0.847037, 1.10521, 0.00054, 0.999998, 0.001878, 0.632486, 0.0, 0.0, 0.0, 1.0],
                [0.836816, 0.000558, -0.547484, 0.131254, -0.547485, 0.001873, -0.836814, 1.106191, 0.000558, 0.999998, 0.001873, 0.639568, 0.0, 0.0, 0.0, 1.0],
                [0.82857, 0.000572, -0.559886, 0.132277, -0.559886, 0.001868, -0.828568, 1.106621, 0.000572, 0.999998, 0.001869, 0.643723, 0.0, 0.0, 0.0, 1.0],
                [0.823954, 0.00058, -0.566657, 0.132765, -0.566658, 0.001866, -0.823951, 1.106501, 0.00058, 0.999998, 0.001866, 0.644298, 0.0, 0.0, 0.0, 1.0],
                [0.819281, 0.000588, -0.573392, 0.132867, -0.573392, 0.001864, -0.819279, 1.105979, 0.000587, 0.999998, 0.001864, 0.642265, 0.0, 0.0, 0.0, 1.0],
                [0.816711, 0.000591, -0.577047, 0.132727, -0.577047, 0.001862, -0.816709, 1.105207, 0.000591, 0.999998, 0.001862, 0.638606, 0.0, 0.0, 0.0, 1.0],
                [0.814038, 0.000596, -0.580812, 0.132489, -0.580812, 0.001861, -0.814036, 1.104331, 0.000596, 0.999998, 0.001861, 0.634924, 0.0, 0.0, 0.0, 1.0],
                [0.811521, 0.0006, -0.584323, 0.132301, -0.584323, 0.001859, -0.811519, 1.103515, 0.0006, 0.999998, 0.00186, 0.631289, 0.0, 0.0, 0.0, 1.0],
                [0.808902, 0.000604, -0.587943, 0.132304, -0.587944, 0.001858, -0.808899, 1.102892, 0.000604, 0.999998, 0.001858, 0.62763, 0.0, 0.0, 0.0, 1.0]
            ]
        },
        {
            "name": "Thigh_R",
            "time": [0.0, 0.0333, 0.0667, 0.1, 0.1333, 0.1667, 0.2, 0.2333, 0.2667, 0.3, 0.3333, 0.3667, 0.4, 0.4333, 0.4667, 0.5, 0.5333, 0.5667, 0.6, 0.6333, 0.6667, 0.7, 0.7333, 0.7667, 0.8, 0.8333, 0.8667, 0.9, 0.9333, 0.9667, 1.0, 1.0333, 1.0667, 1.1, 1.1333, 1.1667, 1.2, 1.2333, 1.2667, 1.3, 1.3333, 1.3667, 1.4, 1.4333, 1.4667, 1.5, 1.5333, 1.5667, 1.6, 1.6333, 1.6667, 1.7, 1.7333, 1.7667, 1.8, 1.8333, 1.8667, 1.9, 1.9333, 1.9667, 2.0, 2.0333, 2.0667, 2.1, 2.1333, 2.1667, 2.2, 2.2333, 2.2667, 2.3, 2.3333, 2.3667, 2.4, 2.4333],
            "transform": [
                [0.957784, 0.273361, 0.089013, 0.124994, 0.269574, -0.746374, -0.608486, -0.002831, -0.0999, 0.606794, -0.788556, -1.2e-05, 0.0, 0.0, 0.0, 1.0],
                [0.91603, 0.397141, 0.056292, 0.124994, 0.38573, -0.833693, -0.395181, -0.002831, -0.110012, 0.383711, -0.916877, -1.2e-05, 0.0, 0.0, 0.0, 1.0],
                [0.826032, 0.561122, -0.053036, 0.124994, 0.558743, -0.827603, -0.053661, -0.002831, -0.074004, 0.014692, -0.997149, -1.2e-05, 0.0, 0.0, 0.0, 1.0],
                [0.755397, 0.654794, -0.024908, 0.124994, 0.65411, -0.751256, 0.088057, -0.002831, 0.038947, -0.08281, -0.995804, -1.2e-05, 0.0, 0.0, 0.0, 1.0],
                [0.704033, 0.708669, 0.046108, 0.124994, 0.678874, -0.69065, 0.249266, -0.002831, 0.208492, -0.144189, -0.967336, -1.2e-05, 0.0, 0.0, 0.0, 1.0],
                [0.723298, 0.689421, 0.039242, 0.124994, 0.649664, -0.698645, 0.299718, -0.002831, 0.234049, -0.191291, -0.95322, -1.2e-05, 0.0, 0.0, 0.0, 1.0],
                [0.747372, 0.663559, 0.033543, 0.124994, 0.609417, -0.704752, 0.363231, -0.002831, 0.264664, -0.251026, -0.931095, -1.2e-05, 0.0, 0.0, 0.0, 1.0],
                [0.777792, 0.627749, 0.031156, 0.124994, 0.5574, -0.711836, 0.42731, -0.002831, 0.290421, -0.314992, -0.903568, -1.2e-05, 0.0, 0.0, 0.0, 1.0],
                [0.812141, 0.58249, 0.033663, 0.124994, 0.496694, -0.720485, 0.483937, -0.002831, 0.306142, -0.376305, -0.874454, -1.2e-05, 0.0, 0.0, 0.0, 1.0],
                [0.847635, 0.529058, 0.04016, 0.124994, 0.432328, -0.732567, 0.525773, -0.002831, 0.307585, -0.428301, -0.849676, -1.2e-05, 0.0, 0.0, 0.0, 1.0],
                [0.878306, 0.475269, 0.051942, 0.124994, 0.369757, -0.744122, 0.556383, -0.002831, 0.303083, -0.469468, -0.8293, -1.2e-05, 0.0, 0.0, 0.0, 1.0],
                [0.905728, 0.420472, 0.053482, 0.124994, 0.318253, -0.757962, 0.569393, -0.002831, 0.279951, -0.498695, -0.820323, -1.2e-05, 0.0, 0.0, 0.0, 1.0],
                [0.926918, 0.372699, 0.043791, 0.124994, 0.281281, -0.767278, 0.576338, -0.002831, 0.2484, -0.521901, -0.816037, -1.2e-05, 0.0, 0.0, 0.0, 1.0],
                [0.942387, 0.332519, 0.036579, 0.124994, 0.248881, -0.76998, 0.587527, -0.002831, 0.223529, -0.544574, -0.808377, -1.2e-05, 0.0, 0.0, 0.0, 1.0],
                [0.954227, 0.296374, 0.04014, 0.124994, 0.213422, -0.768796, 0.60283, -0.002831, 0.209522, -0.566671, -0.796859, -1.2e-05, 0.0, 0.0, 0.0, 1.0],
                [0.963722, 0.262249, 0.049642, 0.124994, 0.176124, -0.764586, 0.619991, -0.002831, 0.200548, -0.588756, -0.783037, -1.2e-05, 0.0, 0.0, 0.0, 1.0],
                [0.971871, 0.227523, 0.060836, 0.124994, 0.138131, -0.759879, 0.635219, -0.002831, 0.190755, -0.608948, -0.769932, -1.2e-05, 0.0, 0.0, 0.0, 1.0],
                [0.979137, 0.192768, 0.064281, 0.124994, 0.105755, -0.753534, 0.648847, -0.002831, 0.173514, -0.628512, -0.758199, -1.2e-05, 0.0, 0.0, 0.0, 1.0],
                [0.986419, 0.153824, 0.057571, 0.124994, 0.078208, -0.748129, 0.658928, -0.002831, 0.14443, -0.645477, -0.749999, -1.2e-05, 0.0, 0.0, 0.0, 1.0],
                [0.993037, 0.110796, 0.040015, 0.124994, 0.056227, -0.744291, 0.665483, -0.002831, 0.103515, -0.6586, -0.745339, -1.2e-05, 0.0, 0.0, 0.0, 1.0],
                [0.99764, 0.066962, 0.015179, 0.124994, 0.039524, -0.74083, 0.670528, -0.002831, 0.056145, -0.668346, -0.741729, -1.2e-05, 0.0, 0.0, 0.0, 1.0],
                [0.999502, 0.026377, -0.017286, 0.124994, 0.031129, -0.73733, 0.674815, -0.002831, 0.005054, -0.675017, -0.737784, -1.2e-05, 0.0, 0.0, 0.0, 1.0],
                [0.998642, -0.011235, -0.050866, 0.124994, 0.026441, -0.732, 0.680791, -0.002831, -0.044882, -0.681212, -0.730709, -1.2e-05, 0.0, 0.0, 0.0, 1.0],
                [0.995655, -0.039289, -0.084429, 0.124994, 0.029898, -0.723771, 0.689392, -0.002831, -0.088193, -0.688921, -0.719451, -1.2e-05, 0.0, 0.0, 0.0, 1.0],
                [0.991609, -0.058418, -0.115318, 0.124994, 0.039274, -0.713761, 0.699287, -0.002831, -0.123161, -0.697949, -0.705477, -1.2e-05, 0.0, 0.0, 0.0, 1.0],
                [0.984457, -0.022992, -0.174115, 0.124994, 0.11183, -0.682376, 0.722396, -0.002831, -0.135421, -0.730639, -0.669199, -1.2e-05, 0.0, 0.0, 0.0, 1.0],
                [0.954801, 0.091642, -0.282766, 0.124994, 0.272855, -0.647603, 0.711449, -0.002831, -0.117922, -0.756446, -0.643337, -1.2e-05, 0.0, 0.0, 0.0, 1.0],
                [0.880206, 0.269251, -0.390823, 0.124994, 0.464257, -0.659424, 0.591291, -0.002831, -0.098512, -0.7019, -0.70543, -1.2e-05, 0.0, 0.0, 0.0, 1.0],
                [0.77256, 0.533395, -0.344442, 0.124994, 0.63004, -0.711273, 0.311674, -0.002831, -0.078747, -0.457799, -0.885561, -1.2e-05, 0.0, 0.0, 0.0, 1.0],
                [0.741888, 0.66978, -0.031554, 0.124994, 0.670522, -0.741157, 0.032945, -0.002831, -0.001321, -0.045599, -0.998959, -1.2e-05, 0.0, 0.0, 0.0, 1.0],
                [0.775364, 0.587134, 0.232559, 0.124994, 0.628577, -0.753005, -0.194615, -0.002831, 0.060853, 0.297078, -0.952912, -1.2e-05, 0.0, 0.0, 0.0, 1.0],
                [0.920528, 0.312866, 0.23397, 0.124994, 0.390634, -0.728429, -0.562846, -0.002831, -0.005665, 0.609514, -0.792755, -1.2e-05, 0.0, 0.0, 0.0, 1.0],
                [0.958308, 0.212487, 0.191038, 0.124994, 0.284555, -0.648899, -0.705661, -0.002831, -0.02598, 0.730602, -0.682309, -1.2e-05, 0.0, 0.0, 0.0, 1.0],
                [0.971308, 0.174231, 0.161878, 0.124994, 0.236241, -0.628416, -0.741136, -0.002831, -0.027402, 0.758114, -0.651546, -1.2e-05, 0.0, 0.0, 0.0, 1.0],
                [0.947312, 0.27312, 0.167348, 0.124994, 0.316929, -0.72346, -0.61332, -0.002831, -0.04644, 0.634043, -0.771902, -1.2e-05, 0.0, 0.0, 0.0, 1.0],
                [0.885191, 0.455577, 0.094268, 0.124994, 0.461597, -0.834796, -0.300073, -0.002831, -0.058012, 0.309136, -0.949246, -1.2e-05, 0.0, 0.0, 0.0, 1.0],
                [0.805041, 0.592752, -0.023514, 0.124994, 0.592989, -0.8052, 0.004102, -0.002831, -0.016502, -0.017246, -0.999715, -1.2e-05, 0.0, 0.0, 0.0, 1.0],
                [0.741897, 0.670106, -0.023376, 0.124994, 0.666187, -0.732707, 0.139053, -0.002831, 0.076052, -0.118735, -0.990009, -1.2e-05, 0.0, 0.0, 0.0, 1.0],
                [0.704033, 0.70867, 0.046108, 0.124994, 0.678874, -0.690649, 0.249266, -0.002831, 0.208492, -0.14419, -0.967336, -1.2e-05, 0.0, 0.0, 0.0, 1.0],
                [0.714887, 0.697306, 0.051973, 0.124994, 0.663577, -0.699983, 0.263988, -0.002831, 0.22046, -0.154233, -0.963124, -1.2e-05, 0.0, 0.0, 0.0, 1.0],
                [0.726323, 0.685112, 0.05547, 0.124994, 0.646787, -0.708541, 0.282199, -0.002831, 0.23264, -0.16909, -0.957751, -1.2e-05, 0.0, 0.0, 0.0, 1.0],
                [0.737618, 0.672673, 0.058581, 0.124994, 0.629614, -0.716547, 0.300241, -0.002831, 0.24394, -0.18458, -0.952062, -1.2e-05, 0.0, 0.0, 0.0, 1.0],
                [0.751313, 0.657132, 0.060876, 0.124994, 0.608175, -0.725236, 0.322732, -0.002831, 0.256227, -0.20545, -0.94453, -1.2e-05, 0.0, 0.0, 0.0, 1.0],
                [0.764844, 0.641141, 0.062876, 0.124994, 0.58613, -0.733057, 0.345077, -0.002831, 0.267335, -0.227076, -0.936466, -1.2e-05, 0.0, 0.0, 0.0, 1.0],
                [0.778955, 0.623405, 0.0678, 0.124994, 0.561777, -0.741784, 0.366282, -0.002831, 0.278635, -0.247228, -0.92803, -1.2e-05, 0.0, 0.0, 0.0, 1.0],
                [0.792799, 0.60516, 0.072463, 0.124994, 0.536783, -0.749592, 0.387266, -0.002831, 0.288676, -0.268127, -0.919115, -1.2e-05, 0.0, 0.0, 0.0, 1.0],
                [0.806003, 0.586485, 0.079965, 0.124994, 0.510839, -0.757474, 0.406541, -0.002831, 0.299002, -0.286824, -0.910126, -1.2e-05, 0.0, 0.0, 0.0, 1.0],
                [0.817865, 0.568415, 0.089449, 0.124994, 0.485998, -0.765607, 0.421488, -0.002831, 0.308063, -0.301249, -0.902411, -1.2e-05, 0.0, 0.0, 0.0, 1.0],
                [0.826337, 0.554126, 0.10055, 0.124994, 0.464587, -0.771642, 0.434427, -0.002831, 0.318316, -0.312269, -0.895077, -1.2e-05, 0.0, 0.0, 0.0, 1.0],
                [0.832979, 0.541845, 0.112031, 0.124994, 0.446192, -0.777544, 0.443099, -0.002831, 0.3272, -0.319104, -0.889444, -1.2e-05, 0.0, 0.0, 0.0, 1.0],
                [0.840167, 0.52795, 0.124048, 0.124994, 0.426837, -0.784825, 0.449288, -0.002831, 0.334557, -0.324529, -0.884732, -1.2e-05, 0.0, 0.0, 0.0, 1.0],
                [0.845063, 0.517056, 0.136096, 0.124994, 0.411955, -0.791923, 0.450722, -0.002831, 0.340826, -0.324823, -0.882229, -1.2e-05, 0.0, 0.0, 0.0, 1.0],
                [0.849468, 0.506614, 0.147467, 0.124994, 0.397881, -0.798597, 0.451589, -0.002831, 0.346549, -0.324936, -0.879954, -1.2e-05, 0.0, 0.0, 0.0, 1.0],
                [0.852579, 0.497828, 0.158983, 0.124994, 0.38719, -0.80605, 0.447623, -0.002831, 0.350988, -0.320078, -0.879976, -1.2e-05, 0.0, 0.0, 0.0, 1.0],
                [0.855517, 0.489332, 0.169249, 0.124994, 0.376936, -0.812699, 0.444342, -0.002831, 0.354979, -0.316346, -0.879724, -1.2e-05, 0.0, 0.0, 0.0, 1.0],
                [0.857523, 0.482073, 0.179611, 0.124994, 0.369229, -0.819845, 0.437634, -0.002831, 0.358225, -0.308963, -0.881031, -1.2e-05, 0.0, 0.0, 0.0, 1.0],
                [0.859732, 0.474652, 0.188591, 0.124994, 0.362256, -0.826986, 0.42996, -0.002831, 0.360043, -0.301332, -0.882931, -1.2e-05, 0.0, 0.0, 0.0, 1.0],
                [0.862081, 0.466835, 0.197184, 0.124994, 0.355119, -0.834083, 0.422133, -0.002831, 0.361534, -0.293889, -0.884828, -1.2e-05, 0.0, 0.0, 0.0, 1.0],
                [0.865183, 0.458348, 0.203414, 0.124994, 0.349096, -0.841732, 0.411847, -0.002831, 0.35999, -0.285311, -0.888259, -1.2e-05, 0.0, 0.0, 0.0, 1.0],
                [0.868401, 0.449596, 0.209149, 0.124994, 0.342996, -0.849242, 0.401425, -0.002831, 0.358097, -0.27686, -0.891692, -1.2e-05, 0.0, 0.0, 0.0, 1.0],
                [0.873456, 0.439513, 0.209531, 0.124994, 0.336875, -0.85621, 0.391687, -0.002831, 0.351554, -0.271535, -0.895923, -1.2e-05, 0.0, 0.0, 0.0, 1.0],
                [0.878499, 0.429472, 0.209268, 0.124994, 0.330888, -0.862936, 0.38191, -0.002831, 0.344605, -0.266263, -0.900195, -1.2e-05, 0.0, 0.0, 0.0, 1.0],
                [0.882654, 0.421308, 0.208377, 0.124994, 0.32805, -0.869689, 0.368815, -0.002831, 0.336608, -0.257178, -0.905845, -1.2e-05, 0.0, 0.0, 0.0, 1.0],
                [0.88752, 0.412962, 0.204379, 0.124994, 0.324652, -0.875213, 0.358616, -0.002831, 0.326969, -0.251927, -0.910836, -1.2e-05, 0.0, 0.0, 0.0, 1.0],
                [0.892742, 0.40444, 0.198596, 0.124994, 0.321972, -0.880968, 0.34674, -0.002831, 0.315193, -0.245606, -0.916695, -1.2e-05, 0.0, 0.0, 0.0, 1.0],
                [0.898635, 0.395442, 0.189952, 0.124994, 0.317718, -0.885219, 0.339768, -0.002831, 0.302507, -0.244976, -0.921127, -1.2e-05, 0.0, 0.0, 0.0, 1.0],
                [0.904465, 0.386951, 0.179475, 0.124994, 0.314337, -0.889079, 0.332762, -0.002831, 0.28833, -0.244556, -0.925774, -1.2e-05, 0.0, 0.0, 0.0, 1.0],
                [0.910746, 0.379314, 0.16329, 0.124994, 0.3115, -0.890585, 0.331399, -0.002831, 0.271128, -0.250955, -0.929253, -1.2e-05, 0.0, 0.0, 0.0, 1.0],
                [0.916799, 0.37344, 0.1415, 0.124994, 0.309968, -0.888841, 0.337462, -0.002831, 0.251793, -0.265524, -0.930643, -1.2e-05, 0.0, 0.0, 0.0, 1.0],
                [0.922901, 0.367436, 0.115088, 0.124994, 0.308989, -0.885104, 0.348018, -0.002831, 0.229739, -0.285625, -0.930396, -1.2e-05, 0.0, 0.0, 0.0, 1.0],
                [0.928322, 0.36185, 0.085337, 0.124994, 0.309856, -0.879891, 0.360251, -0.002831, 0.205444, -0.307987, -0.928943, -1.2e-05, 0.0, 0.0, 0.0, 1.0],
                [0.933455, 0.354336, 0.055737, 0.124994, 0.309572, -0.874327, 0.37379, -0.002831, 0.181179, -0.331661, -0.925837, -1.2e-05, 0.0, 0.0, 0.0, 1.0],
                [0.93796, 0.345711, 0.026714, 0.124994, 0.30917, -0.868721, 0.386961, -0.002831, 0.156984, -0.354695, -0.921709, -1.2e-05, 0.0, 0.0, 0.0, 1.0],
                [0.941841, 0.336058, -0.000445, 0.124994, 0.308715, -0.864681, 0.396259, -0.002831, 0.132781, -0.37335, -0.918138, -1.2e-05, 0.0, 0.0, 0.0, 1.0]
            ]
        },
        {
            "name": "Leg_R",
            "time": [0.0, 0.0333, 0.0667, 0.1, 0.1333, 0.1667, 0.2, 0.2333, 0.2667, 0.3, 0.3333, 0.3667, 0.4, 0.4333, 0.4667, 0.5, 0.5333, 0.5667, 0.6, 0.6333, 0.6667, 0.7, 0.7333, 0.7667, 0.8, 0.8333, 0.8667, 0.9, 0.9333, 0.9667, 1.0, 1.0333, 1.0667, 1.1, 1.1333, 1.1667, 1.2, 1.2333, 1.2667, 1.3, 1.3333, 1.3667, 1.4, 1.4333, 1.4667, 1.5, 1.5333, 1.5667, 1.6, 1.6333, 1.6667, 1.7, 1.7333, 1.7667, 1.8, 1.8333, 1.8667, 1.9, 1.9333, 1.9667, 2.0, 2.0333, 2.0667, 2.1, 2.1333, 2.1667, 2.2, 2.2333, 2.2667, 2.3, 2.3333, 2.3667, 2.4, 2.4333],
            "transform": [
                [0.999999, -0.001799, 0.000766, -0.0, 0.000764, 0.720086, 0.693884, 0.37472, -0.0018, -0.693881, 0.720087, 0.0, 0.0, 0.0, 0.0, 1.0],
                [0.999999, -0.001904, 0.000446, -0.0, 0.000444, 0.443526, 0.896261, 0.37472, -0.001905, -0.896258, 0.443527, 0.0, 0.0, 0.0, 0.0, 1.0],
                [0.999999, -0.001954, 9.5e-05, 0.0, 9.5e-05, 0.097172, 0.995268, 0.37472, -0.001954, -0.995265, 0.097172, -0.0, 0.0, 0.0, 0.0, 1.0],
                [0.999999, -0.001951, 0.000137, -0.0, 0.000137, 0.139372, 0.99024, 0.37472, -0.001951, -0.990237, 0.139372, -0.0, 0.0, 0.0, 0.0, 1.0],
                [0.999999, -0.001935, 0.000278, 0.0, 0.000276, 0.280774, 0.959774, 0.37472, -0.001936, -0.959772, 0.280774, -0.0, 0.0, 0.0, 0.0, 1.0],
                [0.999999, -0.001934, 0.000292, 0.0, 0.00029, 0.293936, 0.955825, 0.37472, -0.001934, -0.955822, 0.293936, -0.0, 0.0, 0.0, 0.0, 1.0],
                [0.999999, -0.001931, 0.000305, -0.0, 0.000303, 0.307045, 0.951695, 0.37472, -0.001931, -0.951693, 0.307045, 0.0, 0.0, 0.0, 0.0, 1.0],
                [0.999998, -0.001928, 0.000321, -0.0, 0.000319, 0.323216, 0.946325, 0.37472, -0.001929, -0.946323, 0.323216, -0.0, 0.0, 0.0, 0.0, 1.0],
                [0.999999, -0.001925, 0.000346, -0.0, 0.000344, 0.347115, 0.937822, 0.37472, -0.001925, -0.93782, 0.347115, 0.0, 0.0, 0.0, 0.0, 1.0],
                [0.999999, -0.001919, 0.000378, -0.0, 0.000376, 0.378312, 0.925678, 0.37472, -0.001919, -0.925677, 0.378312, 0.0, 0.0, 0.0, 0.0, 1.0],
                [0.999999, -0.001911, 0.000416, 0.0, 0.000415, 0.415618, 0.909539, 0.37472, -0.001911, -0.909536, 0.415619, 0.0, 0.0, 0.0, 0.0, 1.0],
                [0.999999, -0.001902, 0.000455, 0.0, 0.000454, 0.45224, 0.891896, 0.37472, -0.001902, -0.891894, 0.45224, -0.0, 0.0, 0.0, 0.0, 1.0],
                [0.999999, -0.001894, 0.000487, 0.0, 0.000486, 0.482189, 0.876067, 0.37472, -0.001894, -0.876065, 0.482189, 0.0, 0.0, 0.0, 0.0, 1.0],
                [0.999999, -0.001888, 0.000509, 0.0, 0.000507, 0.501687, 0.865049, 0.37472, -0.001889, -0.865047, 0.501687, 0.0, 0.0, 0.0, 0.0, 1.0],
                [0.999999, -0.001883, 0.000526, 0.0, 0.000524, 0.517425, 0.855728, 0.37472, -0.001883, -0.855727, 0.517425, -0.0, 0.0, 0.0, 0.0, 1.0],
                [0.999999, -0.001879, 0.00054, 0.0, 0.000539, 0.530403, 0.847745, 0.37472, -0.00188, -0.847743, 0.530403, 0.0, 0.0, 0.0, 0.0, 1.0],
                [0.999998, -0.001875, 0.000555, -0.0, 0.000553, 0.543258, 0.839565, 0.37472, -0.001876, -0.839563, 0.543258, -0.0, 0.0, 0.0, 0.0, 1.0],
                [0.999999, -0.001871, 0.000569, -0.0, 0.000567, 0.555987, 0.83119, 0.37472, -0.001872, -0.831187, 0.555988, -0.0, 0.0, 0.0, 0.0, 1.0],
                [0.999998, -0.001866, 0.000585, -0.0, 0.000583, 0.569921, 0.8217, 0.37472, -0.001867, -0.821698, 0.569921, 0.0, 0.0, 0.0, 0.0, 1.0],
                [0.999999, -0.001861, 0.000601, 0.0, 0.000599, 0.583692, 0.811975, 0.37472, -0.001862, -0.811972, 0.583692, -0.0, 0.0, 0.0, 0.0, 1.0],
                [0.999999, -0.001856, 0.000616, -0.0, 0.000614, 0.597297, 0.802019, 0.37472, -0.001856, -0.802017, 0.597298, -0.0, 0.0, 0.0, 0.0, 1.0],
                [0.999999, -0.001851, 0.000629, 0.0, 0.000627, 0.60838, 0.793645, 0.37472, -0.001852, -0.793643, 0.60838, 0.0, 0.0, 0.0, 0.0, 1.0],
                [0.999998, -0.001849, 0.000637, -0.0, 0.000635, 0.615076, 0.788467, 0.37472, -0.001849, -0.788465, 0.615077, 0.0, 0.0, 0.0, 0.0, 1.0],
                [0.999999, -0.001848, 0.000639, 0.0, 0.000637, 0.616893, 0.787046, 0.37472, -0.001848, -0.787044, 0.616893, -0.0, 0.0, 0.0, 0.0, 1.0],
                [0.999999, -0.00185, 0.000633, 0.0, 0.000631, 0.61204, 0.790826, 0.37472, -0.001851, -0.790823, 0.612041, -0.0, 0.0, 0.0, 0.0, 1.0],
                [0.999999, -0.00187, 0.00057, -0.0, 0.000569, 0.557288, 0.830319, 0.37472, -0.001871, -0.830317, 0.557288, 0.0, 0.0, 0.0, 0.0, 1.0],
                [0.999999, -0.001895, 0.000483, 0.0, 0.000481, 0.477961, 0.878381, 0.37472, -0.001895, -0.878379, 0.477961, -0.0, 0.0, 0.0, 0.0, 1.0],
                [0.999999, -0.001896, 0.000478, -0.0, 0.000476, 0.473008, 0.881058, 0.37472, -0.001897, -0.881055, 0.473008, -0.0, 0.0, 0.0, 0.0, 1.0],
                [0.999999, -0.001888, 0.00051, 0.0, 0.000509, 0.503066, 0.864247, 0.37472, -0.001888, -0.864245, 0.503067, 0.0, 0.0, 0.0, 0.0, 1.0],
                [1.0, -0.001885, 0.000519, 0.0, 0.000518, 0.511295, 0.859404, 0.37472, -0.001886, -0.859402, 0.511296, -0.0, 0.0, 0.0, 0.0, 1.0],
                [1.0, -0.001877, 0.000548, -0.0, 0.000545, 0.536906, 0.843641, 0.37472, -0.001877, -0.843639, 0.536907, 0.0, 0.0, 0.0, 0.0, 1.0],
                [0.999999, -0.001799, 0.000766, -0.0, 0.000765, 0.720603, 0.693347, 0.37472, -0.001799, -0.693345, 0.720603, 0.0, 0.0, 0.0, 0.0, 1.0],
                [0.999999, -0.001695, 0.000975, -0.0, 0.000973, 0.863961, 0.503557, 0.37472, -0.001695, -0.503555, 0.863962, 0.0, 0.0, 0.0, 0.0, 1.0],
                [0.999999, -0.001663, 0.001028, 0.0, 0.001027, 0.894143, 0.447779, 0.37472, -0.001664, -0.447777, 0.894143, -0.0, 0.0, 0.0, 0.0, 1.0],
                [0.999999, -0.001785, 0.000797, 0.0, 0.000794, 0.74336, 0.668891, 0.37472, -0.001786, -0.668889, 0.74336, -0.0, 0.0, 0.0, 0.0, 1.0],
                [0.999998, -0.001924, 0.00035, -0.0, 0.000349, 0.351843, 0.936059, 0.37472, -0.001924, -0.936057, 0.351843, -0.0, 0.0, 0.0, 0.0, 1.0],
                [0.999999, -0.001954, 7e-05, -0.0, 6.9e-05, 0.070991, 0.997477, 0.37472, -0.001954, -0.997475, 0.070991, -0.0, 0.0, 0.0, 0.0, 1.0],
                [0.999998, -0.001952, 0.000115, 0.0, 0.000114, 0.116562, 0.993183, 0.37472, -0.001952, -0.993183, 0.116562, 0.0, 0.0, 0.0, 0.0, 1.0],
                [0.999999, -0.001936, 0.000277, 0.0, 0.000277, 0.280774, 0.959774, 0.37472, -0.001936, -0.959772, 0.280774, -0.0, 0.0, 0.0, 0.0, 1.0],
                [0.999999, -0.001935, 0.000285, 0.0, 0.000284, 0.288201, 0.95757, 0.37472, -0.001935, -0.957567, 0.288201, -0.0, 0.0, 0.0, 0.0, 1.0],
                [0.999999, -0.001933, 0.000293, -0.0, 0.000292, 0.295612, 0.955308, 0.37472, -0.001934, -0.955307, 0.295611, 0.0, 0.0, 0.0, 0.0, 1.0],
                [0.999999, -0.001933, 0.000293, -0.0, 0.000294, 0.29725, 0.954799, 0.37472, -0.001933, -0.954797, 0.297251, 0.0, 0.0, 0.0, 0.0, 1.0],
                [0.999999, -0.001933, 0.000291, -0.0, 0.00029, 0.293966, 0.955815, 0.37472, -0.001934, -0.955813, 0.293966, -0.0, 0.0, 0.0, 0.0, 1.0],
                [0.999999, -0.001935, 0.000288, -0.0, 0.000286, 0.290658, 0.956827, 0.37472, -0.001935, -0.956825, 0.290658, -0.0, 0.0, 0.0, 0.0, 1.0],
                [0.999999, -0.001935, 0.000285, -0.0, 0.000283, 0.287386, 0.957815, 0.37472, -0.001935, -0.957812, 0.287386, 0.0, 0.0, 0.0, 0.0, 1.0],
                [0.999998, -0.001935, 0.000285, -0.0, 0.000285, 0.288624, 0.957442, 0.37472, -0.001935, -0.957441, 0.288624, 0.0, 0.0, 0.0, 0.0, 1.0],
                [0.999999, -0.001934, 0.000287, -0.0, 0.000285, 0.28986, 0.957069, 0.37472, -0.001934, -0.957067, 0.28986, 0.0, 0.0, 0.0, 0.0, 1.0],
                [0.999998, -0.001933, 0.000293, -0.0, 0.000293, 0.296431, 0.955054, 0.37472, -0.001933, -0.955052, 0.296431, -0.0, 0.0, 0.0, 0.0, 1.0],
                [0.999998, -0.001932, 0.000304, 0.0, 0.000302, 0.306232, 0.951957, 0.37472, -0.001932, -0.951955, 0.306231, -0.0, 0.0, 0.0, 0.0, 1.0],
                [0.999999, -0.00193, 0.000318, 0.0, 0.000318, 0.320802, 0.947146, 0.37472, -0.00193, -0.947143, 0.320802, -0.0, 0.0, 0.0, 0.0, 1.0],
                [0.999998, -0.001926, 0.000337, -0.0, 0.000336, 0.339197, 0.940715, 0.37472, -0.001926, -0.940713, 0.339196, 0.0, 0.0, 0.0, 0.0, 1.0],
                [0.999998, -0.001922, 0.000361, -0.0, 0.000359, 0.362028, 0.932167, 0.37472, -0.001923, -0.932165, 0.362028, -0.0, 0.0, 0.0, 0.0, 1.0],
                [0.999999, -0.001917, 0.00039, 0.0, 0.000389, 0.390055, 0.920791, 0.37472, -0.001917, -0.920789, 0.390055, 0.0, 0.0, 0.0, 0.0, 1.0],
                [0.999999, -0.00191, 0.000419, 0.0, 0.000417, 0.417725, 0.908573, 0.37472, -0.00191, -0.908571, 0.417726, -0.0, 0.0, 0.0, 0.0, 1.0],
                [0.999999, -0.001903, 0.000453, -0.0, 0.000451, 0.449892, 0.893083, 0.37472, -0.001903, -0.893081, 0.449892, 0.0, 0.0, 0.0, 0.0, 1.0],
                [0.999999, -0.001894, 0.000487, 0.0, 0.000485, 0.481485, 0.876454, 0.37472, -0.001894, -0.876451, 0.481485, -0.0, 0.0, 0.0, 0.0, 1.0],
                [0.999998, -0.001884, 0.000524, 0.0, 0.000523, 0.515876, 0.856663, 0.37472, -0.001884, -0.856661, 0.515876, 0.0, 0.0, 0.0, 0.0, 1.0],
                [0.999999, -0.001873, 0.000561, -0.0, 0.00056, 0.549454, 0.835524, 0.37472, -0.001873, -0.835522, 0.549454, -0.0, 0.0, 0.0, 0.0, 1.0],
                [0.999999, -0.001861, 0.000601, 0.0, 0.000598, 0.583676, 0.811986, 0.37472, -0.001862, -0.811983, 0.583676, 0.0, 0.0, 0.0, 0.0, 1.0],
                [0.999998, -0.001848, 0.000639, 0.0, 0.000637, 0.616893, 0.787046, 0.37472, -0.001849, -0.787045, 0.616893, -0.0, 0.0, 0.0, 0.0, 1.0],
                [0.999998, -0.001835, 0.000678, -0.0, 0.000676, 0.649317, 0.760517, 0.37472, -0.001836, -0.760515, 0.649318, 0.0, 0.0, 0.0, 0.0, 1.0],
                [0.999999, -0.00182, 0.000716, -0.0, 0.000714, 0.680615, 0.73264, 0.37472, -0.001821, -0.732638, 0.680616, 0.0, 0.0, 0.0, 0.0, 1.0],
                [0.999998, -0.001804, 0.000754, 0.0, 0.000752, 0.710705, 0.70349, 0.37472, -0.001805, -0.703488, 0.710705, -0.0, 0.0, 0.0, 0.0, 1.0],
                [0.999998, -0.00179, 0.000787, -0.0, 0.000786, 0.736384, 0.676563, 0.37472, -0.00179, -0.676561, 0.736384, -0.0, 0.0, 0.0, 0.0, 1.0],
                [0.999999, -0.001776, 0.000817, 0.0, 0.000815, 0.758475, 0.651701, 0.37472, -0.001778, -0.651699, 0.758475, 0.0, 0.0, 0.0, 0.0, 1.0],
                [0.999999, -0.001765, 0.000842, 0.0, 0.00084, 0.776376, 0.630269, 0.37472, -0.001766, -0.630266, 0.776377, -0.0, 0.0, 0.0, 0.0, 1.0],
                [0.999999, -0.001755, 0.000862, -0.0, 0.00086, 0.790917, 0.611922, 0.37472, -0.001756, -0.611919, 0.790918, 0.0, 0.0, 0.0, 0.0, 1.0],
                [0.999999, -0.001752, 0.000869, 0.0, 0.000867, 0.79536, 0.606135, 0.37472, -0.001753, -0.606133, 0.795361, -0.0, 0.0, 0.0, 0.0, 1.0],
                [0.999999, -0.001757, 0.000858, -0.0, 0.000856, 0.787778, 0.615958, 0.37472, -0.001758, -0.615956, 0.787778, -0.0, 0.0, 0.0, 0.0, 1.0],
                [0.999998, -0.001768, 0.000834, 0.0, 0.000832, 0.771265, 0.636513, 0.37472, -0.001769, -0.636511, 0.771266, -0.0, 0.0, 0.0, 0.0, 1.0],
                [0.999999, -0.001782, 0.000805, 0.0, 0.000803, 0.749438, 0.662073, 0.37472, -0.001783, -0.66207, 0.749439, 0.0, 0.0, 0.0, 0.0, 1.0],
                [0.999999, -0.001795, 0.000774, 0.0, 0.000773, 0.726629, 0.687029, 0.37472, -0.001796, -0.687027, 0.72663, 0.0, 0.0, 0.0, 0.0, 1.0],
                [0.999998, -0.001807, 0.000747, 0.0, 0.000745, 0.705426, 0.708783, 0.37472, -0.001808, -0.708781, 0.705426, 0.0, 0.0, 0.0, 0.0, 1.0],
                [0.999999, -0.001815, 0.000727, -0.0, 0.000725, 0.689302, 0.724473, 0.37472, -0.001816, -0.72447, 0.689303, -0.0, 0.0, 0.0, 0.0, 1.0]
            ]
        },
        {
            "name": "Knee_R",
            "time": [0.0, 2.4333],
            "transform": [
                [1.0, 0.0, -0.0, -0.0, -0.0, 1e-06, -1.0, 0.37472, -0.0, 1.0, 1e-06, 0.0, 0.0, 0.0, 0.0, 1.0],
                [1.0, 0.0, -0.0, -0.0, -0.0, 1e-06, -1.0, 0.37472, -0.0, 1.0, 1e-06, -0.0, 0.0, 0.0, 0.0, 1.0]
            ]
        },
        {
            "name": "Thigh_L",
            "time": [0.0, 0.0333, 0.0667, 0.1, 0.1333, 0.1667, 0.2, 0.2333, 0.2667, 0.3, 0.3333, 0.3667, 0.4, 0.4333, 0.4667, 0.5, 0.5333, 0.5667, 0.6, 0.6333, 0.6667, 0.7, 0.7333, 0.7667, 0.8, 0.8333, 0.8667, 0.9, 0.9333, 0.9667, 1.0, 1.0333, 1.0667, 1.1, 1.1333, 1.1667, 1.2, 1.2333, 1.2667, 1.3, 1.3333, 1.3667, 1.4, 1.4333, 1.4667, 1.5, 1.5333, 1.5667, 1.6, 1.6333, 1.6667, 1.7, 1.7333, 1.7667, 1.8, 1.8333, 1.8667, 1.9, 1.9333, 1.9667, 2.0, 2.0333, 2.0667, 2.1, 2.1333, 2.1667, 2.2, 2.2333, 2.2667, 2.3, 2.3333, 2.3667, 2.4, 2.4333],
            "transform": [
                [0.99935, -0.035192, 0.008061, -0.125006, -0.014689, -0.192364, 0.981213, -0.002831, -0.032981, -0.980691, -0.192756, -1.2e-05, 0.0, 0.0, 0.0, 1.0],
                [0.99846, -0.045598, -0.031653, -0.125006, 0.021109, -0.215502, 0.976275, -0.002831, -0.051338, -0.975437, -0.214208, -1.2e-05, 0.0, 0.0, 0.0, 1.0],
                [0.993796, -0.070555, -0.085982, -0.125006, 0.066597, -0.24169, 0.968065, -0.002831, -0.089083, -0.967784, -0.235492, -1.2e-05, 0.0, 0.0, 0.0, 1.0],
                [0.984241, -0.115627, -0.133799, -0.125006, 0.097706, -0.275074, 0.956445, -0.002831, -0.147396, -0.954444, -0.259442, -1.2e-05, 0.0, 0.0, 0.0, 1.0],
                [0.970463, -0.18191, -0.158465, -0.125006, 0.0964, -0.309735, 0.945923, -0.002831, -0.221155, -0.933259, -0.283051, -1.2e-05, 0.0, 0.0, 0.0, 1.0],
                [0.949544, -0.266664, -0.165106, -0.125006, 0.066445, -0.343441, 0.93682, -0.002831, -0.306522, -0.90052, -0.308394, -1.2e-05, 0.0, 0.0, 0.0, 1.0],
                [0.917606, -0.357917, -0.17291, -0.125006, 0.026572, -0.378792, 0.9251, -0.002831, -0.396607, -0.853468, -0.338071, -1.2e-05, 0.0, 0.0, 0.0, 1.0],
                [0.872033, -0.451119, -0.189877, -0.125006, -0.022485, -0.424452, 0.905171, -0.002831, -0.488936, -0.785065, -0.38028, -1.2e-05, 0.0, 0.0, 0.0, 1.0],
                [0.814675, -0.536661, -0.219776, -0.125006, -0.071691, -0.469267, 0.88014, -0.002831, -0.575474, -0.701268, -0.420774, -1.2e-05, 0.0, 0.0, 0.0, 1.0],
                [0.749576, -0.606134, -0.265968, -0.125006, -0.118979, -0.518644, 0.84667, -0.002831, -0.651144, -0.602994, -0.46088, -1.2e-05, 0.0, 0.0, 0.0, 1.0],
                [0.686673, -0.651483, -0.322567, -0.125006, -0.158716, -0.56736, 0.808027, -0.002831, -0.709435, -0.503649, -0.492992, -1.2e-05, 0.0, 0.0, 0.0, 1.0],
                [0.624728, -0.677895, -0.387521, -0.125006, -0.197896, -0.617535, 0.761239, -0.002831, -0.755354, -0.398875, -0.519944, -1.2e-05, 0.0, 0.0, 0.0, 1.0],
                [0.573095, -0.68623, -0.447939, -0.125006, -0.230847, -0.659654, 0.715236, -0.002831, -0.786309, -0.306489, -0.536459, -1.2e-05, 0.0, 0.0, 0.0, 1.0],
