{
    "animation": [
        {
            "name": "Root",
            "time": [0.0, 0.0333, 0.0667, 0.1, 0.1333, 0.1667, 0.2, 0.2333, 0.2667, 0.3, 0.3333, 0.3667, 0.4, 0.4333, 0.4667, 0.5, 0.5333, 0.5667, 0.6, 0.6333, 0.6667, 0.7, 0.7333, 0.7667, 0.8, 0.8333, 0.8667, 0.9, 0.9333, 0.9667, 1.0, 1.0333, 1.0667, 1.1, 1.1333, 1.1667, 1.2, 1.2333, 1.2667, 1.3, 1.3333, 1.3667, 1.4, 1.4333, 1.4667, 1.5, 1.5333, 1.5667, 1.6, 1.6333, 1.6667, 1.7, 1.7333, 1.7667, 1.8, 1.8333, 1.8667, 1.9, 1.9333, 1.9667, 2.0, 2.0333, 2.0667, 2.1, 2.1333, 2.1667, 2.2, 2.2333, 2.2667, 2.3, 2.3333, 2.3667, 2.4, 2.4333, 2.4667, 2.5, 2.5333, 2.5667, 2.6, 2.6333, 2.6667, 2.7, 2.7333, 2.7667, 2.8, 2.8333, 2.8667, 2.9, 2.9333, 2.9667, 3.0, 3.0333, 3.0667, 3.1, 3.1333, 3.1667, 3.2, 3.2333, 3.2667, 3.3, 3.3333, 3.3667, 3.4, 3.4333, 3.4667, 3.5, 3.5333, 3.5667, 3.6, 3.6333, 3.6667, 3.7, 3.7333, 3.7667, 3.8, 3.8333, 3.8667, 3.9, 3.9333, 3.9667, 4.0, 4.0333, 4.0667, 4.1, 4.1333, 4.1667, 4.2, 4.2333, 4.2667, 4.3, 4.3333, 4.3667, 4.4, 4.4333, 4.4667, 4.5, 4.5333, 4.5667, 4.6, 4.6333, 4.6667, 4.7, 4.7333, 4.7667, 4.8, 4.8333, 4.8667, 4.9, 4.9333, 4.9667, 5.0, 5.0333, 5.0667, 5.1, 5.1333, 5.1667, 5.2, 5.2333, 5.2667, 5.3, 5.3333, 5.3667, 5.4, 5.4333, 5.4667, 5.5, 5.5333, 5.5667, 5.6, 5.6333, 5.6667, 5.7, 5.7333, 5.7667, 5.8, 5.8333],
            "transform": [
                [0.808902, 0.000604, -0.587943, 0.000583, -0.587944, 0.001859, -0.8089, 0.001797, 0.000604, 0.999998, 0.001858, 0.581456, 0.0, 0.0, 0.0, 1.0],
                [0.816156, 0.000592, -0.577831, -0.003967, -0.577831, 0.001862, -0.816155, 0.006358, 0.000592, 0.999998, 0.001862, 0.571744, 0.0, 0.0, 0.0, 1.0],
                [0.823285, 0.000581, -0.567629, -0.008251, -0.56763, 0.001866, -0.823282, 0.014406, 0.000581, 0.999998, 0.001866, 0.563581, 0.0, 0.0, 0.0, 1.0],
                [0.835343, 0.000561, -0.549728, -0.011162, -0.549729, 0.001872, -0.835341, 0.02688, 0.000561, 0.999998, 0.001872, 0.560686, 0.0, 0.0, 0.0, 1.0],
                [0.847013, 0.00054, -0.531573, -0.013332, -0.531573, 0.001878, -0.84701, 0.039974, 0.00054, 0.999998, 0.001878, 0.558405, 0.0, 0.0, 0.0, 1.0],
                [0.856139, 0.000524, -0.516745, -0.01658, -0.516745, 0.001882, -0.856137, 0.05706, 0.000524, 0.999998, 0.001882, 0.558275, 0.0, 0.0, 0.0, 1.0],
                [0.856958, 0.000523, -0.515386, -0.022719, -0.515386, 0.001883, -0.856956, 0.081513, 0.000523, 0.999998, 0.001883, 0.565055, 0.0, 0.0, 0.0, 1.0],
                [0.849939, 0.000535, -0.52688, -0.032119, -0.52688, 0.001879, -0.849938, 0.112582, 0.000535, 0.999998, 0.001879, 0.584942, 0.0, 0.0, 0.0, 1.0],
                [0.839389, 0.000554, -0.543531, -0.043415, -0.543532, 0.001874, -0.839386, 0.146669, 0.000554, 0.999998, 0.001874, 0.613303, 0.0, 0.0, 0.0, 1.0],
                [0.82574, 0.000577, -0.564051, -0.055814, -0.564051, 0.001867, -0.825738, 0.182884, 0.000577, 0.999998, 0.001867, 0.638711, 0.0, 0.0, 0.0, 1.0],
                [0.811585, 0.0006, -0.584234, -0.068528, -0.584234, 0.00186, -0.811583, 0.220349, 0.0006, 0.999998, 0.00186, 0.652853, 0.0, 0.0, 0.0, 1.0],
                [0.796937, 0.000623, -0.604062, -0.080753, -0.604062, 0.001853, -0.796935, 0.258209, 0.000623, 0.999998, 0.001853, 0.663727, 0.0, 0.0, 0.0, 1.0],
                [0.78181, 0.000645, -0.623517, -0.091689, -0.623517, 0.001844, -0.781808, 0.295601, 0.000645, 0.999998, 0.001844, 0.672489, 0.0, 0.0, 0.0, 1.0],
                [0.770716, 0.000662, -0.637179, -0.100547, -0.637179, 0.001839, -0.770714, 0.331652, 0.000662, 0.999998, 0.001839, 0.675878, 0.0, 0.0, 0.0, 1.0],
                [0.764361, 0.000671, -0.644789, -0.106528, -0.64479, 0.001835, -0.764358, 0.365498, 0.000671, 0.999998, 0.001835, 0.67392, 0.0, 0.0, 0.0, 1.0],
                [0.784196, 0.000642, -0.620513, -0.105353, -0.620513, 0.001846, -0.784194, 0.394472, 0.000642, 0.999998, 0.001846, 0.670963, 0.0, 0.0, 0.0, 1.0],
                [0.81794, 0.00059, -0.575304, -0.096397, -0.575304, 0.001863, -0.817937, 0.419112, 0.00059, 0.999998, 0.001863, 0.667035, 0.0, 0.0, 0.0, 1.0],
                [0.840774, 0.000552, -0.541386, -0.084369, -0.541387, 0.001875, -0.840772, 0.443382, 0.000552, 0.999998, 0.001875, 0.662161, 0.0, 0.0, 0.0, 1.0],
                [0.862211, 0.000513, -0.506549, -0.074031, -0.506549, 0.001886, -0.862209, 0.471262, 0.000513, 0.999998, 0.001886, 0.65637, 0.0, 0.0, 0.0, 1.0],
                [0.882198, 0.000474, -0.470878, -0.065968, -0.470879, 0.001896, -0.882196, 0.504159, 0.000474, 0.999998, 0.001896, 0.649688, 0.0, 0.0, 0.0, 1.0],
                [0.898866, 0.000439, -0.438224, -0.05787, -0.438225, 0.001904, -0.898863, 0.539833, 0.00044, 0.999998, 0.001904, 0.640634, 0.0, 0.0, 0.0, 1.0],
                [0.914325, 0.000404, -0.404982, -0.050159, -0.404982, 0.001912, -0.914323, 0.57679, 0.000404, 0.999998, 0.001912, 0.624137, 0.0, 0.0, 0.0, 1.0],
                [0.924098, 0.000381, -0.382157, -0.043236, -0.382157, 0.001916, -0.924095, 0.613555, 0.000381, 0.999998, 0.001916, 0.607642, 0.0, 0.0, 0.0, 1.0],
                [0.923461, 0.000382, -0.383692, -0.039262, -0.383692, 0.001916, -0.923459, 0.647566, 0.000382, 0.999998, 0.001916, 0.603809, 0.0, 0.0, 0.0, 1.0],
                [0.921217, 0.000388, -0.389049, -0.03569, -0.38905, 0.001915, -0.921215, 0.688404, 0.000388, 0.999998, 0.001915, 0.603243, 0.0, 0.0, 0.0, 1.0],
                [0.927869, 0.000371, -0.372907, -0.026442, -0.372907, 0.001918, -0.927867, 0.763086, 0.000371, 0.999998, 0.001918, 0.604887, 0.0, 0.0, 0.0, 1.0],
                [0.981904, 0.000186, -0.189381, -0.012301, -0.189382, 0.001945, -0.981901, 0.930048, 0.000186, 0.999998, 0.001945, 0.622197, 0.0, 0.0, 0.0, 1.0],
                [0.995966, -8.8e-05, 0.08973, -0.013536, 0.08973, 0.001952, -0.995964, 1.111915, -8.8e-05, 0.999998, 0.001952, 0.637717, 0.0, 0.0, 0.0, 1.0],
                [0.979638, -0.000197, 0.200777, -0.021891, 0.200777, 0.001944, -0.979635, 1.290473, -0.000197, 0.999998, 0.001944, 0.634183, 0.0, 0.0, 0.0, 1.0],
                [0.975137, -0.000218, 0.221603, -0.021517, 0.221603, 0.001942, -0.975135, 1.49735, -0.000218, 0.999998, 0.001942, 0.586864, 0.0, 0.0, 0.0, 1.0],
                [0.916318, -0.0004, 0.400451, -0.021709, 0.400451, 0.001913, -0.916316, 1.641747, -0.0004, 0.999998, 0.001913, 0.559292, 0.0, 0.0, 0.0, 1.0],
                [0.869421, -0.000499, 0.494072, -0.010078, 0.494072, 0.001889, -0.869419, 1.696193, -0.000499, 0.999998, 0.001889, 0.553648, 0.0, 0.0, 0.0, 1.0],
                [0.844449, -0.000545, 0.535636, -0.001365, 0.535636, 0.001877, -0.844447, 1.726518, -0.000545, 0.999998, 0.001877, 0.554299, 0.0, 0.0, 0.0, 1.0],
                [0.817491, -0.00059, 0.575941, 0.008307, 0.575941, 0.001863, -0.817489, 1.760862, -0.00059, 0.999998, 0.001863, 0.556054, 0.0, 0.0, 0.0, 1.0],
                [0.756455, -0.000682, 0.654045, 0.025684, 0.654046, 0.001831, -0.756453, 1.83944, -0.000682, 0.999998, 0.001831, 0.563144, 0.0, 0.0, 0.0, 1.0],
                [0.683095, -0.000778, 0.73033, 0.038869, 0.73033, 0.001792, -0.683092, 1.926557, -0.000778, 0.999998, 0.001792, 0.569231, 0.0, 0.0, 0.0, 1.0],
                [0.590386, -0.000885, 0.807121, 0.049072, 0.807121, 0.001742, -0.590384, 2.019265, -0.000884, 0.999998, 0.001743, 0.561133, 0.0, 0.0, 0.0, 1.0],
                [0.484297, -0.000992, 0.874904, 0.060369, 0.874903, 0.001683, -0.484295, 2.113579, -0.000992, 0.999998, 0.001683, 0.538067, 0.0, 0.0, 0.0, 1.0],
                [0.39906, -0.001071, 0.916924, 0.073129, 0.916924, 0.001634, -0.399058, 2.200144, -0.001071, 0.999998, 0.001634, 0.515004, 0.0, 0.0, 0.0, 1.0],
                [0.358006, -0.001107, 0.933719, 0.08484, 0.933719, 0.00161, -0.358004, 2.275055, -0.001107, 0.999998, 0.00161, 0.499833, 0.0, 0.0, 0.0, 1.0],
                [0.334304, -0.001127, 0.942464, 0.093656, 0.942465, 0.001596, -0.334302, 2.3341, -0.001127, 0.999998, 0.001596, 0.50279, 0.0, 0.0, 0.0, 1.0],
                [0.299119, -0.001157, 0.954215, 0.099259, 0.954215, 0.001575, -0.299117, 2.376767, -0.001157, 0.999998, 0.001575, 0.523398, 0.0, 0.0, 0.0, 1.0],
                [0.269, -0.001181, 0.96314, 0.105031, 0.96314, 0.001556, -0.268998, 2.408275, -0.001181, 0.999998, 0.001556, 0.551658, 0.0, 0.0, 0.0, 1.0],
                [0.261586, -0.001187, 0.96518, 0.110957, 0.96518, 0.001552, -0.261584, 2.433479, -0.001187, 0.999998, 0.001552, 0.580095, 0.0, 0.0, 0.0, 1.0],
                [0.262279, -0.001187, 0.964991, 0.115592, 0.964992, 0.001552, -0.262277, 2.454254, -0.001187, 0.999998, 0.001552, 0.608182, 0.0, 0.0, 0.0, 1.0],
                [0.251505, -0.001195, 0.967855, 0.11885, 0.967855, 0.001546, -0.251503, 2.472347, -0.001195, 0.999998, 0.001546, 0.631258, 0.0, 0.0, 0.0, 1.0],
                [0.234624, -0.001209, 0.972085, 0.122565, 0.972086, 0.001535, -0.234622, 2.487902, -0.001208, 0.999998, 0.001535, 0.650233, 0.0, 0.0, 0.0, 1.0],
                [0.222788, -0.001218, 0.974866, 0.12779, 0.974866, 0.001528, -0.222786, 2.500269, -0.001218, 0.999998, 0.001528, 0.664041, 0.0, 0.0, 0.0, 1.0],
                [0.210918, -0.001228, 0.977503, 0.133502, 0.977504, 0.00152, -0.210916, 2.50905, -0.001227, 0.999998, 0.001521, 0.672938, 0.0, 0.0, 0.0, 1.0],
                [0.199017, -0.001237, 0.979995, 0.137353, 0.979996, 0.001513, -0.199014, 2.515087, -0.001237, 0.999998, 0.001513, 0.679015, 0.0, 0.0, 0.0, 1.0],
                [0.187087, -0.001246, 0.982343, 0.139398, 0.982342, 0.001505, -0.187085, 2.518885, -0.001246, 0.999998, 0.001505, 0.683298, 0.0, 0.0, 0.0, 1.0],
                [0.179584, -0.001252, 0.983741, 0.141079, 0.983742, 0.0015, -0.179582, 2.520419, -0.001251, 0.999998, 0.001501, 0.683789, 0.0, 0.0, 0.0, 1.0],
                [0.178219, -0.001253, 0.98399, 0.142425, 0.98399, 0.0015, -0.178217, 2.519086, -0.001252, 0.999998, 0.0015, 0.684171, 0.0, 0.0, 0.0, 1.0],
                [0.182314, -0.00125, 0.98324, 0.143917, 0.98324, 0.001502, -0.182312, 2.51514, -0.001249, 0.999998, 0.001502, 0.684445, 0.0, 0.0, 0.0, 1.0],
                [0.186406, -0.001246, 0.982472, 0.144676, 0.982472, 0.001505, -0.186404, 2.508023, -0.001246, 0.999998, 0.001505, 0.68461, 0.0, 0.0, 0.0, 1.0],
                [0.190494, -0.001243, 0.981687, 0.144792, 0.981688, 0.001507, -0.190492, 2.498017, -0.001243, 0.999998, 0.001508, 0.682923, 0.0, 0.0, 0.0, 1.0],
                [0.197985, -0.001237, 0.980204, 0.144061, 0.980205, 0.001512, -0.197983, 2.484671, -0.001237, 0.999998, 0.001512, 0.677129, 0.0, 0.0, 0.0, 1.0],
                [0.209544, -0.001228, 0.977798, 0.142121, 0.977799, 0.001519, -0.209542, 2.467692, -0.001228, 0.999998, 0.00152, 0.669033, 0.0, 0.0, 0.0, 1.0],
                [0.223131, -0.001218, 0.974788, 0.139363, 0.974788, 0.001528, -0.223129, 2.447065, -0.001218, 0.999998, 0.001528, 0.657005, 0.0, 0.0, 0.0, 1.0],
                [0.236675, -0.001207, 0.971588, 0.136631, 0.971589, 0.001537, -0.236673, 2.422887, -0.001207, 0.999998, 0.001537, 0.645354, 0.0, 0.0, 0.0, 1.0],
                [0.250174, -0.001197, 0.9682, 0.133487, 0.9682, 0.001545, -0.250173, 2.395459, -0.001196, 0.999998, 0.001545, 0.634083, 0.0, 0.0, 0.0, 1.0],
                [0.263624, -0.001186, 0.964625, 0.128704, 0.964625, 0.001553, -0.263622, 2.365571, -0.001186, 0.999998, 0.001553, 0.623191, 0.0, 0.0, 0.0, 1.0],
                [0.281073, -0.001172, 0.959686, 0.122185, 0.959685, 0.001564, -0.281071, 2.334497, -0.001171, 0.999998, 0.001564, 0.612678, 0.0, 0.0, 0.0, 1.0],
                [0.303785, -0.001153, 0.95274, 0.115342, 0.95274, 0.001577, -0.303783, 2.302963, -0.001153, 0.999998, 0.001578, 0.60725, 0.0, 0.0, 0.0, 1.0],
                [0.332358, -0.001129, 0.943153, 0.109514, 0.943153, 0.001595, -0.332356, 2.271902, -0.001129, 0.999998, 0.001595, 0.608654, 0.0, 0.0, 0.0, 1.0],
                [0.360629, -0.001105, 0.932709, 0.104863, 0.932709, 0.001612, -0.360627, 2.243156, -0.001105, 0.999998, 0.001612, 0.615126, 0.0, 0.0, 0.0, 1.0],
                [0.386813, -0.001082, 0.922158, 0.101127, 0.922158, 0.001627, -0.386811, 2.218149, -0.001082, 0.999998, 0.001627, 0.62175, 0.0, 0.0, 0.0, 1.0],
                [0.412692, -0.001059, 0.91087, 0.097999, 0.91087, 0.001643, -0.41269, 2.197086, -0.001059, 0.999998, 0.001643, 0.628525, 0.0, 0.0, 0.0, 1.0],
                [0.438239, -0.001036, 0.898858, 0.095344, 0.898858, 0.001657, -0.438237, 2.179277, -0.001035, 0.999998, 0.001657, 0.636275, 0.0, 0.0, 0.0, 1.0],
                [0.46926, -0.001007, 0.883059, 0.093015, 0.88306, 0.001675, -0.469258, 2.163946, -0.001006, 0.999998, 0.001675, 0.646243, 0.0, 0.0, 0.0, 1.0],
                [0.501655, -0.000976, 0.865068, 0.090624, 0.865067, 0.001694, -0.501653, 2.150185, -0.000976, 0.999998, 0.001694, 0.657963, 0.0, 0.0, 0.0, 1.0],
                [0.533567, -0.000944, 0.845757, 0.088099, 0.845758, 0.001712, -0.533565, 2.137266, -0.000944, 0.999998, 0.001712, 0.669798, 0.0, 0.0, 0.0, 1.0],
                [0.564345, -0.000912, 0.825539, 0.086691, 0.825539, 0.001728, -0.564343, 2.124346, -0.000912, 0.999998, 0.001728, 0.678652, 0.0, 0.0, 0.0, 1.0],
                [0.586322, -0.000889, 0.810078, 0.086747, 0.810079, 0.00174, -0.586319, 2.1111, -0.000889, 0.999998, 0.00174, 0.683456, 0.0, 0.0, 0.0, 1.0],
                [0.607874, -0.000865, 0.794033, 0.086074, 0.794033, 0.001752, -0.607872, 2.100053, -0.000865, 0.999998, 0.001752, 0.685979, 0.0, 0.0, 0.0, 1.0],
                [0.632544, -0.000838, 0.774524, 0.082058, 0.774525, 0.001765, -0.632541, 2.091699, -0.000837, 0.999998, 0.001765, 0.684934, 0.0, 0.0, 0.0, 1.0],
                [0.664481, -0.0008, 0.747304, 0.074256, 0.747305, 0.001783, -0.664479, 2.084498, -0.0008, 0.999998, 0.001783, 0.68382, 0.0, 0.0, 0.0, 1.0],
                [0.699669, -0.000757, 0.714467, 0.064249, 0.714468, 0.001802, -0.699666, 2.078239, -0.000757, 0.999998, 0.001802, 0.682639, 0.0, 0.0, 0.0, 1.0],
                [0.733235, -0.000714, 0.679975, 0.054339, 0.679976, 0.001819, -0.733233, 2.072906, -0.000713, 0.999998, 0.001819, 0.681389, 0.0, 0.0, 0.0, 1.0],
                [0.760545, -0.000676, 0.649285, 0.045673, 0.649285, 0.001834, -0.760543, 2.068097, -0.000676, 0.999998, 0.001834, 0.680072, 0.0, 0.0, 0.0, 1.0],
                [0.786572, -0.000638, 0.617498, 0.03751, 0.617499, 0.001847, -0.78657, 2.063317, -0.000638, 0.999998, 0.001847, 0.677217, 0.0, 0.0, 0.0, 1.0],
                [0.809813, -0.000602, 0.586688, 0.028523, 0.586688, 0.001859, -0.809811, 2.058541, -0.000603, 0.999998, 0.001859, 0.672859, 0.0, 0.0, 0.0, 1.0],
                [0.829533, -0.000571, 0.558457, 0.01861, 0.558457, 0.001869, -0.829531, 2.05383, -0.00057, 0.999998, 0.001869, 0.668509, 0.0, 0.0, 0.0, 1.0],
                [0.84827, -0.000538, 0.529564, 0.007243, 0.529565, 0.001878, -0.848267, 2.04908, -0.000538, 0.999998, 0.001878, 0.664168, 0.0, 0.0, 0.0, 1.0],
                [0.86744, -0.000503, 0.497541, -0.005784, 0.497541, 0.001888, -0.867439, 2.044018, -0.000503, 0.999998, 0.001888, 0.659833, 0.0, 0.0, 0.0, 1.0],
                [0.887208, -0.000464, 0.46137, -0.019846, 0.461371, 0.001898, -0.887205, 2.038083, -0.000464, 0.999998, 0.001898, 0.657137, 0.0, 0.0, 0.0, 1.0],
                [0.905567, -0.000425, 0.424205, -0.033924, 0.424205, 0.001907, -0.905564, 2.031105, -0.000424, 0.999998, 0.001907, 0.655586, 0.0, 0.0, 0.0, 1.0],
                [0.919272, -0.000393, 0.393624, -0.04795, 0.393623, 0.001914, -0.91927, 2.023852, -0.000392, 0.999998, 0.001914, 0.653933, 0.0, 0.0, 0.0, 1.0],
                [0.931164, -0.000363, 0.364601, -0.063346, 0.364601, 0.00192, -0.931162, 2.01697, -0.000362, 0.999998, 0.00192, 0.651408, 0.0, 0.0, 0.0, 1.0],
                [0.94214, -0.000333, 0.335219, -0.081036, 0.335219, 0.001925, -0.942138, 2.010294, -0.000332, 0.999998, 0.001925, 0.645486, 0.0, 0.0, 0.0, 1.0],
                [0.95424, -0.000296, 0.299042, -0.100824, 0.299042, 0.001932, -0.954238, 2.002328, -0.000296, 0.999998, 0.001932, 0.63967, 0.0, 0.0, 0.0, 1.0],
                [0.964951, -0.000259, 0.26243, -0.122497, 0.26243, 0.001937, -0.964949, 1.992552, -0.000259, 0.999998, 0.001937, 0.633959, 0.0, 0.0, 0.0, 1.0],
                [0.972783, -0.000228, 0.23172, -0.145899, 0.23172, 0.001941, -0.972781, 1.982405, -0.000228, 0.999998, 0.001941, 0.628353, 0.0, 0.0, 0.0, 1.0],
                [0.979638, -0.000197, 0.200777, -0.170125, 0.200777, 0.001944, -0.979635, 1.973407, -0.000197, 0.999998, 0.001944, 0.624611, 0.0, 0.0, 0.0, 1.0],
                [0.986663, -0.00016, 0.162777, -0.194037, 0.162777, 0.001947, -0.986661, 1.964893, -0.00016, 0.999998, 0.001947, 0.623627, 0.0, 0.0, 0.0, 1.0],
                [0.993241, -0.000114, 0.116071, -0.216482, 0.116071, 0.001951, -0.993239, 1.956118, -0.000114, 0.999998, 0.001951, 0.62454, 0.0, 0.0, 0.0, 1.0],
                [0.997609, -6.8e-05, 0.069107, -0.237409, 0.069107, 0.001953, -0.997607, 1.947046, -6.7e-05, 0.999998, 0.001953, 0.629163, 0.0, 0.0, 0.0, 1.0],
                [0.999605, -2.7e-05, 0.02813, -0.25662, 0.02813, 0.001954, -0.999602, 1.938629, -2.8e-05, 0.999998, 0.001954, 0.633787, 0.0, 0.0, 0.0, 1.0],
                [0.999943, 1e-05, -0.010715, -0.273803, -0.010715, 0.001954, -0.999941, 1.93156, 1.1e-05, 0.999998, 0.001954, 0.63841, 0.0, 0.0, 0.0, 1.0],
                [0.999221, 3.8e-05, -0.039456, -0.28876, -0.039456, 0.001954, -0.99922, 1.925386, 3.9e-05, 0.999998, 0.001954, 0.643033, 0.0, 0.0, 0.0, 1.0],
                [0.997674, 6.6e-05, -0.068164, -0.300737, -0.068164, 0.001953, -0.997672, 1.919245, 6.7e-05, 0.999998, 0.001953, 0.647657, 0.0, 0.0, 0.0, 1.0],
                [0.995698, 9.1e-05, -0.092665, -0.309954, -0.092665, 0.001952, -0.995695, 1.91317, 9.1e-05, 0.999998, 0.001952, 0.652309, 0.0, 0.0, 0.0, 1.0],
                [0.993567, 0.000111, -0.113249, -0.317097, -0.113249, 0.001951, -0.993565, 1.907192, 0.000111, 0.999998, 0.001951, 0.656904, 0.0, 0.0, 0.0, 1.0],
                [0.990992, 0.000131, -0.133925, -0.323604, -0.133925, 0.00195, -0.990989, 1.901428, 0.000131, 0.999998, 0.00195, 0.661528, 0.0, 0.0, 0.0, 1.0],
                [0.987103, 0.000157, -0.160092, -0.329822, -0.160092, 0.001948, -0.9871, 1.895944, 0.000157, 0.999998, 0.001948, 0.666152, 0.0, 0.0, 0.0, 1.0],
                [0.981602, 0.000187, -0.190941, -0.335552, -0.190941, 0.001945, -0.981599, 1.890716, 0.000187, 0.999998, 0.001945, 0.668216, 0.0, 0.0, 0.0, 1.0],
                [0.975137, 0.000218, -0.221603, -0.340497, -0.221603, 0.001942, -0.975135, 1.885644, 0.000218, 0.999998, 0.001942, 0.67028, 0.0, 0.0, 0.0, 1.0],
                [0.967996, 0.000247, -0.250968, -0.344526, -0.250968, 0.001939, -0.967993, 1.880411, 0.000247, 0.999998, 0.001939, 0.66918, 0.0, 0.0, 0.0, 1.0],
                [0.959966, 0.000277, -0.280117, -0.347758, -0.280117, 0.001935, -0.959964, 1.8749, 0.000277, 0.999998, 0.001935, 0.667389, 0.0, 0.0, 0.0, 1.0],
                [0.951059, 0.000305, -0.309009, -0.350297, -0.30901, 0.001931, -0.951056, 1.868651, 0.000306, 0.999998, 0.00193, 0.664877, 0.0, 0.0, 0.0, 1.0],
                [0.941287, 0.000335, -0.337607, -0.3518, -0.337607, 0.001925, -0.941285, 1.861392, 0.000335, 0.999998, 0.001925, 0.662187, 0.0, 0.0, 0.0, 1.0],
                [0.932167, 0.00036, -0.362028, -0.351831, -0.362028, 0.001921, -0.932165, 1.853008, 0.00036, 0.999998, 0.001921, 0.65949, 0.0, 0.0, 0.0, 1.0],
                [0.924806, 0.000379, -0.380438, -0.350583, -0.380437, 0.001917, -0.924805, 1.843526, 0.000379, 0.999998, 0.001917, 0.656953, 0.0, 0.0, 0.0, 1.0],
                [0.917081, 0.000398, -0.398701, -0.349137, -0.398701, 0.001913, -0.917079, 1.833194, 0.000398, 0.999998, 0.001913, 0.654759, 0.0, 0.0, 0.0, 1.0],
                [0.908995, 0.000417, -0.416808, -0.348326, -0.416808, 0.001909, -0.908993, 1.822365, 0.000417, 0.999998, 0.001909, 0.652925, 0.0, 0.0, 0.0, 1.0],
                [0.900553, 0.000436, -0.434747, -0.347375, -0.434747, 0.001905, -0.900551, 1.811586, 0.000436, 0.999998, 0.001905, 0.651368, 0.0, 0.0, 0.0, 1.0],
                [0.89336, 0.000451, -0.449342, -0.344921, -0.449343, 0.001901, -0.893357, 1.800942, 0.000451, 0.999998, 0.001901, 0.650005, 0.0, 0.0, 0.0, 1.0],
                [0.889575, 0.000459, -0.45679, -0.340669, -0.45679, 0.001899, -0.889572, 1.790288, 0.000459, 0.999998, 0.001899, 0.648689, 0.0, 0.0, 0.0, 1.0],
                [0.885728, 0.000467, -0.464206, -0.335195, -0.464206, 0.001897, -0.885725, 1.779844, 0.000467, 0.999998, 0.001897, 0.647644, 0.0, 0.0, 0.0, 1.0],
                [0.881818, 0.000475, -0.471589, -0.329123, -0.471589, 0.001895, -0.881817, 1.769794, 0.000475, 0.999998, 0.001895, 0.647345, 0.0, 0.0, 0.0, 1.0],
                [0.876577, 0.000485, -0.481262, -0.322701, -0.481263, 0.001893, -0.876574, 1.759896, 0.000485, 0.999998, 0.001893, 0.648266, 0.0, 0.0, 0.0, 1.0],
                [0.871228, 0.000496, -0.490878, -0.315758, -0.490878, 0.00189, -0.871226, 1.749626, 0.000496, 0.999998, 0.00189, 0.649973, 0.0, 0.0, 0.0, 1.0],
                [0.865775, 0.000506, -0.500434, -0.308225, -0.500435, 0.001887, -0.865772, 1.738881, 0.000506, 0.999998, 0.001887, 0.65168, 0.0, 0.0, 0.0, 1.0],
                [0.860216, 0.000517, -0.50993, -0.299971, -0.50993, 0.001885, -0.860214, 1.728057, 0.000517, 0.999998, 0.001885, 0.653332, 0.0, 0.0, 0.0, 1.0],
                [0.856139, 0.000524, -0.516745, -0.291033, -0.516745, 0.001882, -0.856137, 1.717361, 0.000524, 0.999998, 0.001882, 0.654877, 0.0, 0.0, 0.0, 1.0],
                [0.854291, 0.000527, -0.519796, -0.281596, -0.519796, 0.001882, -0.854288, 1.706692, 0.000527, 0.999998, 0.001881, 0.656259, 0.0, 0.0, 0.0, 1.0],
                [0.852431, 0.000531, -0.522839, -0.271862, -0.522839, 0.001881, -0.852429, 1.69603, 0.000531, 0.999998, 0.001881, 0.657442, 0.0, 0.0, 0.0, 1.0],
                [0.852014, 0.000531, -0.523518, -0.262124, -0.523518, 0.00188, -0.852013, 1.685607, 0.000532, 0.999998, 0.00188, 0.658457, 0.0, 0.0, 0.0, 1.0],
                [0.851603, 0.000532, -0.524188, -0.252917, -0.524188, 0.00188, -0.851601, 1.676023, 0.000532, 0.999998, 0.00188, 0.659332, 0.0, 0.0, 0.0, 1.0],
                [0.853465, 0.000529, -0.521149, -0.244489, -0.521149, 0.001881, -0.853464, 1.667262, 0.000529, 0.999998, 0.001881, 0.660126, 0.0, 0.0, 0.0, 1.0],
                [0.855318, 0.000525, -0.518103, -0.237253, -0.518102, 0.001882, -0.855317, 1.659185, 0.000526, 0.999998, 0.001882, 0.660878, 0.0, 0.0, 0.0, 1.0],
                [0.858998, 0.000519, -0.511979, -0.231418, -0.511979, 0.001884, -0.858996, 1.651609, 0.000519, 0.999998, 0.001884, 0.663854, 0.0, 0.0, 0.0, 1.0],
                [0.864667, 0.000508, -0.502346, -0.227318, -0.502346, 0.001887, -0.864665, 1.644736, 0.000508, 0.999998, 0.001887, 0.666658, 0.0, 0.0, 0.0, 1.0],
                [0.870228, 0.000498, -0.492649, -0.224969, -0.492649, 0.00189, -0.870226, 1.639059, 0.000498, 0.999998, 0.00189, 0.668933, 0.0, 0.0, 0.0, 1.0],
                [0.87568, 0.000487, -0.482892, -0.22437, -0.482892, 0.001892, -0.875678, 1.635368, 0.000487, 0.999998, 0.001892, 0.670324, 0.0, 0.0, 0.0, 1.0],
                [0.876841, 0.000485, -0.480782, -0.225814, -0.480782, 0.001893, -0.876838, 1.633886, 0.000485, 0.999998, 0.001893, 0.670476, 0.0, 0.0, 0.0, 1.0],
                [0.873347, 0.000491, -0.487098, -0.22893, -0.487098, 0.001891, -0.873345, 1.634461, 0.000492, 0.999998, 0.001891, 0.669604, 0.0, 0.0, 0.0, 1.0],
                [0.867253, 0.000503, -0.497867, -0.23383, -0.497868, 0.001888, -0.867251, 1.636379, 0.000504, 0.999998, 0.001888, 0.668302, 0.0, 0.0, 0.0, 1.0],
                [0.861026, 0.000515, -0.508561, -0.240051, -0.508561, 0.001885, -0.861024, 1.638829, 0.000515, 0.999998, 0.001885, 0.666785, 0.0, 0.0, 0.0, 1.0],
                [0.858591, 0.000519, -0.512662, -0.247589, -0.512662, 0.001884, -0.858589, 1.641022, 0.00052, 0.999998, 0.001884, 0.666695, 0.0, 0.0, 0.0, 1.0],
                [0.860216, 0.000517, -0.50993, -0.256632, -0.50993, 0.001885, -0.860214, 1.64279, 0.000517, 0.999998, 0.001885, 0.666312, 0.0, 0.0, 0.0, 1.0],
                [0.863247, 0.000511, -0.504782, -0.266721, -0.504782, 0.001886, -0.863245, 1.644271, 0.000511, 0.999998, 0.001886, 0.665639, 0.0, 0.0, 0.0, 1.0],
                [0.866261, 0.000505, -0.499592, -0.277193, -0.499592, 0.001888, -0.866259, 1.646536, 0.000505, 0.999998, 0.001888, 0.664666, 0.0, 0.0, 0.0, 1.0],
                [0.867838, 0.000502, -0.496847, -0.287433, -0.496846, 0.001888, -0.867837, 1.64955, 0.000502, 0.999998, 0.001888, 0.663417, 0.0, 0.0, 0.0, 1.0],
                [0.869421, 0.000499, -0.494072, -0.297569, -0.494072, 0.001889, -0.869419, 1.652926, 0.000499, 0.999998, 0.001889, 0.660523, 0.0, 0.0, 0.0, 1.0],
                [0.872372, 0.000494, -0.488842, -0.306996, -0.488842, 0.001891, -0.87237, 1.656463, 0.000494, 0.999998, 0.001891, 0.65765, 0.0, 0.0, 0.0, 1.0],
                [0.875293, 0.000488, -0.483594, -0.315495, -0.483594, 0.001892, -0.87529, 1.660436, 0.000488, 0.999998, 0.001892, 0.654809, 0.0, 0.0, 0.0, 1.0],
                [0.875034, 0.000488, -0.484062, -0.322962, -0.484062, 0.001892, -0.875032, 1.664924, 0.000489, 0.999998, 0.001892, 0.652012, 0.0, 0.0, 0.0, 1.0],
                [0.874775, 0.000489, -0.484529, -0.329279, -0.48453, 0.001892, -0.874772, 1.669488, 0.000489, 0.999998, 0.001892, 0.649272, 0.0, 0.0, 0.0, 1.0],
                [0.874516, 0.000489, -0.484997, -0.334254, -0.484997, 0.001892, -0.874514, 1.673856, 0.00049, 0.999998, 0.001892, 0.646599, 0.0, 0.0, 0.0, 1.0],
                [0.875293, 0.000488, -0.483594, -0.338137, -0.483594, 0.001892, -0.875291, 1.677796, 0.000488, 0.999998, 0.001892, 0.644006, 0.0, 0.0, 0.0, 1.0],
                [0.876067, 0.000486, -0.482189, -0.341365, -0.482189, 0.001892, -0.876065, 1.681096, 0.000486, 0.999998, 0.001892, 0.641487, 0.0, 0.0, 0.0, 1.0],
                [0.874127, 0.00049, -0.485698, -0.344155, -0.485698, 0.001892, -0.874125, 1.683641, 0.00049, 0.999998, 0.001892, 0.638972, 0.0, 0.0, 0.0, 1.0],
                [0.869565, 0.000499, -0.493818, -0.34647, -0.493819, 0.001889, -0.869563, 1.685323, 0.000499, 0.999998, 0.001889, 0.636375, 0.0, 0.0, 0.0, 1.0],
                [0.864928, 0.000508, -0.501896, -0.348035, -0.501896, 0.001887, -0.864926, 1.686471, 0.000508, 0.999998, 0.001887, 0.633606, 0.0, 0.0, 0.0, 1.0],
                [0.860216, 0.000517, -0.50993, -0.348615, -0.50993, 0.001885, -0.860214, 1.68702, 0.000517, 0.999998, 0.001885, 0.630598, 0.0, 0.0, 0.0, 1.0],
                [0.859405, 0.000518, -0.511296, -0.347725, -0.511297, 0.001884, -0.859402, 1.686906, 0.000518, 0.999998, 0.001884, 0.627354, 0.0, 0.0, 0.0, 1.0],
                [0.861042, 0.000515, -0.508534, -0.345754, -0.508534, 0.001885, -0.86104, 1.685939, 0.000515, 0.999998, 0.001885, 0.623873, 0.0, 0.0, 0.0, 1.0],
                [0.864452, 0.000509, -0.502715, -0.342216, -0.502716, 0.001887, -0.86445, 1.684234, 0.000509, 0.999998, 0.001887, 0.620243, 0.0, 0.0, 0.0, 1.0],
                [0.867838, 0.000502, -0.496848, -0.338133, -0.496848, 0.001888, -0.867835, 1.681641, 0.000502, 0.999998, 0.001888, 0.616419, 0.0, 0.0, 0.0, 1.0],
                [0.867838, 0.000502, -0.496848, -0.334312, -0.496848, 0.001888, -0.867835, 1.678055, 0.000502, 0.999998, 0.001888, 0.612445, 0.0, 0.0, 0.0, 1.0],
                [0.863651, 0.00051, -0.50409, -0.33092, -0.50409, 0.001886, -0.863649, 1.673647, 0.00051, 0.999998, 0.001886, 0.610132, 0.0, 0.0, 0.0, 1.0],
                [0.859404, 0.000518, -0.511297, -0.326361, -0.511297, 0.001884, -0.859402, 1.6687, 0.000518, 0.999998, 0.001884, 0.6079, 0.0, 0.0, 0.0, 1.0],
                [0.85798, 0.000521, -0.513683, -0.320647, -0.513683, 0.001883, -0.857978, 1.663168, 0.000521, 0.999998, 0.001883, 0.605751, 0.0, 0.0, 0.0, 1.0],
                [0.856549, 0.000523, -0.516066, -0.31442, -0.516065, 0.001883, -0.856547, 1.657403, 0.000523, 0.999998, 0.001883, 0.603684, 0.0, 0.0, 0.0, 1.0],
                [0.853672, 0.000528, -0.520812, -0.308345, -0.520812, 0.001881, -0.85367, 1.652126, 0.000529, 0.999998, 0.001881, 0.601699, 0.0, 0.0, 0.0, 1.0],
                [0.846897, 0.000541, -0.531757, -0.302478, -0.531757, 0.001878, -0.846895, 1.647496, 0.000541, 0.999998, 0.001878, 0.599796, 0.0, 0.0, 0.0, 1.0],
                [0.839983, 0.000553, -0.542613, -0.297, -0.542614, 0.001874, -0.83998, 1.643026, 0.000553, 0.999998, 0.001874, 0.597975, 0.0, 0.0, 0.0, 1.0],
                [0.832929, 0.000565, -0.55338, -0.291919, -0.55338, 0.001871, -0.832927, 1.638404, 0.000565, 0.999998, 0.001871, 0.596237, 0.0, 0.0, 0.0, 1.0],
                [0.827693, 0.000573, -0.561181, -0.287041, -0.561181, 0.001868, -0.827691, 1.633869, 0.000574, 0.999998, 0.001868, 0.594582, 0.0, 0.0, 0.0, 1.0],
                [0.824323, 0.000579, -0.56612, -0.282139, -0.566121, 0.001866, -0.82432, 1.62964, 0.000579, 0.999998, 0.001866, 0.591962, 0.0, 0.0, 0.0, 1.0],
                [0.820921, 0.000585, -0.571041, -0.277312, -0.571041, 0.001865, -0.820919, 1.625528, 0.000585, 0.999998, 0.001864, 0.589377, 0.0, 0.0, 0.0, 1.0],
                [0.817466, 0.00059, -0.575977, -0.27288, -0.575977, 0.001863, -0.817464, 1.621373, 0.00059, 0.999998, 0.001863, 0.586848, 0.0, 0.0, 0.0, 1.0],
                [0.812767, 0.000598, -0.582588, -0.269256, -0.582588, 0.00186, -0.812766, 1.617349, 0.000598, 0.999998, 0.00186, 0.584454, 0.0, 0.0, 0.0, 1.0],
                [0.80799, 0.000605, -0.589196, -0.266404, -0.589197, 0.001858, -0.807987, 1.613602, 0.000606, 0.999998, 0.001858, 0.582185, 0.0, 0.0, 0.0, 1.0],
                [0.808902, 0.000604, -0.587943, -0.266406, -0.587943, 0.001859, -0.8089, 1.613601, 0.000604, 0.999998, 0.001858, 0.581456, 0.0, 0.0, 0.0, 1.0]
            ]
        },
        {
            "name": "Thigh_R",
            "time": [0.0, 0.0333, 0.0667, 0.1, 0.1333, 0.1667, 0.2, 0.2333, 0.2667, 0.3, 0.3333, 0.3667, 0.4, 0.4333, 0.4667, 0.5, 0.5333, 0.5667, 0.6, 0.6333, 0.6667, 0.7, 0.7333, 0.7667, 0.8, 0.8333, 0.8667, 0.9, 0.9333, 0.9667, 1.0, 1.0333, 1.0667, 1.1, 1.1333, 1.1667, 1.2, 1.2333, 1.2667, 1.3, 1.3333, 1.3667, 1.4, 1.4333, 1.4667, 1.5, 1.5333, 1.5667, 1.6, 1.6333, 1.6667, 1.7, 1.7333, 1.7667, 1.8, 1.8333, 1.8667, 1.9, 1.9333, 1.9667, 2.0, 2.0333, 2.0667, 2.1, 2.1333, 2.1667, 2.2, 2.2333, 2.2667, 2.3, 2.3333, 2.3667, 2.4, 2.4333, 2.4667, 2.5, 2.5333, 2.5667, 2.6, 2.6333, 2.6667, 2.7, 2.7333, 2.7667, 2.8, 2.8333, 2.8667, 2.9, 2.9333, 2.9667, 3.0, 3.0333, 3.0667, 3.1, 3.1333, 3.1667, 3.2, 3.2333, 3.2667, 3.3, 3.3333, 3.3667, 3.4, 3.4333, 3.4667, 3.5, 3.5333, 3.5667, 3.6, 3.6333, 3.6667, 3.7, 3.7333, 3.7667, 3.8, 3.8333, 3.8667, 3.9, 3.9333, 3.9667, 4.0, 4.0333, 4.0667, 4.1, 4.1333, 4.1667, 4.2, 4.2333, 4.2667, 4.3, 4.3333, 4.3667, 4.4, 4.4333, 4.4667, 4.5, 4.5333, 4.5667, 4.6, 4.6333, 4.6667, 4.7, 4.7333, 4.7667, 4.8, 4.8333, 4.8667, 4.9, 4.9333, 4.9667, 5.0, 5.0333, 5.0667, 5.1, 5.1333, 5.1667, 5.2, 5.2333, 5.2667, 5.3, 5.3333, 5.3667, 5.4, 5.4333, 5.4667, 5.5, 5.5333, 5.5667, 5.6, 5.6333, 5.6667, 5.7, 5.7333, 5.7667, 5.8, 5.8333],
            "transform": [
                [0.936409, 0.348183, -0.043668, 0.124994, 0.325002, -0.813599, 0.482109, -0.002831, 0.132333, -0.465643, -0.875022, -1.2e-05, 0.0, 0.0, 0.0, 1.0],
                [0.931227, 0.362254, -0.039854, 0.124994, 0.333881, -0.804192, 0.491729, -0.002831, 0.146081, -0.471218, -0.869835, -1.2e-05, 0.0, 0.0, 0.0, 1.0],
                [0.924898, 0.379119, -0.028859, 0.124994, 0.343693, -0.801178, 0.489885, -0.002831, 0.162603, -0.463011, -0.87131, -1.2e-05, 0.0, 0.0, 0.0, 1.0],
                [0.917962, 0.396483, -0.012057, 0.124994, 0.354571, -0.806538, 0.473048, -0.002831, 0.177831, -0.438516, -0.880954, -1.2e-05, 0.0, 0.0, 0.0, 1.0],
                [0.910516, 0.413443, 0.004965, 0.124994, 0.365856, -0.811193, 0.456196, -0.002831, 0.192639, -0.413557, -0.889865, -1.2e-05, 0.0, 0.0, 0.0, 1.0],
                [0.904171, 0.426815, 0.017479, 0.124994, 0.377366, -0.817251, 0.435539, -0.002831, 0.20018, -0.387205, -0.9, -1.2e-05, 0.0, 0.0, 0.0, 1.0],
                [0.897998, 0.439435, 0.022264, 0.124994, 0.393618, -0.824922, 0.405669, -0.002831, 0.196631, -0.355527, -0.913749, -1.2e-05, 0.0, 0.0, 0.0, 1.0],
                [0.896215, 0.443587, 0.005376, 0.124994, 0.410686, -0.834201, 0.368029, -0.002831, 0.167738, -0.327625, -0.929798, -1.2e-05, 0.0, 0.0, 0.0, 1.0],
                [0.897096, 0.441267, -0.022417, 0.124994, 0.42613, -0.850682, 0.307818, -0.002831, 0.11676, -0.285694, -0.951182, -1.2e-05, 0.0, 0.0, 0.0, 1.0],
                [0.895677, 0.441243, -0.055377, 0.124994, 0.439779, -0.86038, 0.257568, -0.002831, 0.066005, -0.255051, -0.964672, -1.2e-05, 0.0, 0.0, 0.0, 1.0],
                [0.886798, 0.456344, -0.073065, 0.124994, 0.461752, -0.868268, 0.181367, -0.002831, 0.019326, -0.194574, -0.980697, -1.2e-05, 0.0, 0.0, 0.0, 1.0],
                [0.875745, 0.471173, -0.105193, 0.124994, 0.482052, -0.865336, 0.137183, -0.002831, -0.02639, -0.170845, -0.984944, -1.2e-05, 0.0, 0.0, 0.0, 1.0],
                [0.901557, 0.411008, -0.135154, 0.124994, 0.428239, -0.89223, 0.143306, -0.002831, -0.061688, -0.187076, -0.980406, -1.2e-05, 0.0, 0.0, 0.0, 1.0],
                [0.932752, 0.322306, -0.161531, 0.124994, 0.348262, -0.921373, 0.172582, -0.002831, -0.093206, -0.217231, -0.97166, -1.2e-05, 0.0, 0.0, 0.0, 1.0],
                [0.956578, 0.23963, -0.165943, 0.124994, 0.271044, -0.940698, 0.204011, -0.002831, -0.107215, -0.240129, -0.964802, -1.2e-05, 0.0, 0.0, 0.0, 1.0],
                [0.972623, 0.196402, -0.124222, 0.124994, 0.219454, -0.952102, 0.212934, -0.002831, -0.076451, -0.234365, -0.969138, -1.2e-05, 0.0, 0.0, 0.0, 1.0],
                [0.985456, 0.154811, -0.070074, 0.124994, 0.167165, -0.957263, 0.236013, -0.002831, -0.030542, -0.244294, -0.96922, -1.2e-05, 0.0, 0.0, 0.0, 1.0],
                [0.996241, 0.07489, -0.043539, 0.124994, 0.085035, -0.941352, 0.326534, -0.002831, -0.016532, -0.329009, -0.944182, -1.2e-05, 0.0, 0.0, 0.0, 1.0],
                [0.999542, 0.018748, -0.023728, 0.124994, 0.02662, -0.917795, 0.396162, -0.002831, -0.01435, -0.396612, -0.917874, -1.2e-05, 0.0, 0.0, 0.0, 1.0],
                [0.999355, 0.031477, -0.017284, 0.124994, 0.03567, -0.92571, 0.376547, -0.002831, -0.004148, -0.37692, -0.926237, -1.2e-05, 0.0, 0.0, 0.0, 1.0],
                [0.999057, 0.043154, -0.004816, 0.124994, 0.042367, -0.944437, 0.325948, -0.002831, 0.009518, -0.325844, -0.945375, -1.2e-05, 0.0, 0.0, 0.0, 1.0],
                [0.99843, 0.053987, 0.014894, 0.124994, 0.047862, -0.960645, 0.273626, -0.002831, 0.02908, -0.272483, -0.961721, -1.2e-05, 0.0, 0.0, 0.0, 1.0],
                [0.996911, 0.06861, 0.0382, 0.124994, 0.056795, -0.965896, 0.252624, -0.002831, 0.05423, -0.249674, -0.96681, -1.2e-05, 0.0, 0.0, 0.0, 1.0],
                [0.993551, 0.091182, 0.067393, 0.124994, 0.07408, -0.972002, 0.222983, -0.002831, 0.085838, -0.216552, -0.97249, -1.2e-05, 0.0, 0.0, 0.0, 1.0],
                [0.987849, 0.117713, 0.101483, 0.124994, 0.095724, -0.975228, 0.199411, -0.002831, 0.122442, -0.187273, -0.974646, -1.2e-05, 0.0, 0.0, 0.0, 1.0],
                [0.978793, 0.147993, 0.141638, 0.124994, 0.13022, -0.983254, 0.127488, -0.002831, 0.158134, -0.10634, -0.981674, -1.2e-05, 0.0, 0.0, 0.0, 1.0],
                [0.973532, 0.117505, 0.196031, 0.124994, 0.134957, -0.987766, -0.078135, -0.002831, 0.184452, 0.102523, -0.97748, -1.2e-05, 0.0, 0.0, 0.0, 1.0],
                [0.973303, -0.073829, 0.217323, 0.124994, 0.057354, -0.838581, -0.541748, -0.002831, 0.22224, 0.53975, -0.81196, -1.2e-05, 0.0, 0.0, 0.0, 1.0],
                [0.998292, -0.058411, -0.000185, 0.124994, -0.055425, -0.946256, -0.318633, -0.002831, 0.018436, 0.3181, -0.947878, -1.2e-05, 0.0, 0.0, 0.0, 1.0],
                [0.971975, 0.059126, 0.227527, 0.124994, 0.106629, -0.97345, -0.202546, -0.002831, 0.20951, 0.221131, -0.952474, -1.2e-05, 0.0, 0.0, 0.0, 1.0],
                [0.836159, 0.152993, 0.526716, 0.124994, 0.199089, -0.979474, -0.031548, -0.002831, 0.511078, 0.131243, -0.849455, -1.2e-05, 0.0, 0.0, 0.0, 1.0],
                [0.816501, 0.27663, 0.506756, 0.124994, 0.066543, -0.916978, 0.393348, -0.002831, 0.573496, -0.287448, -0.767122, -1.2e-05, 0.0, 0.0, 0.0, 1.0],
                [0.825786, 0.282042, 0.488395, 0.124994, -0.004471, -0.862672, 0.505742, -0.002831, 0.563966, -0.419818, -0.711122, -1.2e-05, 0.0, 0.0, 0.0, 1.0],
                [0.847997, 0.272634, 0.4545, 0.124994, -0.058173, -0.804488, 0.591114, -0.002831, 0.526798, -0.527703, -0.666344, -1.1e-05, 0.0, 0.0, 0.0, 1.0],
                [0.907539, 0.296057, 0.297866, 0.124994, -0.067537, -0.597141, 0.799288, -0.002831, 0.414504, -0.7455, -0.521934, -1.2e-05, 0.0, 0.0, 0.0, 1.0],
                [0.96853, 0.226622, 0.102918, 0.124994, 0.042027, -0.556464, 0.829808, -0.002831, 0.245323, -0.799369, -0.548476, -1.2e-05, 0.0, 0.0, 0.0, 1.0],
                [0.97106, 0.215261, -0.103477, 0.124994, 0.213973, -0.591572, 0.77734, -0.002831, 0.106116, -0.776983, -0.620512, -1.2e-05, 0.0, 0.0, 0.0, 1.0],
                [0.943039, 0.265008, -0.201115, 0.124994, 0.327291, -0.630653, 0.703673, -0.002831, 0.059645, -0.729415, -0.681466, -1.2e-05, 0.0, 0.0, 0.0, 1.0],
                [0.941085, 0.303705, -0.148731, 0.124994, 0.314556, -0.624701, 0.714705, -0.002831, 0.124147, -0.719383, -0.683429, -1.2e-05, 0.0, 0.0, 0.0, 1.0],
                [0.944794, 0.325034, -0.041455, 0.124993, 0.238441, -0.595216, 0.767374, -0.002831, 0.224748, -0.734894, -0.639858, -1.2e-05, 0.0, 0.0, 0.0, 1.0],
                [0.942927, 0.330988, 0.03657, 0.124995, 0.173123, -0.581057, 0.795236, -0.002831, 0.284463, -0.743517, -0.605196, -1.2e-05, 0.0, 0.0, 0.0, 1.0],
                [0.942729, 0.323244, 0.082313, 0.124994, 0.141272, -0.610469, 0.779339, -0.002831, 0.302166, -0.723078, -0.621172, -1.2e-05, 0.0, 0.0, 0.0, 1.0],
                [0.951329, 0.294955, 0.089308, 0.124994, 0.133749, -0.656234, 0.742608, -0.002831, 0.277643, -0.694518, -0.663745, -1.2e-05, 0.0, 0.0, 0.0, 1.0],
                [0.965001, 0.249216, 0.081639, 0.124994, 0.122412, -0.703369, 0.700204, -0.002831, 0.231925, -0.665703, -0.709259, -1.2e-05, 0.0, 0.0, 0.0, 1.0],
                [0.97456, 0.215487, 0.061622, 0.124994, 0.12245, -0.74221, 0.658886, -0.002831, 0.187718, -0.634578, -0.749715, -1.2e-05, 0.0, 0.0, 0.0, 1.0],
                [0.980974, 0.189823, 0.040711, 0.124993, 0.124374, -0.775494, 0.618982, -0.002831, 0.149069, -0.602142, -0.784349, -1.2e-05, 0.0, 0.0, 0.0, 1.0],
                [0.984907, 0.170949, 0.027114, 0.124994, 0.12378, -0.805138, 0.580026, -0.002831, 0.120985, -0.567915, -0.814146, -1.2e-05, 0.0, 0.0, 0.0, 1.0],
                [0.988314, 0.15136, 0.018004, 0.124994, 0.117915, -0.83404, 0.538957, -0.002831, 0.096592, -0.530536, -0.842141, -1.2e-05, 0.0, 0.0, 0.0, 1.0],
                [0.990488, 0.137032, 0.012496, 0.124993, 0.112274, -0.857337, 0.502361, -0.002831, 0.079553, -0.496179, -0.864568, -1.2e-05, 0.0, 0.0, 0.0, 1.0],
                [0.99184, 0.127427, 0.004099, 0.124994, 0.110459, -0.874935, 0.471473, -0.002831, 0.063664, -0.467172, -0.881871, -1.2e-05, 0.0, 0.0, 0.0, 1.0],
                [0.992301, 0.123828, -0.001966, 0.124994, 0.11135, -0.885137, 0.451812, -0.002831, 0.054207, -0.448553, -0.89211, -1.2e-05, 0.0, 0.0, 0.0, 1.0],
                [0.992293, 0.123756, -0.006242, 0.124994, 0.113456, -0.887142, 0.447331, -0.002831, 0.049823, -0.444591, -0.894346, -1.2e-05, 0.0, 0.0, 0.0, 1.0],
                [0.992167, 0.124762, -0.006309, 0.124995, 0.114232, -0.885661, 0.450061, -0.002831, 0.050563, -0.447256, -0.892975, -1.2e-05, 0.0, 0.0, 0.0, 1.0],
                [0.991763, 0.128009, -0.00436, 0.124993, 0.116421, -0.886743, 0.447362, -0.002831, 0.0534, -0.444185, -0.894342, -1.2e-05, 0.0, 0.0, 0.0, 1.0],
                [0.991271, 0.131815, -0.002163, 0.124993, 0.119306, -0.889979, 0.440118, -0.002831, 0.056089, -0.436535, -0.897937, -1.2e-05, 0.0, 0.0, 0.0, 1.0],
                [0.989927, 0.141548, -0.00286, 0.124994, 0.128732, -0.89152, 0.434303, -0.002831, 0.058925, -0.430296, -0.900762, -1.2e-05, 0.0, 0.0, 0.0, 1.0],
