{
    "animation": [
        {
            "name": "Root",
            "time": [0.0, 0.0333, 0.0667, 0.1, 0.1333, 0.1667, 0.2, 0.2333, 0.2667, 0.3, 0.3333, 0.3667, 0.4, 0.4333, 0.4667, 0.5, 0.5333, 0.5667, 0.6, 0.6333, 0.6667, 0.7, 0.7333, 0.7667, 0.8, 0.8333, 0.8667, 0.9, 0.9333, 0.9667, 1.0, 1.0333, 1.0667, 1.1, 1.1333, 1.1667, 1.2, 1.2333, 1.2667, 1.3, 1.3333, 1.3667, 1.4, 1.4333, 1.4667],
            "transform": [
                [0.957815, 0.000284, -0.287388, -0.078259, -0.287388, 0.001933, -0.957812, -0.002076, 0.000284, 0.999998, 0.001933, 0.66598, 0.0, 0.0, 0.0, 1.0],
                [0.953811, 0.000297, -0.300408, -0.078259, -0.300409, 0.001931, -0.953808, -0.002076, 0.000297, 0.999998, 0.001931, 0.673034, 0.0, 0.0, 0.0, 1.0],
                [0.949288, 0.000311, -0.314409, -0.075658, -0.31441, 0.001928, -0.949285, -0.002076, 0.000311, 0.999998, 0.001928, 0.680581, 0.0, 0.0, 0.0, 1.0],
                [0.944389, 0.000326, -0.328831, -0.069135, -0.328831, 0.001926, -0.944387, -0.002076, 0.000326, 0.999998, 0.001926, 0.687064, 0.0, 0.0, 0.0, 1.0],
                [0.94334, 0.000329, -0.331828, -0.06114, -0.331829, 0.001926, -0.943337, -0.002076, 0.000329, 0.999998, 0.001926, 0.688682, 0.0, 0.0, 0.0, 1.0],
                [0.944946, 0.000324, -0.327226, -0.051771, -0.327227, 0.001926, -0.944944, -0.002076, 0.000324, 0.999998, 0.001926, 0.685703, 0.0, 0.0, 0.0, 1.0],
                [0.947625, 0.000316, -0.319388, -0.041122, -0.319388, 0.001928, -0.947621, -0.002076, 0.000316, 0.999998, 0.001928, 0.680102, 0.0, 0.0, 0.0, 1.0],
                [0.950641, 0.000307, -0.310294, -0.029708, -0.310295, 0.001929, -0.950638, -0.002076, 0.000307, 0.999998, 0.001929, 0.674501, 0.0, 0.0, 0.0, 1.0],
                [0.954871, 0.000293, -0.297024, -0.018117, -0.297024, 0.001931, -0.954867, -0.002076, 0.000293, 0.999998, 0.001931, 0.66698, 0.0, 0.0, 0.0, 1.0],
                [0.958972, 0.00028, -0.283504, -0.00655, -0.283504, 0.001933, -0.958968, -0.002076, 0.00028, 0.999998, 0.001933, 0.65946, 0.0, 0.0, 0.0, 1.0],
                [0.962852, 0.000266, -0.270033, 0.00479, -0.270033, 0.001935, -0.962848, -0.002076, 0.000266, 0.999998, 0.001935, 0.65194, 0.0, 0.0, 0.0, 1.0],
                [0.966435, 0.000253, -0.256914, 0.015603, -0.256914, 0.001937, -0.966432, -0.002076, 0.000253, 0.999998, 0.001937, 0.64442, 0.0, 0.0, 0.0, 1.0],
                [0.969661, 0.000241, -0.244454, 0.025212, -0.244454, 0.001939, -0.969659, -0.002076, 0.000241, 0.999998, 0.001939, 0.636899, 0.0, 0.0, 0.0, 1.0],
                [0.972486, 0.000229, -0.232963, 0.032842, -0.232963, 0.00194, -0.972483, -0.002076, 0.000229, 0.999998, 0.00194, 0.629379, 0.0, 0.0, 0.0, 1.0],
                [0.974747, 0.000219, -0.223316, 0.038972, -0.223316, 0.001941, -0.974743, -0.002076, 0.00022, 0.999998, 0.001941, 0.623519, 0.0, 0.0, 0.0, 1.0],
                [0.976462, 0.000212, -0.21569, 0.044597, -0.21569, 0.001942, -0.97646, -0.002076, 0.000212, 0.999998, 0.001942, 0.621857, 0.0, 0.0, 0.0, 1.0],
                [0.978051, 0.000205, -0.208369, 0.049715, -0.208369, 0.001943, -0.978048, -0.002076, 0.000204, 0.999998, 0.001943, 0.625824, 0.0, 0.0, 0.0, 1.0],
                [0.979514, 0.000198, -0.201375, 0.054325, -0.201375, 0.001943, -0.979512, -0.002076, 0.000198, 0.999998, 0.001943, 0.634702, 0.0, 0.0, 0.0, 1.0],
                [0.980858, 0.000191, -0.194725, 0.056779, -0.194725, 0.001944, -0.980855, -0.002076, 0.000191, 0.999998, 0.001944, 0.645868, 0.0, 0.0, 0.0, 1.0],
                [0.982086, 0.000185, -0.188436, 0.058808, -0.188436, 0.001945, -0.982083, -0.002076, 0.000185, 0.999998, 0.001945, 0.657033, 0.0, 0.0, 0.0, 1.0],
                [0.983201, 0.000179, -0.182528, 0.06041, -0.182528, 0.001945, -0.983198, -0.002076, 0.000179, 0.999998, 0.001945, 0.668199, 0.0, 0.0, 0.0, 1.0],
                [0.984208, 0.000173, -0.17702, 0.061586, -0.17702, 0.001946, -0.984205, -0.002076, 0.000174, 0.999998, 0.001946, 0.677158, 0.0, 0.0, 0.0, 1.0],
                [0.984776, 0.00017, -0.17383, 0.060504, -0.17383, 0.001946, -0.984773, -0.002076, 0.00017, 0.999998, 0.001946, 0.682764, 0.0, 0.0, 0.0, 1.0],
                [0.985327, 0.000167, -0.170678, 0.058719, -0.170678, 0.001946, -0.985325, -0.002076, 0.000167, 0.999998, 0.001946, 0.684931, 0.0, 0.0, 0.0, 1.0],
                [0.985854, 0.000164, -0.167608, 0.055764, -0.167608, 0.001947, -0.985852, -0.002076, 0.000164, 0.999998, 0.001947, 0.687097, 0.0, 0.0, 0.0, 1.0],
                [0.98635, 0.000161, -0.164661, 0.052108, -0.164661, 0.001947, -0.986348, -0.002076, 0.000161, 0.999998, 0.001947, 0.686884, 0.0, 0.0, 0.0, 1.0],
                [0.986811, 0.000159, -0.161882, 0.046081, -0.161883, 0.001947, -0.986808, -0.002076, 0.000158, 0.999998, 0.001947, 0.686672, 0.0, 0.0, 0.0, 1.0],
                [0.986865, 0.000158, -0.161547, 0.039849, -0.161547, 0.001947, -0.986862, -0.002076, 0.000158, 0.999998, 0.001947, 0.684457, 0.0, 0.0, 0.0, 1.0],
                [0.986811, 0.000159, -0.161882, 0.033411, -0.161882, 0.001947, -0.986807, -0.002076, 0.000159, 0.999998, 0.001947, 0.682242, 0.0, 0.0, 0.0, 1.0],
                [0.986645, 0.000159, -0.162888, 0.026767, -0.162888, 0.001947, -0.986642, -0.002076, 0.00016, 0.999998, 0.001947, 0.678399, 0.0, 0.0, 0.0, 1.0],
                [0.986367, 0.000161, -0.164563, 0.019917, -0.164563, 0.001947, -0.986364, -0.002076, 0.000161, 0.999998, 0.001947, 0.674557, 0.0, 0.0, 0.0, 1.0],
                [0.985041, 0.000169, -0.17232, 0.011175, -0.17232, 0.001946, -0.985039, -0.002076, 0.000169, 0.999998, 0.001946, 0.667536, 0.0, 0.0, 0.0, 1.0],
                [0.983453, 0.000178, -0.181168, 0.000604, -0.181168, 0.001945, -0.98345, -0.002076, 0.000178, 0.999998, 0.001945, 0.656031, 0.0, 0.0, 0.0, 1.0],
                [0.981488, 0.000188, -0.191523, -0.010004, -0.191523, 0.001945, -0.981486, -0.002076, 0.000188, 0.999998, 0.001945, 0.644525, 0.0, 0.0, 0.0, 1.0],
                [0.979355, 0.000199, -0.20215, -0.020612, -0.202151, 0.001943, -0.979352, -0.002076, 0.000198, 0.999998, 0.001943, 0.63302, 0.0, 0.0, 0.0, 1.0],
                [0.977049, 0.000209, -0.213016, -0.03118, -0.213017, 0.001942, -0.977046, -0.002076, 0.000209, 0.999998, 0.001942, 0.623876, 0.0, 0.0, 0.0, 1.0],
                [0.974569, 0.00022, -0.224089, -0.041667, -0.224089, 0.001941, -0.974566, -0.002076, 0.00022, 0.999998, 0.001941, 0.621096, 0.0, 0.0, 0.0, 1.0],
                [0.971915, 0.000232, -0.235334, -0.049628, -0.235334, 0.00194, -0.971912, -0.002076, 0.000231, 0.999998, 0.00194, 0.624275, 0.0, 0.0, 0.0, 1.0],
                [0.97011, 0.000239, -0.242667, -0.055729, -0.242667, 0.001939, -0.970107, -0.002076, 0.000239, 0.999998, 0.001939, 0.631111, 0.0, 0.0, 0.0, 1.0],
                [0.96823, 0.000246, -0.250061, -0.06135, -0.250061, 0.001938, -0.968228, -0.002076, 0.000246, 0.999998, 0.001938, 0.639338, 0.0, 0.0, 0.0, 1.0],
                [0.966279, 0.000254, -0.257499, -0.066411, -0.2575, 0.001937, -0.966276, -0.002076, 0.000254, 0.999998, 0.001937, 0.647565, 0.0, 0.0, 0.0, 1.0],
                [0.964258, 0.000261, -0.264966, -0.070833, -0.264966, 0.001936, -0.964255, -0.002076, 0.000261, 0.999998, 0.001936, 0.652046, 0.0, 0.0, 0.0, 1.0],
                [0.962171, 0.000269, -0.272447, -0.074534, -0.272447, 0.001935, -0.962168, -0.002076, 0.000269, 0.999998, 0.001935, 0.656527, 0.0, 0.0, 0.0, 1.0],
                [0.960009, 0.000276, -0.279972, -0.077445, -0.279973, 0.001934, -0.960005, -0.002076, 0.000276, 0.999998, 0.001934, 0.661035, 0.0, 0.0, 0.0, 1.0],
                [0.957815, 0.000284, -0.287387, -0.079448, -0.287388, 0.001933, -0.957812, -0.002076, 0.000284, 0.999998, 0.001933, 0.665488, 0.0, 0.0, 0.0, 1.0]
            ]
        },
        {
            "name": "Thigh_R",
            "time": [0.0, 0.0333, 0.0667, 0.1, 0.1333, 0.1667, 0.2, 0.2333, 0.2667, 0.3, 0.3333, 0.3667, 0.4, 0.4333, 0.4667, 0.5, 0.5333, 0.5667, 0.6, 0.6333, 0.6667, 0.7, 0.7333, 0.7667, 0.8, 0.8333, 0.8667, 0.9, 0.9333, 0.9667, 1.0, 1.0333, 1.0667, 1.1, 1.1333, 1.1667, 1.2, 1.2333, 1.2667, 1.3, 1.3333, 1.3667, 1.4, 1.4333, 1.4667],
            "transform": [
                [0.948926, 0.31214, -0.045925, 0.124994, 0.281878, -0.773382, 0.567823, -0.00283, 0.141723, -0.551766, -0.821868, -1.2e-05, 0.0, 0.0, 0.0, 1.0],
                [0.952443, 0.301423, -0.044695, 0.124994, 0.264042, -0.743156, 0.614816, -0.00283, 0.152105, -0.597377, -0.787402, -1.2e-05, 0.0, 0.0, 0.0, 1.0],
                [0.959133, 0.280272, -0.038898, 0.124994, 0.234722, -0.711299, 0.662538, -0.00283, 0.158023, -0.644591, -0.748017, -1.2e-05, 0.0, 0.0, 0.0, 1.0],
                [0.967576, 0.251127, -0.027094, 0.124994, 0.195969, -0.678688, 0.707796, -0.00283, 0.159359, -0.690154, -0.705896, -1.2e-05, 0.0, 0.0, 0.0, 1.0],
                [0.975802, 0.218376, -0.011137, 0.124994, 0.153162, -0.646268, 0.747581, -0.00283, 0.156057, -0.731196, -0.664076, -1.2e-05, 0.0, 0.0, 0.0, 1.0],
                [0.982536, 0.185909, 0.007927, 0.124994, 0.109761, -0.613433, 0.782081, -0.002831, 0.150259, -0.767551, -0.623126, -1.2e-05, 0.0, 0.0, 0.0, 1.0],
                [0.987724, 0.153289, 0.030055, 0.124994, 0.066268, -0.585423, 0.808014, -0.00283, 0.141455, -0.796104, -0.588395, -1.2e-05, 0.0, 0.0, 0.0, 1.0],
                [0.990835, 0.125192, 0.050749, 0.124994, 0.029248, -0.565574, 0.824178, -0.00283, 0.131883, -0.815138, -0.564052, -1.2e-05, 0.0, 0.0, 0.0, 1.0],
                [0.993005, 0.094279, 0.071097, 0.124994, 0.003283, -0.623904, 0.781493, -0.00283, 0.118036, -0.775792, -0.619849, -1.2e-05, 0.0, 0.0, 0.0, 1.0],
                [0.994279, 0.066259, 0.083788, 0.124994, -0.012922, -0.704009, 0.710072, -0.002831, 0.106037, -0.707091, -0.699126, -1.2e-05, 0.0, 0.0, 0.0, 1.0],
                [0.994808, 0.061848, 0.08083, 0.124994, -0.012418, -0.714492, 0.699532, -0.00283, 0.101017, -0.696902, -0.710014, -1.2e-05, 0.0, 0.0, 0.0, 1.0],
                [0.994964, 0.065661, 0.075745, 0.124994, -0.00526, -0.720373, 0.693565, -0.00283, 0.100105, -0.690469, -0.7164, -1.2e-05, 0.0, 0.0, 0.0, 1.0],
                [0.994962, 0.066923, 0.074652, 0.124994, -0.002936, -0.724825, 0.688926, -0.00283, 0.100215, -0.685674, -0.720976, -1.2e-05, 0.0, 0.0, 0.0, 1.0],
                [0.994979, 0.069681, 0.071855, 0.124994, 0.00195, -0.73124, 0.682116, -0.00283, 0.100074, -0.67855, -0.727705, -1.2e-05, 0.0, 0.0, 0.0, 1.0],
                [0.994802, 0.074779, 0.069125, 0.124994, 0.009018, -0.740825, 0.671636, -0.002831, 0.101434, -0.66752, -0.737649, -1.2e-05, 0.0, 0.0, 0.0, 1.0],
                [0.99471, 0.076601, 0.068454, 0.124994, 0.013382, -0.757274, 0.652959, -0.00283, 0.101856, -0.648587, -0.754293, -1.2e-05, 0.0, 0.0, 0.0, 1.0],
                [0.994671, 0.076691, 0.068914, 0.124994, 0.017033, -0.781422, 0.623768, -0.00283, 0.101689, -0.619269, -0.778565, -1.2e-05, 0.0, 0.0, 0.0, 1.0],
                [0.994505, 0.07728, 0.070638, 0.124994, 0.021265, -0.809697, 0.58646, -0.00283, 0.102517, -0.581735, -0.806891, -1.2e-05, 0.0, 0.0, 0.0, 1.0],
                [0.994389, 0.076981, 0.072563, 0.124994, 0.025307, -0.839094, 0.543396, -0.00283, 0.102718, -0.53851, -0.836334, -1.2e-05, 0.0, 0.0, 0.0, 1.0],
                [0.994199, 0.078086, 0.073977, 0.124994, 0.03119, -0.867476, 0.496498, -0.00283, 0.102943, -0.49131, -0.864879, -1.2e-05, 0.0, 0.0, 0.0, 1.0],
                [0.993988, 0.079234, 0.075577, 0.124994, 0.037127, -0.893193, 0.448133, -0.00283, 0.103013, -0.442632, -0.890766, -1.2e-05, 0.0, 0.0, 0.0, 1.0],
                [0.993755, 0.080414, 0.077377, 0.124994, 0.043104, -0.916143, 0.398524, -0.00283, 0.102935, -0.392699, -0.913888, -1.2e-05, 0.0, 0.0, 0.0, 1.0],
                [0.993416, 0.084767, 0.077078, 0.124994, 0.052517, -0.934818, 0.351217, -0.002831, 0.101826, -0.344856, -0.933115, -1.2e-05, 0.0, 0.0, 0.0, 1.0],
                [0.993017, 0.089235, 0.077166, 0.124994, 0.061907, -0.95096, 0.303049, -0.00283, 0.100425, -0.296155, -0.949845, -1.2e-05, 0.0, 0.0, 0.0, 1.0],
                [0.992517, 0.095296, 0.076363, 0.124994, 0.073167, -0.964713, 0.25293, -0.00283, 0.097771, -0.24545, -0.964466, -1.2e-05, 0.0, 0.0, 0.0, 1.0],
                [0.991852, 0.10334, 0.074515, 0.124994, 0.086708, -0.976055, 0.199486, -0.00283, 0.093346, -0.191399, -0.977063, -1.2e-05, 0.0, 0.0, 0.0, 1.0],
                [0.99105, 0.111545, 0.073335, 0.124994, 0.100021, -0.984292, 0.14547, -0.002831, 0.08841, -0.136832, -0.986641, -1.2e-05, 0.0, 0.0, 0.0, 1.0],
                [0.990315, 0.119223, 0.071155, 0.124994, 0.112695, -0.989578, 0.089622, -0.00283, 0.081099, -0.080735, -0.993431, -1.2e-05, 0.0, 0.0, 0.0, 1.0],
                [0.989591, 0.126412, 0.068784, 0.124994, 0.124391, -0.991685, 0.032941, -0.00283, 0.072377, -0.024041, -0.997087, -1.2e-05, 0.0, 0.0, 0.0, 1.0],
                [0.988852, 0.133526, 0.065906, 0.124994, 0.135578, -0.990378, -0.027682, -0.00283, 0.061576, 0.036309, -0.997441, -1.2e-05, 0.0, 0.0, 0.0, 1.0],
                [0.987619, 0.143206, 0.064053, 0.124994, 0.14829, -0.98543, -0.083272, -0.00283, 0.051194, 0.09174, -0.994466, -1.1e-05, 0.0, 0.0, 0.0, 1.0],
                [0.986751, 0.155112, 0.047584, 0.124994, 0.159449, -0.981322, -0.107605, -0.00283, 0.030004, 0.113766, -0.993054, -1.1e-05, 0.0, 0.0, 0.0, 1.0],
                [0.985662, 0.168062, 0.015036, 0.124994, 0.168731, -0.98224, -0.082049, -0.00283, 0.00098, 0.08341, -0.996515, -1.2e-05, 0.0, 0.0, 0.0, 1.0],
                [0.983963, 0.177082, -0.021451, 0.124994, 0.175658, -0.982847, -0.056161, -0.00283, -0.031028, 0.051493, -0.998191, -1.2e-05, 0.0, 0.0, 0.0, 1.0],
                [0.980207, 0.1909, -0.052466, 0.124994, 0.1891, -0.981243, -0.037431, -0.00283, -0.058628, 0.026769, -0.997921, -1.2e-05, 0.0, 0.0, 0.0, 1.0],
                [0.975585, 0.205483, -0.077548, 0.124994, 0.203368, -0.978498, -0.034339, -0.002831, -0.082937, 0.017731, -0.996397, -1.2e-05, 0.0, 0.0, 0.0, 1.0],
                [0.970034, 0.223037, -0.096391, 0.124994, 0.221163, -0.974778, -0.029854, -0.00283, -0.100619, 0.007642, -0.994895, -1.2e-05, 0.0, 0.0, 0.0, 1.0],
                [0.965836, 0.235532, -0.108106, 0.124994, 0.237428, -0.971392, 0.004822, -0.00283, -0.103878, -0.030325, -0.994127, -1.2e-05, 0.0, 0.0, 0.0, 1.0],
                [0.962674, 0.252038, -0.098675, 0.124994, 0.260522, -0.961694, 0.085267, -0.00283, -0.073405, -0.107791, -0.99146, -1.2e-05, 0.0, 0.0, 0.0, 1.0],
                [0.960617, 0.265505, -0.081996, 0.124994, 0.276419, -0.943226, 0.184157, -0.002831, -0.028447, -0.199569, -0.97947, -1.1e-05, 0.0, 0.0, 0.0, 1.0],
                [0.957159, 0.280415, -0.072222, 0.124994, 0.289424, -0.918637, 0.268956, -0.00283, 0.009074, -0.278335, -0.960441, -1.2e-05, 0.0, 0.0, 0.0, 1.0],
                [0.952316, 0.298264, -0.064298, 0.124994, 0.301034, -0.884111, 0.357384, -0.00283, 0.049748, -0.359697, -0.931741, -1.2e-05, 0.0, 0.0, 0.0, 1.0],
                [0.94837, 0.311895, -0.057601, 0.124994, 0.304538, -0.844711, 0.440134, -0.002831, 0.088619, -0.43495, -0.896082, -1.2e-05, 0.0, 0.0, 0.0, 1.0],
                [0.946076, 0.31959, -0.052946, 0.124994, 0.300472, -0.804631, 0.512136, -0.00283, 0.121071, -0.500427, -0.857271, -1.2e-05, 0.0, 0.0, 0.0, 1.0],
                [0.948926, 0.31214, -0.045925, 0.124994, 0.281879, -0.773382, 0.567823, -0.002831, 0.141723, -0.551766, -0.821868, -1.2e-05, 0.0, 0.0, 0.0, 1.0]
            ]
        },
        {
            "name": "Leg_R",
            "time": [0.0, 0.0333, 0.0667, 0.1, 0.1333, 0.1667, 0.2, 0.2333, 0.2667, 0.3, 0.3333, 0.3667, 0.4, 0.4333, 0.4667, 0.5, 0.5333, 0.5667, 0.6, 0.6333, 0.6667, 0.7, 0.7333, 0.7667, 0.8, 0.8333, 0.8667, 0.9, 0.9333, 0.9667, 1.0, 1.0333, 1.0667, 1.1, 1.1333, 1.1667, 1.2, 1.2333, 1.2667, 1.3, 1.3333, 1.3667, 1.4, 1.4333, 1.4667],
            "transform": [
                [1.0, -0.001954, 8.6e-05, 0.0, 8.4e-05, 0.086931, 0.996214, 0.37472, -0.001954, -0.99621, 0.086931, 0.0, 0.0, 0.0, 0.0, 1.0],
                [1.0, -0.001954, 9.2e-05, -0.0, 8.9e-05, 0.092524, 0.995711, 0.37472, -0.001954, -0.995706, 0.092524, 0.0, 0.0, 0.0, 0.0, 1.0],
                [1.0, -0.001953, 0.000106, 0.0, 0.000104, 0.107355, 0.994221, 0.37472, -0.001953, -0.994216, 0.107355, 0.0, 0.0, 0.0, 0.0, 1.0],
                [1.000001, -0.001952, 0.000128, 0.0, 0.000126, 0.129371, 0.991597, 0.37472, -0.001952, -0.991591, 0.129371, -0.0, 0.0, 0.0, 0.0, 1.0],
                [1.0, -0.001949, 0.000158, 0.0, 0.000156, 0.160091, 0.987102, 0.37472, -0.001949, -0.987097, 0.160092, 0.0, 0.0, 0.0, 0.0, 1.0],
                [1.000001, -0.001946, 0.000195, 0.0, 0.000194, 0.198153, 0.980171, 0.37472, -0.001946, -0.980166, 0.198154, -0.0, 0.0, 0.0, 0.0, 1.0],
                [1.0, -0.001941, 0.000239, 0.0, 0.000237, 0.241302, 0.97045, 0.37472, -0.001941, -0.970445, 0.241303, 0.0, 0.0, 0.0, 0.0, 1.0],
                [1.000001, -0.001934, 0.000288, 0.0, 0.000286, 0.290682, 0.956819, 0.37472, -0.001934, -0.956814, 0.290683, 0.0, 0.0, 0.0, 0.0, 1.0],
                [1.0, -0.001909, 0.000421, -0.0, 0.000419, 0.419959, 0.907543, 0.37472, -0.00191, -0.907538, 0.41996, 0.0, 0.0, 0.0, 0.0, 1.0],
                [1.0, -0.001876, 0.000552, 0.0, 0.000549, 0.540224, 0.84152, 0.37472, -0.001877, -0.841516, 0.540226, 0.0, 0.0, 0.0, 0.0, 1.0],
                [1.000001, -0.001883, 0.000529, -0.0, 0.000527, 0.520134, 0.854084, 0.37472, -0.001883, -0.854079, 0.520136, 0.0, 0.0, 0.0, 0.0, 1.0],
                [1.0, -0.001893, 0.000491, -0.0, 0.00049, 0.485697, 0.874126, 0.37472, -0.001893, -0.874122, 0.485698, -0.0, 0.0, 0.0, 0.0, 1.0],
                [1.0, -0.001906, 0.000438, 0.0, 0.000437, 0.436214, 0.899843, 0.37472, -0.001906, -0.899839, 0.436215, 0.0, 0.0, 0.0, 0.0, 1.0],
                [1.000001, -0.001916, 0.000391, 0.0, 0.000388, 0.390575, 0.920571, 0.37472, -0.001917, -0.920566, 0.390576, 0.0, 0.0, 0.0, 0.0, 1.0],
                [1.000001, -0.001923, 0.000355, 0.0, 0.000354, 0.356553, 0.934275, 0.37472, -0.001923, -0.93427, 0.356554, 0.0, 0.0, 0.0, 0.0, 1.0],
                [1.0, -0.001925, 0.000342, 0.0, 0.00034, 0.343161, 0.939277, 0.37472, -0.001926, -0.939272, 0.343161, -0.0, 0.0, 0.0, 0.0, 1.0],
                [1.000001, -0.001924, 0.000351, 0.0, 0.000349, 0.351842, 0.936059, 0.37472, -0.001924, -0.936054, 0.351843, -0.0, 0.0, 0.0, 0.0, 1.0],
                [1.0, -0.001918, 0.000381, -0.0, 0.000379, 0.381388, 0.924415, 0.37472, -0.001919, -0.924411, 0.381389, 0.0, 0.0, 0.0, 0.0, 1.0],
                [1.0, -0.001909, 0.000422, -0.0, 0.00042, 0.420702, 0.907198, 0.37472, -0.00191, -0.907194, 0.420703, 0.0, 0.0, 0.0, 0.0, 1.0],
                [1.0, -0.001898, 0.00047, -0.0, 0.000468, 0.46589, 0.884842, 0.37472, -0.001899, -0.884838, 0.465891, -0.0, 0.0, 0.0, 0.0, 1.0],
                [1.0, -0.001886, 0.000519, 0.0, 0.000517, 0.510969, 0.859599, 0.37472, -0.001886, -0.859595, 0.51097, -0.0, 0.0, 0.0, 0.0, 1.0],
                [1.0, -0.001871, 0.000568, -0.0, 0.000566, 0.554684, 0.832061, 0.37472, -0.001872, -0.832057, 0.554685, -0.0, 0.0, 0.0, 0.0, 1.0],
                [1.0, -0.001858, 0.000607, -0.0, 0.000606, 0.589821, 0.807533, 0.37472, -0.001859, -0.807529, 0.589822, 0.0, 0.0, 0.0, 0.0, 1.0],
                [1.0, -0.001847, 0.000642, -0.0, 0.00064, 0.619476, 0.785014, 0.37472, -0.001848, -0.78501, 0.619478, 0.0, 0.0, 0.0, 0.0, 1.0],
                [1.0, -0.001835, 0.000676, -0.0, 0.000674, 0.648273, 0.761406, 0.37472, -0.001836, -0.761403, 0.648274, -0.0, 0.0, 0.0, 0.0, 1.0],
                [1.0, -0.001821, 0.000713, 0.0, 0.000711, 0.678459, 0.734636, 0.37472, -0.001822, -0.734633, 0.678461, 0.0, 0.0, 0.0, 0.0, 1.0],
                [1.0, -0.001806, 0.00075, -0.0, 0.000748, 0.707542, 0.70667, 0.37472, -0.001806, -0.706667, 0.707543, -0.0, 0.0, 0.0, 0.0, 1.0],
                [0.999999, -0.001788, 0.000792, -0.0, 0.000791, 0.739989, 0.672618, 0.37472, -0.001788, -0.672615, 0.73999, -0.0, 0.0, 0.0, 0.0, 1.0],
                [1.000001, -0.001768, 0.000834, 0.0, 0.000832, 0.770797, 0.637078, 0.37472, -0.001769, -0.637075, 0.770798, -0.0, 0.0, 0.0, 0.0, 1.0],
                [1.000001, -0.001744, 0.000886, -0.0, 0.000884, 0.807164, 0.590323, 0.37472, -0.001745, -0.590319, 0.807166, -0.0, 0.0, 0.0, 0.0, 1.0],
                [1.0, -0.001716, 0.000937, 0.0, 0.000935, 0.840701, 0.541496, 0.37472, -0.001717, -0.541493, 0.840702, 0.0, 0.0, 0.0, 0.0, 1.0],
                [1.0, -0.001716, 0.000937, -0.0, 0.000934, 0.84031, 0.542102, 0.37472, -0.001717, -0.5421, 0.840311, 0.0, 0.0, 0.0, 0.0, 1.0],
                [1.0, -0.001758, 0.000856, 0.0, 0.000854, 0.786425, 0.617683, 0.37472, -0.001759, -0.61768, 0.786426, -0.0, 0.0, 0.0, 0.0, 1.0],
                [1.0, -0.001795, 0.000774, 0.0, 0.000772, 0.726254, 0.687424, 0.37472, -0.001796, -0.687421, 0.726256, 0.0, 0.0, 0.0, 0.0, 1.0],
                [1.000001, -0.001823, 0.000708, 0.0, 0.000705, 0.673866, 0.738852, 0.37472, -0.001823, -0.738848, 0.673868, -0.0, 0.0, 0.0, 0.0, 1.0],
                [1.0, -0.001836, 0.000672, 0.0, 0.00067, 0.644789, 0.764359, 0.37472, -0.001837, -0.764356, 0.64479, -0.0, 0.0, 0.0, 0.0, 1.0],
                [1.000001, -0.001846, 0.000644, 0.0, 0.000642, 0.621115, 0.783718, 0.37472, -0.001847, -0.783714, 0.621116, -0.0, 0.0, 0.0, 0.0, 1.0],
                [1.0, -0.001864, 0.00059, 0.0, 0.000587, 0.574029, 0.818834, 0.37472, -0.001865, -0.81883, 0.57403, 0.0, 0.0, 0.0, 0.0, 1.0],
                [1.0, -0.001904, 0.000447, -0.0, 0.000445, 0.444255, 0.8959, 0.37472, -0.001904, -0.895896, 0.444256, 0.0, 0.0, 0.0, 0.0, 1.0],
                [1.0, -0.001931, 0.000307, -0.0, 0.000305, 0.30867, 0.951169, 0.37472, -0.001932, -0.951164, 0.308671, 0.0, 0.0, 0.0, 0.0, 1.0],
                [1.000001, -0.001942, 0.000232, -0.0, 0.00023, 0.234479, 0.972121, 0.37472, -0.001942, -0.972116, 0.23448, 0.0, 0.0, 0.0, 0.0, 1.0],
                [1.000001, -0.001949, 0.00016, 0.0, 0.000158, 0.161881, 0.98681, 0.37472, -0.001949, -0.986805, 0.161882, -0.0, 0.0, 0.0, 0.0, 1.0],
                [1.0, -0.001953, 0.000102, -0.0, 0.000101, 0.103659, 0.994613, 0.37472, -0.001953, -0.994609, 0.103659, -0.0, 0.0, 0.0, 0.0, 1.0],
                [1.0, -0.001954, 7.4e-05, 0.0, 7.2e-05, 0.074704, 0.997206, 0.37472, -0.001954, -0.997201, 0.074704, 0.0, 0.0, 0.0, 0.0, 1.0],
                [1.0, -0.001954, 8.6e-05, 0.0, 8.4e-05, 0.086931, 0.996215, 0.37472, -0.001954, -0.99621, 0.086931, 0.0, 0.0, 0.0, 0.0, 1.0]
            ]
        },
        {
            "name": "Knee_R",
            "time": [0.0, 1.4667],
            "transform": [
                [1.0, 0.0, -0.0, 0.0, -0.0, 1e-06, -1.0, 0.37472, -0.0, 1.0, 1e-06, 0.0, 0.0, 0.0, 0.0, 1.0],
                [1.0, 0.0, -0.0, 0.0, -0.0, 1e-06, -1.0, 0.37472, -0.0, 1.0, 1e-06, 0.0, 0.0, 0.0, 0.0, 1.0]
            ]
        },
        {
            "name": "Thigh_L",
            "time": [0.0, 0.0333, 0.0667, 0.1, 0.1333, 0.1667, 0.2, 0.2333, 0.2667, 0.3, 0.3333, 0.3667, 0.4, 0.4333, 0.4667, 0.5, 0.5333, 0.5667, 0.6, 0.6333, 0.6667, 0.7, 0.7333, 0.7667, 0.8, 0.8333, 0.8667, 0.9, 0.9333, 0.9667, 1.0, 1.0333, 1.0667, 1.1, 1.1333, 1.1667, 1.2, 1.2333, 1.2667, 1.3, 1.3333, 1.3667, 1.4, 1.4333, 1.4667],
            "transform": [
                [0.982006, -0.016258, -0.188154, -0.125006, 0.049366, -0.93955, 0.33883, -0.002831, -0.18229, -0.34202, -0.921841, -1.2e-05, 0.0, 0.0, 0.0, 1.0],
                [0.979923, -0.005638, -0.199308, -0.125006, 0.053631, -0.955305, 0.290708, -0.002831, -0.19204, -0.295559, -0.935823, -1.2e-05, 0.0, 0.0, 0.0, 1.0],
                [0.977396, 0.000678, -0.211427, -0.125006, 0.054366, -0.967175, 0.24822, -0.002831, -0.20432, -0.254102, -0.945349, -1.2e-05, 0.0, 0.0, 0.0, 1.0],
                [0.974253, 0.002113, -0.225454, -0.125006, 0.050956, -0.976146, 0.211043, -0.002831, -0.219631, -0.217096, -0.95112, -1.2e-05, 0.0, 0.0, 0.0, 1.0],
                [0.970811, -0.000194, -0.239853, -0.125006, 0.042533, -0.98401, 0.172948, -0.002831, -0.236052, -0.178101, -0.955279, -1.2e-05, 0.0, 0.0, 0.0, 1.0],
                [0.967293, -0.002998, -0.253654, -0.125006, 0.03329, -0.98978, 0.138645, -0.002831, -0.251479, -0.142553, -0.957307, -1.2e-05, 0.0, 0.0, 0.0, 1.0],
                [0.963358, -0.010355, -0.268025, -0.125006, 0.017416, -0.994729, 0.101028, -0.002831, -0.267659, -0.101993, -0.958099, -1.1e-05, 0.0, 0.0, 0.0, 1.0],
                [0.958984, -0.017197, -0.282946, -0.125006, 0.000896, -0.997967, 0.06369, -0.002831, -0.283468, -0.06133, -0.957018, -1.2e-05, 0.0, 0.0, 0.0, 1.0],
                [0.954655, -0.024239, -0.296728, -0.125006, -0.018472, -0.999581, 0.022222, -0.002831, -0.297144, -0.015733, -0.954703, -1.2e-05, 0.0, 0.0, 0.0, 1.0],
                [0.949957, -0.030577, -0.310885, -0.125006, -0.038288, -0.99909, -0.018729, -0.002831, -0.31003, 0.029695, -0.950262, -1.2e-05, 0.0, 0.0, 0.0, 1.0],
                [0.945015, -0.038805, -0.324722, -0.125006, -0.061251, -0.996364, -0.059185, -0.002831, -0.321247, 0.07582, -0.943955, -1.2e-05, 0.0, 0.0, 0.0, 1.0],
                [0.939693, -0.046662, -0.338825, -0.125006, -0.084832, -0.99149, -0.098729, -0.002831, -0.331336, 0.121518, -0.935654, -1.2e-05, 0.0, 0.0, 0.0, 1.0],
                [0.934013, -0.055402, -0.352923, -0.125006, -0.108913, -0.985029, -0.133607, -0.002831, -0.340239, 0.163228, -0.926063, -1.2e-05, 0.0, 0.0, 0.0, 1.0],
                [0.928853, -0.063396, -0.364987, -0.125006, -0.131056, -0.977766, -0.163691, -0.002831, -0.346496, 0.199879, -0.916509, -1.2e-05, 0.0, 0.0, 0.0, 1.0],
                [0.92441, -0.068459, -0.375211, -0.125006, -0.147762, -0.971212, -0.186838, -0.002831, -0.351621, 0.228157, -0.907913, -1.2e-05, 0.0, 0.0, 0.0, 1.0],
                [0.920174, -0.075417, -0.384183, -0.125006, -0.163219, -0.965826, -0.201334, -0.002831, -0.355871, 0.247968, -0.901037, -1.2e-05, 0.0, 0.0, 0.0, 1.0],
                [0.91823, -0.098547, -0.383595, -0.125006, -0.175225, -0.969681, -0.170328, -0.002831, -0.355181, 0.223615, -0.907658, -1.2e-05, 0.0, 0.0, 0.0, 1.0],
                [0.919364, -0.143036, -0.366488, -0.125006, -0.181111, -0.980858, -0.071511, -0.002831, -0.349245, 0.132119, -0.92767, -1.2e-05, 0.0, 0.0, 0.0, 1.0],
                [0.922066, -0.184967, -0.339976, -0.125006, -0.178536, -0.98264, 0.050398, -0.002831, -0.343397, 0.014228, -0.939082, -1.2e-05, 0.0, 0.0, 0.0, 1.0],
                [0.925736, -0.220496, -0.307242, -0.125006, -0.167622, -0.967506, 0.189291, -0.002831, -0.338998, -0.123732, -0.932614, -1.2e-05, 0.0, 0.0, 0.0, 1.0],
                [0.930967, -0.252028, -0.26417, -0.125006, -0.152146, -0.925516, 0.346797, -0.002831, -0.331898, -0.282663, -0.899969, -1.2e-05, 0.0, 0.0, 0.0, 1.0],
                [0.937573, -0.270211, -0.218965, -0.125006, -0.134891, -0.862821, 0.487177, -0.002831, -0.320569, -0.427226, -0.845406, -1.2e-05, 0.0, 0.0, 0.0, 1.0],
                [0.944525, -0.271755, -0.184456, -0.125006, -0.118193, -0.805214, 0.581085, -0.002831, -0.30644, -0.527047, -0.792663, -1.2e-05, 0.0, 0.0, 0.0, 1.0],
                [0.951673, -0.260505, -0.162659, -0.125006, -0.102598, -0.768876, 0.631111, -0.002831, -0.289473, -0.583922, -0.758445, -1.2e-05, 0.0, 0.0, 0.0, 1.0],
                [0.958911, -0.2412, -0.149377, -0.125006, -0.085137, -0.746889, 0.659476, -0.002831, -0.270634, -0.619661, -0.736734, -1.2e-05, 0.0, 0.0, 0.0, 1.0],
                [0.965607, -0.218108, -0.14154, -0.125006, -0.067477, -0.735923, 0.673693, -0.002831, -0.2511, -0.640972, -0.72533, -1.2e-05, 0.0, 0.0, 0.0, 1.0],
                [0.971545, -0.194169, -0.13565, -0.125006, -0.051346, -0.731733, 0.679653, -0.002831, -0.231228, -0.653348, -0.72088, -1.2e-05, 0.0, 0.0, 0.0, 1.0],
                [0.976261, -0.174345, -0.12853, -0.125006, -0.040355, -0.729409, 0.682886, -0.002831, -0.212809, -0.661488, -0.719128, -1.2e-05, 0.0, 0.0, 0.0, 1.0],
                [0.979231, -0.162693, -0.120997, -0.125006, -0.045228, -0.757005, 0.65184, -0.002831, -0.197646, -0.632828, -0.748641, -1.2e-05, 0.0, 0.0, 0.0, 1.0],
                [0.98039, -0.15766, -0.118248, -0.125006, -0.053829, -0.791416, 0.608901, -0.002831, -0.189583, -0.590593, -0.784383, -1.2e-05, 0.0, 0.0, 0.0, 1.0],
                [0.979503, -0.159732, -0.122723, -0.125006, -0.050557, -0.784693, 0.617818, -0.002831, -0.194986, -0.59895, -0.776684, -1.2e-05, 0.0, 0.0, 0.0, 1.0],
                [0.978324, -0.161868, -0.129164, -0.125006, -0.046901, -0.780705, 0.623136, -0.002831, -0.201706, -0.603569, -0.771374, -1.2e-05, 0.0, 0.0, 0.0, 1.0],
                [0.979331, -0.155465, -0.129396, -0.125006, -0.040452, -0.777336, 0.627783, -0.002831, -0.198183, -0.609572, -0.767557, -1.2e-05, 0.0, 0.0, 0.0, 1.0],
                [0.980369, -0.149904, -0.128086, -0.125006, -0.035044, -0.771741, 0.63497, -0.002831, -0.194034, -0.618016, -0.761844, -1.2e-05, 0.0, 0.0, 0.0, 1.0],
                [0.981627, -0.140116, -0.129533, -0.125006, -0.025409, -0.768768, 0.639021, -0.002831, -0.189119, -0.623988, -0.758203, -1.2e-05, 0.0, 0.0, 0.0, 1.0],
                [0.982677, -0.129986, -0.132106, -0.125006, -0.016273, -0.770566, 0.637151, -0.002831, -0.184618, -0.623963, -0.759332, -1.1e-05, 0.0, 0.0, 0.0, 1.0],
                [0.983648, -0.115908, -0.137854, -0.125006, -0.005057, -0.782876, 0.622155, -0.002831, -0.180036, -0.611284, -0.770661, -1.2e-05, 0.0, 0.0, 0.0, 1.0],
                [0.98426, -0.102348, -0.144081, -0.125006, 0.00271, -0.806411, 0.591348, -0.002831, -0.176713, -0.58243, -0.79344, -1.1e-05, 0.0, 0.0, 0.0, 1.0],
                [0.98478, -0.088521, -0.149579, -0.125006, 0.009817, -0.83089, 0.556349, -0.002831, -0.173533, -0.549349, -0.817374, -1.2e-05, 0.0, 0.0, 0.0, 1.0],
                [0.985081, -0.075025, -0.15488, -0.125006, 0.015942, -0.85632, 0.516199, -0.002831, -0.171356, -0.510966, -0.842348, -1.1e-05, 0.0, 0.0, 0.0, 1.0],
                [0.985166, -0.060208, -0.160703, -0.125006, 0.023689, -0.879762, 0.474822, -0.002831, -0.169969, -0.471585, -0.865285, -1.2e-05, 0.0, 0.0, 0.0, 1.0],
                [0.984889, -0.048521, -0.166261, -0.125006, 0.030203, -0.897132, 0.440724, -0.002831, -0.170543, -0.439084, -0.88211, -1.1e-05, 0.0, 0.0, 0.0, 1.0],
                [0.984537, -0.037285, -0.171173, -0.125006, 0.035999, -0.913179, 0.405962, -0.002831, -0.171449, -0.405846, -0.897715, -1.2e-05, 0.0, 0.0, 0.0, 1.0],
                [0.983306, -0.026594, -0.180015, -0.125006, 0.043135, -0.927, 0.372568, -0.002831, -0.176783, -0.374112, -0.910377, -1.2e-05, 0.0, 0.0, 0.0, 1.0],
                [0.982007, -0.016258, -0.188154, -0.125006, 0.049366, -0.93955, 0.33883, -0.002831, -0.18229, -0.342021, -0.921841, -1.2e-05, 0.0, 0.0, 0.0, 1.0]
            ]
        },
        {
            "name": "Leg_L",
            "time": [0.0, 0.0333, 0.0667, 0.1, 0.1333, 0.1667, 0.2, 0.2333, 0.2667, 0.3, 0.3333, 0.3667, 0.4, 0.4333, 0.4667, 0.5, 0.5333, 0.5667, 0.6, 0.6333, 0.6667, 0.7, 0.7333, 0.7667, 0.8, 0.8333, 0.8667, 0.9, 0.9333, 0.9667, 1.0, 1.0333, 1.0667, 1.1, 1.1333, 1.1667, 1.2, 1.2333, 1.2667, 1.3, 1.3333, 1.3667, 1.4, 1.4333, 1.4667],
            "transform": [
                [0.999999, -0.001862, 0.000598, 0.0, 0.000597, 0.581647, 0.813441, 0.37472, -0.001863, -0.813439, 0.581647, 0.0, 0.0, 0.0, 0.0, 1.0],
                [1.0, -0.001849, 0.000639, 0.0, 0.000637, 0.616408, 0.787425, 0.37472, -0.00185, -0.787423, 0.616409, 0.0, 0.0, 0.0, 0.0, 1.0],
                [1.0, -0.001834, 0.000678, -0.0, 0.000677, 0.65001, 0.759925, 0.37472, -0.001835, -0.759923, 0.65001, 0.0, 0.0, 0.0, 0.0, 1.0],
                [0.999999, -0.001821, 0.000711, -0.0, 0.00071, 0.677204, 0.735794, 0.37472, -0.001822, -0.735792, 0.677204, 0.0, 0.0, 0.0, 0.0, 1.0],
                [0.999999, -0.001813, 0.000732, -0.0, 0.000729, 0.693102, 0.720839, 0.37472, -0.001814, -0.720837, 0.693102, 0.0, 0.0, 0.0, 0.0, 1.0],
                [0.999999, -0.001809, 0.000743, 0.0, 0.000741, 0.702034, 0.712143, 0.37472, -0.001809, -0.712141, 0.702033, 0.0, 0.0, 0.0, 0.0, 1.0],
                [0.999999, -0.001804, 0.000754, -0.0, 0.000752, 0.710856, 0.703336, 0.37472, -0.001805, -0.703334, 0.710856, 0.0, 0.0, 0.0, 0.0, 1.0],
                [1.0, -0.001799, 0.000765, 0.0, 0.000763, 0.719568, 0.69442, 0.37472, -0.0018, -0.694418, 0.719568, 0.0, 0.0, 0.0, 0.0, 1.0],
                [0.999999, -0.001792, 0.000783, 0.0, 0.000781, 0.732834, 0.680406, 0.37472, -0.001793, -0.680404, 0.732834, -0.0, 0.0, 0.0, 0.0, 1.0],
                [0.999999, -0.001784, 0.0008, -0.0, 0.000798, 0.745821, 0.666145, 0.37472, -0.001785, -0.666144, 0.745821, -0.0, 0.0, 0.0, 0.0, 1.0],
                [0.999999, -0.001774, 0.000821, -0.0, 0.00082, 0.762023, 0.647549, 0.37472, -0.001775, -0.647548, 0.762022, 0.0, 0.0, 0.0, 0.0, 1.0],
                [0.999999, -0.001763, 0.000844, -0.0, 0.000841, 0.777758, 0.628564, 0.37472, -0.001764, -0.628562, 0.777757, -0.0, 0.0, 0.0, 0.0, 1.0],
                [0.999999, -0.001755, 0.000862, 0.0, 0.000859, 0.790468, 0.612502, 0.37472, -0.001756, -0.612501, 0.790468, -0.0, 0.0, 0.0, 0.0, 1.0],
                [0.999999, -0.001749, 0.000874, 0.0, 0.000874, 0.799755, 0.600325, 0.37472, -0.001749, -0.600324, 0.799755, 0.0, 0.0, 0.0, 0.0, 1.0],
                [0.999999, -0.001744, 0.000882, -0.0, 0.000881, 0.804967, 0.593319, 0.37472, -0.001745, -0.593317, 0.804966, -0.0, 0.0, 0.0, 0.0, 1.0],
                [0.999999, -0.001744, 0.000883, -0.0, 0.000881, 0.805398, 0.592733, 0.37472, -0.001745, -0.592732, 0.805398, -0.0, 0.0, 0.0, 0.0, 1.0],
                [0.999999, -0.001777, 0.000814, -0.0, 0.000813, 0.756549, 0.653937, 0.37472, -0.001778, -0.653935, 0.756548, -0.0, 0.0, 0.0, 0.0, 1.0],
                [0.999998, -0.001836, 0.00067, -0.0, 0.000668, 0.643037, 0.765835, 0.37472, -0.001837, -0.765833, 0.643037, -0.0, 0.0, 0.0, 0.0, 1.0],
                [0.999999, -0.00188, 0.000537, -0.0, 0.000535, 0.52755, 0.849523, 0.37472, -0.00188, -0.849522, 0.52755, 0.0, 0.0, 0.0, 0.0, 1.0],
                [0.999998, -0.001906, 0.000434, 0.0, 0.000433, 0.432542, 0.901614, 0.37472, -0.001906, -0.901612, 0.432541, 0.0, 0.0, 0.0, 0.0, 1.0],
                [0.999999, -0.001927, 0.000332, 0.0, 0.00033, 0.333626, 0.942705, 0.37472, -0.001927, -0.942703, 0.333626, -0.0, 0.0, 0.0, 0.0, 1.0],
                [0.999998, -0.001938, 0.000255, 0.0, 0.000254, 0.258229, 0.966084, 0.37472, -0.001939, -0.966082, 0.258229, 0.0, 0.0, 0.0, 0.0, 1.0],
                [0.999999, -0.001941, 0.000232, -0.0, 0.000228, 0.233625, 0.972327, 0.37472, -0.001942, -0.972324, 0.233625, 0.0, 0.0, 0.0, 0.0, 1.0],
                [0.999999, -0.001937, 0.00027, -0.0, 0.000268, 0.272464, 0.962166, 0.37472, -0.001937, -0.962163, 0.272465, 0.0, 0.0, 0.0, 0.0, 1.0],
                [0.999999, -0.001924, 0.00035, -0.0, 0.000348, 0.351057, 0.936354, 0.37472, -0.001924, -0.936352, 0.351057, -0.0, 0.0, 0.0, 0.0, 1.0],
                [0.999999, -0.001902, 0.000451, 0.0, 0.000449, 0.447892, 0.894087, 0.37472, -0.001903, -0.894085, 0.447893, 0.0, 0.0, 0.0, 0.0, 1.0],
                [1.0, -0.001876, 0.000552, 0.0, 0.00055, 0.540888, 0.841094, 0.37472, -0.001876, -0.841091, 0.540888, -0.0, 0.0, 0.0, 0.0, 1.0],
                [0.999999, -0.001849, 0.000635, 0.0, 0.000634, 0.613864, 0.789411, 0.37472, -0.00185, -0.789408, 0.613864, -0.0, 0.0, 0.0, 0.0, 1.0],
                [1.0, -0.001828, 0.000693, -0.0, 0.000692, 0.662613, 0.74896, 0.37472, -0.001829, -0.748958, 0.662614, -0.0, 0.0, 0.0, 0.0, 1.0],
                [1.000001, -0.001819, 0.000717, -0.0, 0.000715, 0.68163, 0.731695, 0.37472, -0.00182, -0.731692, 0.681631, -0.0, 0.0, 0.0, 0.0, 1.0],
                [1.0, -0.001836, 0.000673, 0.0, 0.000671, 0.645455, 0.763797, 0.37472, -0.001837, -0.763794, 0.645456, -0.0, 0.0, 0.0, 0.0, 1.0],
                [1.0, -0.001852, 0.000628, -0.0, 0.000627, 0.607768, 0.794113, 0.37472, -0.001852, -0.79411, 0.607769, 0.0, 0.0, 0.0, 0.0, 1.0],
                [1.0, -0.00187, 0.000572, -0.0, 0.000571, 0.559236, 0.829007, 0.37472, -0.00187, -0.829004, 0.559237, -0.0, 0.0, 0.0, 0.0, 1.0],
                [0.999999, -0.001888, 0.000509, -0.0, 0.000507, 0.501688, 0.865048, 0.37472, -0.001888, -0.865046, 0.501688, 0.0, 0.0, 0.0, 0.0, 1.0],
                [1.0, -0.001902, 0.000453, 0.0, 0.000451, 0.450067, 0.892994, 0.37472, -0.001902, -0.892991, 0.450067, 0.0, 0.0, 0.0, 0.0, 1.0],
                [1.0, -0.001911, 0.000415, -0.0, 0.000414, 0.413991, 0.910281, 0.37472, -0.001911, -0.910278, 0.413991, 0.0, 0.0, 0.0, 0.0, 1.0],
                [1.0, -0.001913, 0.000404, 0.0, 0.000403, 0.404227, 0.914658, 0.37472, -0.001913, -0.914655, 0.404228, -0.0, 0.0, 0.0, 0.0, 1.0],
                [0.999999, -0.001909, 0.000422, 0.0, 0.000421, 0.420703, 0.907198, 0.37472, -0.00191, -0.907196, 0.420703, 0.0, 0.0, 0.0, 0.0, 1.0],
                [1.0, -0.001903, 0.00045, -0.0, 0.000448, 0.447164, 0.894451, 0.37472, -0.001903, -0.894449, 0.447165, -0.0, 0.0, 0.0, 0.0, 1.0],
                [0.999999, -0.001895, 0.000485, 0.0, 0.000484, 0.480247, 0.877133, 0.37472, -0.001895, -0.87713, 0.480247, -0.0, 0.0, 0.0, 0.0, 1.0],
                [1.0, -0.001885, 0.000521, -0.0, 0.000519, 0.512661, 0.858591, 0.37472, -0.001885, -0.858588, 0.512661, 0.0, 0.0, 0.0, 0.0, 1.0],
                [1.0, -0.001879, 0.000544, 0.0, 0.000543, 0.533575, 0.845752, 0.37472, -0.001879, -0.845749, 0.533576, -0.0, 0.0, 0.0, 0.0, 1.0],
                [0.999999, -0.001873, 0.000562, -0.0, 0.000561, 0.549806, 0.835292, 0.37472, -0.001874, -0.83529, 0.549806, -0.0, 0.0, 0.0, 0.0, 1.0],
                [0.999999, -0.001868, 0.00058, 0.0, 0.000579, 0.565931, 0.824452, 0.37472, -0.001868, -0.824449, 0.565931, -0.0, 0.0, 0.0, 0.0, 1.0],
                [0.999999, -0.001862, 0.000598, -0.0, 0.000597, 0.581646, 0.813441, 0.37472, -0.001863, -0.813439, 0.581646, 0.0, 0.0, 0.0, 0.0, 1.0]
            ]
        },
        {
            "name": "Knee_L",
            "time": [0.0, 1.4667],
            "transform": [
                [1.0, 0.0, -0.0, 0.0, -0.0, 1e-06, -1.0, 0.37472, -0.0, 1.0, 1e-06, 0.0, 0.0, 0.0, 0.0, 1.0],
                [1.0, 0.0, -0.0, -0.0, -0.0, 1e-06, -1.0, 0.37472, -0.0, 1.0, 1e-06, 0.0, 0.0, 0.0, 0.0, 1.0]
            ]
        },
        {
            "name": "Torso",
            "time": [0.0, 0.0333, 0.0667, 0.1, 0.1333, 0.1667, 0.2, 0.2333, 0.2667, 0.3, 0.3333, 0.3667, 0.4, 0.4333, 0.4667, 0.5, 0.5333, 0.5667, 0.6, 0.6333, 0.6667, 0.7, 0.7333, 0.7667, 0.8, 0.8333, 0.8667, 0.9, 0.9333, 0.9667, 1.0, 1.0333, 1.0667, 1.1, 1.1333, 1.1667, 1.2, 1.2333, 1.2667, 1.3, 1.3333, 1.3667, 1.4, 1.4333, 1.4667],
            "transform": [
                [0.973166, -0.0048, -0.230065, -0.0, 0.143499, 0.794234, 0.59042, 0.05, 0.179893, -0.607587, 0.773611, 0.0, 0.0, 0.0, 0.0, 1.0],
                [0.972072, -0.003769, -0.234666, 0.0, 0.147194, 0.788573, 0.597063, 0.05, 0.182802, -0.614925, 0.767104, 0.0, 0.0, 0.0, 0.0, 1.0],
                [0.971916, -0.005489, -0.235278, 0.0, 0.151473, 0.77972, 0.607527, 0.05, 0.180117, -0.626099, 0.758654, -0.0, 0.0, 0.0, 0.0, 1.0],
                [0.972001, -0.007084, -0.234879, -0.0, 0.155005, 0.770571, 0.618215, 0.05, 0.176613, -0.637309, 0.750095, -0.0, 0.0, 0.0, 0.0, 1.0],
                [0.971949, -0.008968, -0.235033, 0.0, 0.158953, 0.761587, 0.628264, 0.05, 0.173365, -0.647995, 0.741649, -0.0, 0.0, 0.0, 0.0, 1.0],
                [0.971403, -0.005294, -0.237392, 0.0, 0.158346, 0.75944, 0.631011, 0.05, 0.176945, -0.650551, 0.73856, 0.0, 0.0, 0.0, 0.0, 1.0],
                [0.969728, 0.003075, -0.244181, -0.0, 0.156102, 0.761142, 0.629517, 0.05, 0.187793, -0.648573, 0.737621, -0.0, 0.0, 0.0, 0.0, 1.0],
                [0.967624, 0.009794, -0.252215, -0.0, 0.155776, 0.763065, 0.627265, 0.05, 0.198601, -0.646243, 0.736835, 0.0, 0.0, 0.0, 0.0, 1.0],
                [0.964844, 0.018985, -0.262145, -0.0, 0.154052, 0.767254, 0.622564, 0.05, 0.212952, -0.641057, 0.737357, 0.0, 0.0, 0.0, 0.0, 1.0],
                [0.961826, 0.028193, -0.272213, 0.0, 0.152205, 0.771542, 0.617699, 0.05, 0.22744, -0.635548, 0.737799, 0.0, 0.0, 0.0, 0.0, 1.0],
