{
    "animation": [
        {
            "name": "Root",
            "time": [0.0, 0.0333, 0.0667, 0.1, 0.1333, 0.1667, 0.2, 0.2333, 0.2667, 0.3],
            "transform": [
                [0.999992, -0.002752, 0.00276, 0.064827, 0.002767, 0.002775, -0.999992, -0.124031, 0.002744, 0.999992, 0.002782, 0.438064, 0.0, 0.0, 0.0, 1.0],
                [0.990649, 0.127742, 0.047901, 0.065353, 0.059187, -0.086064, -0.99453, -0.132258, -0.12292, 0.988066, -0.09282, 0.435256, 0.0, 0.0, 0.0, 1.0],
                [0.937064, 0.339215, -0.082731, -0.055592, -0.095057, 0.019854, -0.995274, -0.132107, -0.335969, 0.9405, 0.050849, 0.47422, 0.0, 0.0, 0.0, 1.0],
                [0.943286, 0.331514, -0.017558, -0.077245, -0.039623, 0.059915, -0.997417, -0.132145, -0.329605, 0.941546, 0.069653, 0.483452, 0.0, 0.0, 0.0, 1.0],
                [0.954862, 0.286025, 0.080166, -0.085764, 0.055864, 0.092149, -0.994177, -0.132215, -0.291746, 0.953782, 0.072011, 0.489927, 0.0, 0.0, 0.0, 1.0],
                [0.95798, 0.233906, 0.166015, -0.085436, 0.143518, 0.110239, -0.983489, -0.132283, -0.248344, 0.96599, 0.072037, 0.493704, 0.0, 0.0, 0.0, 1.0],
                [0.9597, 0.204378, 0.192883, -0.083865, 0.173202, 0.110334, -0.978687, -0.132304, -0.221304, 0.972654, 0.070489, 0.496265, 0.0, 0.0, 0.0, 1.0],
                [0.964162, 0.199861, 0.174488, -0.081862, 0.156609, 0.102139, -0.982365, -0.132285, -0.214158, 0.974487, 0.067178, 0.498699, 0.0, 0.0, 0.0, 1.0],
                [0.967995, 0.196518, 0.156094, -0.079459, 0.140058, 0.093094, -0.985757, -0.132266, -0.20825, 0.976071, 0.062591, 0.501005, 0.0, 0.0, 0.0, 1.0],
                [0.971959, 0.194526, 0.132111, -0.076653, 0.11801, 0.082426, -0.989586, -0.132243, -0.203389, 0.977429, 0.057159, 0.502339, 0.0, 0.0, 0.0, 1.0]
            ]
        },
        {
            "name": "Thigh_R",
            "time": [0.0, 0.0333, 0.0667, 0.1, 0.1333, 0.1667, 0.2, 0.2333, 0.2667, 0.3],
            "transform": [
                [0.519243, -0.275546, -0.808989, 0.031907, 0.620918, -0.528805, 0.578643, 0.070834, -0.587241, -0.80277, -0.103487, -0.122113, 0.0, 0.0, 0.0, 1.0],
                [0.534213, -0.271495, -0.800566, -0.03327, 0.625948, -0.509453, 0.590463, 0.05363, -0.568155, -0.81655, -0.102215, -0.126107, 0.0, 0.0, 0.0, 1.0],
                [0.289492, -0.022469, -0.956917, -0.098448, 0.816705, -0.515574, 0.259181, 0.036425, -0.499183, -0.856552, -0.130904, -0.1301, 0.0, 0.0, 0.0, 1.0],
                [0.286612, 0.058913, -0.956234, -0.087319, 0.834155, -0.506254, 0.218833, 0.037849, -0.471203, -0.860372, -0.194241, -0.140629, 0.0, 0.0, 0.0, 1.0],
                [0.328938, 0.121894, -0.936452, -0.076191, 0.831657, -0.507164, 0.226114, 0.039273, -0.44737, -0.853189, -0.2682, -0.151158, 0.0, 0.0, 0.0, 1.0],
                [0.380625, 0.15806, -0.911121, -0.065063, 0.819672, -0.513788, 0.253293, 0.040697, -0.428086, -0.843233, -0.325118, -0.161687, 0.0, 0.0, 0.0, 1.0],
                [0.405647, 0.16597, -0.898836, -0.064549, 0.812238, -0.516445, 0.271205, 0.038261, -0.419186, -0.840084, -0.344302, -0.158935, 0.0, 0.0, 0.0, 1.0],
                [0.403214, 0.152564, -0.902299, -0.064034, 0.812051, -0.514226, 0.275939, 0.035824, -0.421886, -0.843978, -0.331233, -0.156183, 0.0, 0.0, 0.0, 1.0],
                [0.398831, 0.136814, -0.906761, -0.063519, 0.810661, -0.514829, 0.278886, 0.033388, -0.42867, -0.846308, -0.31624, -0.153432, 0.0, 0.0, 0.0, 1.0],
                [0.425702, 0.094849, -0.899878, -0.063004, 0.787413, -0.528809, 0.316764, 0.030952, -0.445817, -0.843427, -0.299801, -0.15068, 0.0, 0.0, 0.0, 1.0]
            ]
        },
        {
            "name": "Leg_R",
            "time": [0.0, 0.0333, 0.0667, 0.1, 0.1333, 0.1667, 0.2, 0.2333, 0.2667, 0.3],
            "transform": [
                [0.999997, -0.001953, 0.000102, -0.0, 0.000102, 0.104113, 0.994565, 0.37472, -0.001953, -0.994563, 0.104113, -0.0, 0.0, 0.0, 0.0, 1.0],
                [0.999997, -0.001938, 9.4e-05, -0.0, 9.2e-05, 0.095996, 0.995383, 0.37472, -0.001938, -0.995379, 0.095997, -0.0, 0.0, 0.0, 0.0, 1.0],
                [0.999998, -0.001964, 0.000229, 0.0, 0.000225, 0.228055, 0.97365, 0.37472, -0.001964, -0.973645, 0.228056, 0.0, 0.0, 0.0, 0.0, 1.0],
                [0.999998, -0.001978, 0.00033, -0.0, 0.000328, 0.32363, 0.946186, 0.37472, -0.001978, -0.94618, 0.323631, 0.0, 0.0, 0.0, 0.0, 1.0],
                [0.999997, -0.001985, 0.000436, 0.0, 0.000434, 0.418117, 0.908395, 0.37472, -0.001986, -0.908389, 0.418119, 0.0, 0.0, 0.0, 0.0, 1.0],
                [0.999997, -0.001988, 0.000523, 0.0, 0.00052, 0.49094, 0.871195, 0.37472, -0.001989, -0.871189, 0.490942, 0.0, 0.0, 0.0, 0.0, 1.0],
                [0.999998, -0.001988, 0.000568, -0.0, 0.000565, 0.527087, 0.849812, 0.37472, -0.001989, -0.849807, 0.527089, -0.0, 0.0, 0.0, 0.0, 1.0],
                [0.999998, -0.001988, 0.000577, 0.0, 0.000574, 0.53407, 0.845441, 0.37472, -0.001989, -0.845435, 0.534072, 0.0, 0.0, 0.0, 0.0, 1.0],
                [0.999997, -0.001988, 0.000586, -0.0, 0.000582, 0.540564, 0.841305, 0.37472, -0.001989, -0.841298, 0.540567, 0.0, 0.0, 0.0, 0.0, 1.0],
                [0.999997, -0.00201, 0.000501, 0.0, 0.000583, 0.505025, 0.863107, 0.37472, -0.001988, -0.8631, 0.505028, 0.0, 0.0, 0.0, 0.0, 1.0]
            ]
        },
        {
            "name": "Knee_R",
            "time": [0.0, 0.3],
            "transform": [
                [1.0, 0.0, -0.0, -0.0, -0.0, 1e-06, -1.0, 0.37472, -0.0, 1.0, 1e-06, -0.0, 0.0, 0.0, 0.0, 1.0],
                [1.0, 0.0, -0.0, 0.0, -0.0, 1e-06, -1.0, 0.37472, -0.0, 1.0, 1e-06, 0.0, 0.0, 0.0, 0.0, 1.0]
            ]
        },
        {
            "name": "Thigh_L",
            "time": [0.0, 0.0333, 0.0667, 0.1, 0.1333, 0.1667, 0.2, 0.2333, 0.2667, 0.3],
            "transform": [
                [-0.160126, -0.885147, -0.436895, 0.01463, -0.354994, -0.361355, 0.862208, 0.074299, -0.921054, 0.293157, -0.256359, 0.114964, 0.0, 0.0, 0.0, 1.0],
                [-0.157029, -0.894201, -0.419224, 0.037004, -0.356325, -0.3446, 0.868496, 0.119502, -0.921073, 0.285759, -0.264514, 0.10266, 0.0, 0.0, 0.0, 1.0],
                [-0.278593, -0.550411, -0.787041, 0.059378, -0.345714, -0.707079, 0.616864, 0.164705, -0.89603, 0.443945, 0.006702, 0.090357, 0.0, 0.0, 0.0, 1.0],
                [-0.202863, -0.534671, -0.820351, 0.054245, -0.332196, -0.750509, 0.571299, 0.157299, -0.921137, 0.388413, -0.025365, 0.094886, 0.0, 0.0, 0.0, 1.0],
                [-0.085063, -0.581331, -0.80921, 0.049112, -0.317549, -0.753984, 0.57504, 0.149893, -0.944419, 0.305878, -0.120466, 0.099414, 0.0, 0.0, 0.0, 1.0],
                [0.021489, -0.637267, -0.770345, 0.065092, -0.313704, -0.735906, 0.600028, 0.153745, -0.949278, 0.228766, -0.215728, 0.110042, 0.0, 0.0, 0.0, 1.0],
                [0.068712, -0.663311, -0.745183, 0.081071, -0.314523, -0.723259, 0.614794, 0.157597, -0.946761, 0.192133, -0.258323, 0.120669, 0.0, 0.0, 0.0, 1.0],
                [0.064321, -0.666182, -0.743011, 0.079275, -0.31142, -0.720769, 0.619282, 0.157608, -0.948094, 0.191555, -0.253823, 0.112419, 0.0, 0.0, 0.0, 1.0],
                [0.052906, -0.668461, -0.741864, 0.07748, -0.311196, -0.716946, 0.623816, 0.157619, -0.948872, 0.197862, -0.245953, 0.104169, 0.0, 0.0, 0.0, 1.0],
                [0.039834, -0.670332, -0.740992, 0.075684, -0.310454, -0.71318, 0.628485, 0.15763, -0.949754, 0.205009, -0.236516, 0.095919, 0.0, 0.0, 0.0, 1.0]
            ]
        },
        {
            "name": "Leg_L",
            "time": [0.0, 0.0333, 0.0667, 0.1, 0.3],
            "transform": [
                [0.999997, -0.001929, 0.00032, 0.0, 0.000319, 0.322324, 0.946631, 0.37472, -0.00193, -0.946628, 0.322324, -0.0, 0.0, 0.0, 0.0, 1.0],
                [0.999999, -2.9e-05, 0.00017, 0.0, -0.000164, 0.13365, 0.991029, 0.37472, -5.2e-05, -0.991029, 0.13365, 0.0, 0.0, 0.0, 0.0, 1.0],
                [0.999998, 0.001947, -0.00015, -0.0, -0.000813, 0.485008, 0.874509, 0.37472, 0.001775, -0.874507, 0.485009, -0.0, 0.0, 0.0, 0.0, 1.0],
                [0.999997, 0.001944, 0.000188, 0.0, -0.000892, 0.36911, 0.929385, 0.37472, 0.001737, -0.929384, 0.369111, -0.0, 0.0, 0.0, 0.0, 1.0],
                [0.999997, 0.001945, 0.000176, -0.0, -0.000973, 0.418234, 0.908339, 0.37472, 0.001693, -0.908338, 0.418235, -0.0, 0.0, 0.0, 0.0, 1.0]
            ]
        },
        {
            "name": "Knee_L",
            "time": [0.0, 0.3],
            "transform": [
                [1.0, 0.0, -0.0, 0.0, -0.0, 1e-06, -1.0, 0.37472, -0.0, 1.0, 1e-06, -0.0, 0.0, 0.0, 0.0, 1.0],
                [1.0, 0.0, -0.0, -0.0, -0.0, 1e-06, -1.0, 0.37472, -0.0, 1.0, 1e-06, -0.0, 0.0, 0.0, 0.0, 1.0]
            ]
        },
        {
            "name": "Torso",
            "time": [0.0, 0.0333, 0.0667, 0.1, 0.1333, 0.1667, 0.2, 0.2333, 0.2667, 0.3],
            "transform": [
                [0.33266, -0.500657, 0.799174, -0.0, -0.236616, 0.776018, 0.584644, 0.05, -0.912881, -0.383584, 0.139687, -0.0, 0.0, 0.0, 0.0, 1.0],
                [0.334969, -0.508785, 0.793054, 0.0, -0.230437, 0.771883, 0.592534, 0.05, -0.913615, -0.38123, 0.141314, -0.0, 0.0, 0.0, 0.0, 1.0],
                [-0.177371, -0.460108, 0.869966, 0.0, -0.48209, 0.811279, 0.33078, 0.05, -0.857979, -0.360731, -0.365711, 0.0, 0.0, 0.0, 0.0, 1.0],
                [-0.221787, -0.440272, 0.870041, 0.0, -0.482099, 0.82509, 0.29463, 0.05, -0.847579, -0.354101, -0.395249, 0.0, 0.0, 0.0, 0.0, 1.0],
                [-0.19428, -0.420113, 0.886432, -0.0, -0.454228, 0.839462, 0.298298, 0.05, -0.869442, -0.34469, -0.353918, -0.0, 0.0, 0.0, 0.0, 1.0],
                [-0.150893, -0.409508, 0.899742, 0.0, -0.422606, 0.849523, 0.315778, 0.05, -0.893663, -0.332587, -0.301248, -0.0, 0.0, 0.0, 0.0, 1.0],
                [-0.131292, -0.411931, 0.901707, -0.0, -0.406499, 0.851965, 0.33002, 0.05, -0.904168, -0.323215, -0.279306, -0.0, 0.0, 0.0, 0.0, 1.0],
                [-0.150625, -0.4252, 0.892478, -0.0, -0.40924, 0.848611, 0.335234, 0.05, -0.899908, -0.314743, -0.301831, 0.0, 0.0, 0.0, 0.0, 1.0],
                [-0.170364, -0.438232, 0.88257, -0.0, -0.412008, 0.845292, 0.340191, 0.05, -0.895111, -0.305669, -0.324563, -0.0, 0.0, 0.0, 0.0, 1.0],
                [-0.196799, -0.455749, 0.86808, -0.0, -0.41929, 0.839468, 0.345672, 0.05, -0.886264, -0.29595, -0.356298, -0.0, 0.0, 0.0, 0.0, 1.0]
            ]
        },
        {
            "name": "Chest",
            "time": [0.0, 0.0333, 0.0667, 0.1, 0.1333, 0.1667, 0.2, 0.2333, 0.2667, 0.3],
            "transform": [
                [0.957913, -0.2274, 0.1752, 0.0, 0.273447, 0.908565, -0.315807, 0.3, -0.087366, 0.350423, 0.932508, -0.0, 0.0, 0.0, 0.0, 1.0],
                [0.955586, -0.241595, 0.168779, -0.0, 0.284216, 0.906932, -0.310956, 0.3, -0.077946, 0.345115, 0.935318, 0.0, 0.0, 0.0, 0.0, 1.0],
                [0.888982, -0.385962, -0.246463, 0.0, 0.341546, 0.917326, -0.204594, 0.3, 0.305053, 0.097702, 0.94731, -0.0, 0.0, 0.0, 0.0, 1.0],
                [0.882373, -0.376554, -0.282177, -0.0, 0.337051, 0.924236, -0.179395, 0.3, 0.328351, 0.063185, 0.942441, -0.0, 0.0, 0.0, 0.0, 1.0],
                [0.898483, -0.353154, -0.260788, 0.0, 0.32017, 0.933556, -0.161134, 0.3, 0.300365, 0.06128, 0.951854, -0.0, 0.0, 0.0, 0.0, 1.0],
                [0.917152, -0.329446, -0.224271, 0.0, 0.300595, 0.94132, -0.15349, 0.3, 0.261678, 0.073359, 0.962363, 0.0, 0.0, 0.0, 0.0, 1.0],
                [0.926355, -0.31721, -0.20309, -0.0, 0.288835, 0.944333, -0.15751, 0.3, 0.241749, 0.087251, 0.966408, -0.0, 0.0, 0.0, 0.0, 1.0],
                [0.925057, -0.317167, -0.208987, 0.0, 0.285357, 0.943452, -0.168727, 0.3, 0.250684, 0.096446, 0.963252, -0.0, 0.0, 0.0, 0.0, 1.0],
                [0.923607, -0.317098, -0.215404, 0.0, 0.281641, 0.942511, -0.179863, 0.3, 0.260055, 0.105456, 0.959818, 0.0, 0.0, 0.0, 0.0, 1.0],
                [0.92034, -0.32017, -0.224645, -0.0, 0.279453, 0.940142, -0.195034, 0.3, 0.273642, 0.11672, 0.954723, 0.0, 0.0, 0.0, 0.0, 1.0]
            ]
        },
        {
            "name": "Head",
            "time": [0.0, 0.0333, 0.0667, 0.1, 0.1333, 0.1667, 0.2, 0.2333, 0.2667, 0.3],
            "transform": [
                [0.586607, 0.31596, -0.745696, 0.0, -0.065096, 0.93617, 0.345461, 0.4, 0.807252, -0.154107, 0.569734, 0.0, 0.0, 0.0, 0.0, 1.0],
                [0.181114, 0.465252, -0.866451, -0.0, 0.001838, 0.88086, 0.473373, 0.4, 0.98346, -0.087327, 0.158681, 0.0, 0.0, 0.0, 0.0, 1.0],
                [0.315295, 0.29466, -0.902089, 0.0, -0.014215, 0.951933, 0.305973, 0.4, 0.948888, -0.083649, 0.304328, 0.0, 0.0, 0.0, 0.0, 1.0],
                [0.27644, 0.285666, -0.917592, 0.0, -0.018564, 0.956208, 0.292096, 0.4, 0.960851, -0.063713, 0.269638, 0.0, 0.0, 0.0, 0.0, 1.0],
                [0.205867, 0.300345, -0.931349, 0.0, -0.027608, 0.953139, 0.30127, 0.4, 0.978189, -0.036309, 0.204512, -0.0, 0.0, 0.0, 0.0, 1.0],
                [0.139823, 0.321684, -0.936466, 0.0, -0.031444, 0.946722, 0.320512, 0.4, 0.989676, -0.015369, 0.142488, -0.0, 0.0, 0.0, 0.0, 1.0],
                [0.109641, 0.333882, -0.936216, -0.0, -0.027871, 0.942557, 0.33288, 0.4, 0.99358, -0.010404, 0.112649, 0.0, 0.0, 0.0, 0.0, 1.0],
                [0.112535, 0.339774, -0.93375, -0.0, -0.018371, 0.940269, 0.339933, 0.4, 0.993478, -0.0211, 0.112055, -0.0, 0.0, 0.0, 0.0, 1.0],
                [0.115843, 0.345101, -0.931389, 0.0, -0.009428, 0.938042, 0.346393, 0.4, 0.993222, -0.031346, 0.111919, 0.0, 0.0, 0.0, 0.0, 1.0],
                [0.12034, 0.351887, -0.928275, 0.0, 0.002272, 0.93497, 0.354719, 0.4, 0.992729, -0.044796, 0.111715, -0.0, 0.0, 0.0, 0.0, 1.0]
            ]
        },
        {
            "name": "Shoulder_R",
            "time": [0.0, 0.0333, 0.0667, 0.1, 0.1333, 0.1667, 0.2, 0.2333, 0.2667, 0.3],
            "transform": [
                [0.339018, 0.936956, 0.084797, 0.0, 0.177346, -0.152169, 0.972319, 0.4, 0.923897, -0.3146, -0.217756, 0.0, 0.0, 0.0, 0.0, 1.0],
                [0.364652, 0.927967, 0.076888, -0.0, 0.159895, -0.143753, 0.976614, 0.4, 0.917302, -0.343834, -0.200798, 0.0, 0.0, 0.0, 0.0, 1.0],
                [0.916716, 0.076947, -0.392038, 0.0, 0.329843, 0.407906, 0.851364, 0.4, 0.22542, -0.909782, 0.348557, 0.0, 0.0, 0.0, 0.0, 1.0],
                [0.915491, -0.012694, -0.402118, 0.0, 0.358016, 0.481646, 0.799904, 0.4, 0.183521, -0.876281, 0.44549, 0.0, 0.0, 0.0, 0.0, 1.0],
                [0.90563, -0.041008, -0.422064, 0.0, 0.378845, 0.525393, 0.761867, 0.4, 0.190504, -0.849877, 0.491351, -0.0, 0.0, 0.0, 0.0, 1.0],
                [0.893773, -0.059057, -0.444597, 0.0, 0.398898, 0.5578, 0.727835, 0.4, 0.205009, -0.827878, 0.522109, -0.0, 0.0, 0.0, 0.0, 1.0],
                [0.886721, -0.060893, -0.45826, -0.0, 0.409414, 0.563777, 0.717313, 0.4, 0.214673, -0.823687, 0.524847, 0.0, 0.0, 0.0, 0.0, 1.0],
                [0.886459, -0.056493, -0.459329, -0.0, 0.41142, 0.550662, 0.726298, 0.4, 0.2119, -0.832822, 0.511387, -0.0, 0.0, 0.0, 0.0, 1.0],
                [0.886131, -0.052558, -0.460428, 0.0, 0.41372, 0.537334, 0.734923, 0.4, 0.208774, -0.841737, 0.497897, 0.0, 0.0, 0.0, 0.0, 1.0],
                [0.886281, -0.045846, -0.460859, 0.0, 0.414732, 0.521446, 0.745718, 0.4, 0.206121, -0.852057, 0.481165, -0.0, 0.0, 0.0, 0.0, 1.0]
            ]
        },
        {
            "name": "Arm_R",
            "time": [0.0, 0.0333, 0.0667, 0.1, 0.1333, 0.1667, 0.2, 0.2333, 0.2667, 0.3],
            "transform": [
                [0.575844, -0.806007, -0.154882, 0.0, 0.775953, 0.597496, -0.212003, 0.39386, 0.264362, 0.001912, 0.959639, 0.0, 0.0, 0.0, 0.0, 1.0],
                [0.563243, -0.814959, -0.145996, 0.0, 0.783571, 0.583113, -0.217326, 0.39386, 0.262243, 0.008043, 0.962928, -0.0, 0.0, 0.0, 0.0, 1.0],
                [0.691464, -0.489022, 0.531553, 0.0, 0.658116, 0.731163, -0.185486, 0.39386, -0.29795, 0.480112, 0.823894, -0.0, 0.0, 0.0, 0.0, 1.0],
                [0.720667, -0.463185, 0.515635, 0.0, 0.636314, 0.738438, -0.227826, 0.393861, -0.275243, 0.494384, 0.82339, 0.0, 0.0, 0.0, 0.0, 1.0],
                [0.735287, -0.449098, 0.507373, 0.0, 0.628415, 0.733358, -0.263183, 0.39386, -0.253895, 0.514533, 0.817962, 0.0, 0.0, 0.0, 0.0, 1.0],
                [0.74659, -0.434693, 0.503362, 0.0, 0.622412, 0.724748, -0.298648, 0.39386, -0.234994, 0.538544, 0.808202, -0.0, 0.0, 0.0, 0.0, 1.0],
                [0.759304, -0.431978, 0.486459, 0.0, 0.615778, 0.719737, -0.323335, 0.39386, -0.210452, 0.547374, 0.809055, 0.0, 0.0, 0.0, 0.0, 1.0],
                [0.773414, -0.440133, 0.45613, 0.0, 0.60807, 0.719322, -0.338426, 0.39386, -0.179155, 0.541392, 0.820469, 0.0, 0.0, 0.0, 0.0, 1.0],
                [0.789054, -0.446062, 0.422507, -0.0, 0.596328, 0.722129, -0.35299, 0.393861, -0.147651, 0.532733, 0.832253, -0.0, 0.0, 0.0, 0.0, 1.0],
                [0.803784, -0.451502, 0.387693, -0.0, 0.58362, 0.725408, -0.367187, 0.39386, -0.115451, 0.523619, 0.842987, -0.0, 0.0, 0.0, 0.0, 1.0]
            ]
        },
        {
            "name": "Hand_R",
            "time": [0.0, 0.0333, 0.0667, 0.1, 0.1333, 0.1667, 0.2, 0.2333, 0.2667, 0.3],
            "transform": [
                [0.997797, 0.001969, 0.000128, 0.0, -0.000113, 0.124756, -0.9852, 0.3, -0.001946, 1.001965, 0.122668, 0.0, 0.0, 0.0, 0.0, 1.0],
                [1.000889, 0.001957, 0.000123, -0.0, -0.000131, 0.130778, -0.986598, 0.3, -0.001951, 0.995522, 0.129606, -0.0, 0.0, 0.0, 0.0, 1.0],
                [1.000889, 0.001052, 0.001323, -0.0, -0.001326, 0.974237, 0.225836, 0.3, -0.001053, -0.226092, 0.97314, -0.0, 0.0, 0.0, 0.0, 1.0],
                [1.00089, 0.001053, 0.001323, 0.0, -0.001326, 0.974237, 0.225837, 0.3, -0.001053, -0.226093, 0.973139, 0.0, 0.0, 0.0, 0.0, 1.0],
                [1.00089, 0.001324, 0.001124, 0.0, -0.001127, 0.988043, -0.159855, 0.3, -0.001324, 0.1603, 0.985289, 0.0, 0.0, 0.0, 0.0, 1.0],
                [1.000889, 0.00161, 0.000822, 0.0, -0.000822, 0.814269, -0.581667, 0.3, -0.001609, 0.585727, 0.808623, -0.0, 0.0, 0.0, 0.0, 1.0],
                [1.00089, 0.001752, 0.000614, 0.0, -0.000611, 0.628169, -0.776303, 0.3, -0.001749, 0.783228, 0.622614, 0.0, 0.0, 0.0, 0.0, 1.0],
                [1.000889, 0.001787, 0.000553, 0.0, -0.000549, 0.567935, -0.820551, 0.3, -0.001783, 0.82815, 0.562722, 0.0, 0.0, 0.0, 0.0, 1.0],
                [1.00089, 0.001815, 0.000497, 0.0, -0.000492, 0.512295, -0.855691, 0.3, -0.001811, 0.8638, 0.507484, 0.0, 0.0, 0.0, 0.0, 1.0],
                [1.00089, 0.00184, 0.000443, -0.0, -0.000451, 0.463324, -0.882623, 0.3, -0.001833, 0.891093, 0.458919, 0.0, 0.0, 0.0, 0.0, 1.0]
            ]
        },
        {
            "name": "Tool_R",
            "time": [0.0, 0.0333, 0.0667, 0.1, 0.3],
            "transform": [
                [0.866323, 0.015237, -0.499252, -0.0, 0.025121, -0.999599, 0.013085, 0.272858, -0.498557, -0.023874, -0.865845, 0.0, 0.0, 0.0, 0.0, 1.0],
                [0.855007, -8.1e-05, -0.518616, 0.0, -0.073789, -0.989845, -0.121497, 0.272858, -0.513036, 0.142054, -0.845831, -0.0, 0.0, 0.0, 0.0, 1.0],
                [1.0, -1e-06, -2e-06, 0.0, -2e-06, -0.756774, -0.653677, 0.272858, -1e-06, 0.653282, -0.756333, 0.0, 0.0, 0.0, 0.0, 1.0],
                [1.0, -2e-06, -3e-06, 0.0, -3e-06, -0.614187, -0.789161, 0.272858, -0.0, 0.788687, -0.613831, -0.0, 0.0, 0.0, 0.0, 1.0],
                [1.0, -2e-06, -2e-06, 0.0, -3e-06, -0.678348, -0.734741, 0.272858, 0.0, 0.734299, -0.677954, -0.0, 0.0, 0.0, 0.0, 1.0]
            ]
        },
        {
            "name": "Elbow_R",
            "time": [0.0, 0.3],
            "transform": [
                [-1.0, 0.0, -0.0, 0.0, 0.0, 0.0, -1.0, 0.3, -0.0, -1.0, 0.0, 0.0, 0.0, 0.0, 0.0, 1.0],
                [-1.0, 0.0, 0.0, -0.0, 0.0, 0.0, -1.0, 0.3, -0.0, -1.0, 0.0, 0.0, 0.0, 0.0, 0.0, 1.0]
            ]
        },
        {
            "name": "Shoulder_L",
            "time": [0.0, 0.0333, 0.0667, 0.1, 0.1333, 0.1667, 0.2, 0.2333, 0.2667, 0.3],
            "transform": [
                [0.03167, -0.990764, -0.131884, 0.0, -0.33341, -0.134865, 0.933088, 0.4, -0.94224, 0.01442, -0.334605, 0.0, 0.0, 0.0, 0.0, 1.0],
                [0.031984, -0.991606, -0.125318, -0.0, -0.33729, -0.128735, 0.932562, 0.4, -0.940844, 0.012442, -0.338582, 0.0, 0.0, 0.0, 0.0, 1.0],
                [-0.1362, -0.989549, -0.047468, 0.0, -0.074842, -0.0375, 0.996497, 0.4, -0.987837, 0.139277, -0.068954, 0.0, 0.0, 0.0, 0.0, 1.0],
                [-0.154467, -0.986853, -0.047665, 0.0, -0.038881, -0.042134, 0.998362, 0.4, -0.98722, 0.156069, -0.031862, 0.0, 0.0, 0.0, 0.0, 1.0],
                [-0.150772, -0.986529, -0.06355, 0.0, -0.035227, -0.058882, 0.99765, 0.4, -0.987928, 0.152658, -0.025875, -0.0, 0.0, 0.0, 0.0, 1.0],
                [-0.14349, -0.986275, -0.081739, 0.0, -0.046336, -0.075807, 0.996053, 0.4, -0.988553, 0.146712, -0.034823, -0.0, 0.0, 0.0, 0.0, 1.0],
                [-0.135483, -0.986512, -0.091915, -0.0, -0.060518, -0.084357, 0.994603, 0.4, -0.988916, 0.140316, -0.048274, 0.0, 0.0, 0.0, 0.0, 1.0],
                [-0.137006, -0.98626, -0.092365, -0.0, -0.069372, -0.083462, 0.9941, 0.4, -0.988125, 0.142607, -0.056985, -0.0, 0.0, 0.0, 0.0, 1.0],
                [-0.13365, -0.986719, -0.092368, 0.0, -0.078235, -0.082408, 0.99353, 0.4, -0.987923, 0.140013, -0.066183, 0.0, 0.0, 0.0, 0.0, 1.0],
                [-0.133847, -0.986939, -0.089695, 0.0, -0.089624, -0.078083, 0.992918, 0.4, -0.986928, 0.140939, -0.078004, -0.0, 0.0, 0.0, 0.0, 1.0]
            ]
        },
        {
            "name": "Arm_L",
            "time": [0.0, 0.0333, 0.0667, 0.1, 0.1333, 0.1667, 0.2, 0.2333, 0.2667, 0.3],
            "transform": [
                [0.734534, -0.213609, 0.642861, 0.0, -0.615983, 0.189226, 0.763173, 0.39386, -0.284671, -0.960632, 0.007382, -0.0, 0.0, 0.0, 0.0, 1.0],
                [0.737466, -0.21494, 0.638758, 0.0, -0.610469, 0.203706, 0.762543, 0.39386, -0.295078, -0.958617, 0.018819, -0.0, 0.0, 0.0, 0.0, 1.0],
                [0.503997, -0.161401, 0.844803, -0.0, -0.796832, 0.299063, 0.525036, 0.39386, -0.338609, -0.944006, 0.021892, -0.0, 0.0, 0.0, 0.0, 1.0],
                [0.488603, -0.166586, 0.852696, -0.0, -0.803911, 0.302327, 0.512402, 0.39386, -0.344391, -0.942064, 0.013658, 0.0, 0.0, 0.0, 0.0, 1.0],
                [0.508526, -0.185098, 0.837313, 0.0, -0.791026, 0.292224, 0.537338, 0.39386, -0.345386, -0.941797, 0.002164, -0.0, 0.0, 0.0, 0.0, 1.0],
                [0.537161, -0.203881, 0.815094, -0.0, -0.772425, 0.278, 0.570428, 0.39386, -0.344133, -0.942225, -0.008069, 0.0, 0.0, 0.0, 0.0, 1.0],
                [0.551701, -0.210514, 0.80378, 0.0, -0.761903, 0.273625, 0.586247, 0.39386, -0.344586, -0.942046, -0.009336, -0.0, 0.0, 0.0, 0.0, 1.0],
                [0.548088, -0.207579, 0.806962, -0.0, -0.763134, 0.279532, 0.581911, 0.39386, -0.347614, -0.940963, -0.00515, -0.0, 0.0, 0.0, 0.0, 1.0],
                [0.543155, -0.202989, 0.811386, -0.0, -0.765202, 0.286748, 0.575747, 0.39386, -0.350796, -0.939792, 0.000417, 0.0, 0.0, 0.0, 0.0, 1.0],
                [0.533922, -0.197114, 0.81882, -0.0, -0.76981, 0.295795, 0.565089, 0.39386, -0.354867, -0.938238, 0.006128, 0.0, 0.0, 0.0, 0.0, 1.0]
            ]
        },
        {
            "name": "Hand_L",
            "time": [0.0, 0.0333, 0.0667, 0.1, 0.1333, 0.1667, 0.2, 0.2333, 0.2667, 0.3],
            "transform": [
                [1.000888, -0.001959, 0.000124, 0.0, -0.000117, -0.123944, -0.98723, 0.3, 0.001953, 0.996644, -0.122773, -0.0, 0.0, 0.0, 0.0, 1.0],
                [0.997796, -0.001974, -1.5e-05, -0.0, 3.8e-05, 0.027434, -0.992283, 0.3, 0.00195, 1.009431, 0.026968, -0.0, 0.0, 0.0, 0.0, 1.0],
                [0.997797, -0.001964, -0.000181, 0.0, 0.000153, 0.172443, -0.978298, 0.3, 0.001944, 0.994726, 0.169595, 0.0, 0.0, 0.0, 0.0, 1.0],
                [0.997797, -0.001964, -0.000181, 0.0, 0.000153, 0.172443, -0.978298, 0.3, 0.001944, 0.994727, 0.169594, -0.0, 0.0, 0.0, 0.0, 1.0],
                [0.997797, -0.001967, -0.000157, 0.0, 0.000129, 0.148024, -0.982095, 0.3, 0.001946, 0.998718, 0.14556, -0.0, 0.0, 0.0, 0.0, 1.0],
                [0.997796, -0.001968, -0.00013, 0.0, 0.0001, 0.11955, -0.985777, 0.3, 0.001947, 1.00259, 0.117545, 0.0, 0.0, 0.0, 0.0, 1.0],
                [0.997798, -0.001972, -8.9e-05, -0.0, 0.000113, 0.10467, -0.987386, 0.3, 0.001947, 1.004277, 0.102909, 0.0, 0.0, 0.0, 0.0, 1.0],
                [0.997797, -0.001971, -8.9e-05, 0.0, 0.000113, 0.104358, -0.987417, 0.3, 0.001947, 1.004311, 0.102602, -0.0, 0.0, 0.0, 0.0, 1.0],
                [0.997796, -0.001972, -8.8e-05, 0.0, 0.000113, 0.104046, -0.987447, 0.3, 0.001947, 1.004345, 0.102295, -0.0, 0.0, 0.0, 0.0, 1.0],
                [0.997796, -0.001972, -8.8e-05, 0.0, 0.000113, 0.103735, -0.987478, 0.3, 0.001947, 1.004379, 0.101989, 0.0, 0.0, 0.0, 0.0, 1.0]
            ]
        },
        {
            "name": "Tool_L",
            "time": [0.0, 0.0333, 0.0667, 0.1, 0.1333, 0.1667, 0.2, 0.2333, 0.2667, 0.3],
            "transform": [
                [1.0, 0.0, 0.0, -0.0, 0.0, -0.989852, -0.142104, 0.272858, 0.0, 0.14201, -0.989271, -0.0, 0.0, 0.0, 0.0, 1.0],
                [0.929602, -0.312533, 0.195355, -0.0, -0.140267, -0.790154, -0.596642, 0.272858, 0.340629, 0.526919, -0.777915, -0.0, 0.0, 0.0, 0.0, 1.0],
                [0.929602, -0.312533, 0.195355, 0.0, -0.140267, -0.790154, -0.596642, 0.272858, 0.340629, 0.526919, -0.777915, -0.0, 0.0, 0.0, 0.0, 1.0],
                [0.929602, -0.312533, 0.195355, 0.0, -0.140267, -0.790154, -0.596642, 0.272858, 0.340629, 0.526919, -0.777915, -0.0, 0.0, 0.0, 0.0, 1.0],
                [0.929602, -0.312533, 0.195355, 0.0, -0.140267, -0.790154, -0.596642, 0.272858, 0.340629, 0.526919, -0.777915, 0.0, 0.0, 0.0, 0.0, 1.0],
                [0.929602, -0.312533, 0.195355, 0.0, -0.140267, -0.790154, -0.596642, 0.272858, 0.340629, 0.526919, -0.777915, -0.0, 0.0, 0.0, 0.0, 1.0],
                [0.929602, -0.312533, 0.195355, 0.0, -0.140267, -0.790154, -0.596642, 0.272858, 0.340629, 0.526919, -0.777915, -0.0, 0.0, 0.0, 0.0, 1.0],
                [0.929602, -0.312533, 0.195355, 0.0, -0.140267, -0.790154, -0.596642, 0.272858, 0.340629, 0.526919, -0.777915, -0.0, 0.0, 0.0, 0.0, 1.0],
                [0.929602, -0.312533, 0.195354, -0.0, -0.140267, -0.790154, -0.596642, 0.272858, 0.340629, 0.526919, -0.777915, -0.0, 0.0, 0.0, 0.0, 1.0],
                [0.929602, -0.312533, 0.195355, 0.0, -0.140267, -0.790154, -0.596642, 0.272858, 0.340629, 0.526919, -0.777915, -0.0, 0.0, 0.0, 0.0, 1.0]
            ]
        },
        {
            "name": "Elbow_L",
            "time": [0.0, 0.3],
            "transform": [
                [-1.0, 0.0, -0.0, 0.0, 0.0, -0.0, -1.0, 0.3, -0.0, -1.0, -0.0, -0.0, 0.0, 0.0, 0.0, 1.0],
                [-1.0, 0.0, -0.0, 0.0, 0.0, -0.0, -1.0, 0.3, -0.0, -1.0, -0.0, 0.0, 0.0, 0.0, 0.0, 1.0]
            ]
        }
    ]
}