{
    "animation": [
        {
            "name": "Root",
            "time": [0.0],
            "transform": [
                [0.999992, -0.002752, 0.00276, 0.064827, 0.002767, 0.002775, -0.999992, -0.124031, 0.002744, 0.999992, 0.002782, 0.438064, 0.0, 0.0, 0.0, 1.0]
            ]
        },
        {
            "name": "Thigh_R",
            "time": [0.0],
            "transform": [
                [0.519243, -0.275546, -0.808989, 0.031907, 0.620918, -0.528805, 0.578643, 0.070834, -0.587241, -0.80277, -0.103487, -0.122113, 0.0, 0.0, 0.0, 1.0]
            ]
        },
        {
            "name": "Leg_R",
            "time": [0.0],
            "transform": [
                [0.999997, -0.001953, 0.000102, -0.0, 0.000102, 0.104113, 0.994565, 0.37472, -0.001953, -0.994563, 0.104113, -0.0, 0.0, 0.0, 0.0, 1.0]
            ]
        },
        {
            "name": "Knee_R",
            "time": [0.0],
            "transform": [
                [1.0, 0.0, -0.0, -0.0, -0.0, 1e-06, -1.0, 0.37472, -0.0, 1.0, 1e-06, -0.0, 0.0, 0.0, 0.0, 1.0]
            ]
        },
        {
            "name": "Thigh_L",
            "time": [0.0],
            "transform": [
                [-0.160126, -0.885147, -0.436895, 0.01463, -0.354994, -0.361355, 0.862208, 0.074299, -0.921054, 0.293157, -0.256359, 0.114964, 0.0, 0.0, 0.0, 1.0]
            ]
        },
        {
            "name": "Leg_L",
            "time": [0.0],
            "transform": [
                [0.999997, -0.001929, 0.00032, 0.0, 0.000319, 0.322324, 0.946631, 0.37472, -0.00193, -0.946628, 0.322324, -0.0, 0.0, 0.0, 0.0, 1.0]
            ]
        },
        {
            "name": "Knee_L",
            "time": [0.0],
            "transform": [
                [1.0, 0.0, -0.0, 0.0, -0.0, 1e-06, -1.0, 0.37472, -0.0, 1.0, 1e-06, -0.0, 0.0, 0.0, 0.0, 1.0]
            ]
        },
        {
            "name": "Torso",
            "time": [0.0],
            "transform": [
                [0.33266, -0.500657, 0.799174, -0.0, -0.236616, 0.776018, 0.584644, 0.05, -0.912881, -0.383584, 0.139687, -0.0, 0.0, 0.0, 0.0, 1.0]
            ]
        },
        {
            "name": "Chest",
            "time": [0.0],
            "transform": [
                [0.957913, -0.2274, 0.1752, 0.0, 0.273447, 0.908565, -0.315807, 0.3, -0.087366, 0.350423, 0.932508, -0.0, 0.0, 0.0, 0.0, 1.0]
            ]
        },
        {
            "name": "Head",
            "time": [0.0],
            "transform": [
                [0.586607, 0.31596, -0.745696, 0.0, -0.065096, 0.93617, 0.345461, 0.4, 0.807252, -0.154107, 0.569734, 0.0, 0.0, 0.0, 0.0, 1.0]
            ]
        },
        {
            "name": "Shoulder_R",
            "time": [0.0],
            "transform": [
                [0.339018, 0.936956, 0.084797, 0.0, 0.177346, -0.152169, 0.972319, 0.4, 0.923897, -0.3146, -0.217756, 0.0, 0.0, 0.0, 0.0, 1.0]
            ]
        },
        {
            "name": "Arm_R",
            "time": [0.0],
            "transform": [
                [0.575844, -0.806007, -0.154882, 0.0, 0.775953, 0.597496, -0.212003, 0.39386, 0.264362, 0.001912, 0.959639, 0.0, 0.0, 0.0, 0.0, 1.0]
            ]
        },
        {
            "name": "Hand_R",
            "time": [0.0],
            "transform": [
                [0.997797, 0.001969, 0.000128, 0.0, -0.000113, 0.124756, -0.9852, 0.3, -0.001946, 1.001965, 0.122668, 0.0, 0.0, 0.0, 0.0, 1.0]
            ]
        },
        {
            "name": "Tool_R",
            "time": [0.0],
            "transform": [
                [0.866323, 0.015237, -0.499252, -0.0, 0.025121, -0.999599, 0.013085, 0.272858, -0.498557, -0.023874, -0.865845, 0.0, 0.0, 0.0, 0.0, 1.0]
            ]
        },
        {
            "name": "Elbow_R",
            "time": [0.0],
            "transform": [
                [-1.0, 0.0, -0.0, 0.0, 0.0, 0.0, -1.0, 0.3, -0.0, -1.0, 0.0, 0.0, 0.0, 0.0, 0.0, 1.0]
            ]
        },
        {
            "name": "Shoulder_L",
            "time": [0.0],
            "transform": [
                [0.03167, -0.990764, -0.131884, 0.0, -0.33341, -0.134865, 0.933088, 0.4, -0.94224, 0.01442, -0.334605, 0.0, 0.0, 0.0, 0.0, 1.0]
            ]
        },
        {
            "name": "Arm_L",
            "time": [0.0],
            "transform": [
                [0.734534, -0.213609, 0.642861, 0.0, -0.615983, 0.189226, 0.763173, 0.39386, -0.284671, -0.960632, 0.007382, -0.0, 0.0, 0.0, 0.0, 1.0]
            ]
        },
        {
            "name": "Hand_L",
            "time": [0.0],
            "transform": [
                [1.000888, -0.001959, 0.000124, 0.0, -0.000117, -0.123944, -0.98723, 0.3, 0.001953, 0.996644, -0.122773, -0.0, 0.0, 0.0, 0.0, 1.0]
            ]
        },
        {
            "name": "Tool_L",
            "time": [0.0],
            "transform": [
                [1.0, 0.0, 0.0, -0.0, 0.0, -0.989852, -0.142104, 0.272858, 0.0, 0.14201, -0.989271, -0.0, 0.0, 0.0, 0.0, 1.0]
            ]
        },
        {
            "name": "Elbow_L",
            "time": [0.0],
            "transform": [
                [-1.0, 0.0, -0.0, 0.0, 0.0, -0.0, -1.0, 0.3, -0.0, -1.0, -0.0, -0.0, 0.0, 0.0, 0.0, 1.0]
            ]
        }
    ]
}