{
    "animation": [
        {
            "name": "Root",
            "time": [0.0, 0.5, 0.5333, 0.5667, 0.6, 0.6333, 0.6667, 0.7, 0.7333, 0.7667, 0.8, 0.8333, 0.8667, 0.9, 0.9333, 0.9667, 1.0, 1.0333, 1.0667, 1.1, 1.1333, 1.1667, 1.2, 1.2333, 1.2667, 1.3, 1.3333, 1.3667, 1.4, 1.4333, 1.4667, 1.5, 1.5333, 1.5667, 1.6, 1.6333, 1.6667, 1.7, 1.7333, 1.7667, 1.8, 1.8333, 1.8667, 1.9, 1.9333, 1.9667, 2.0, 2.0333, 2.0667, 2.1, 2.1333, 2.1667, 2.2, 2.2333, 2.2667, 2.3, 2.3333, 2.3667, 2.4, 2.4333, 2.4667, 2.5, 2.5333, 2.5667, 2.6, 2.6333, 2.6667, 2.7, 3.0333],
            "transform": [
                [1.0, 0.000632, 1e-06, 0.000309, -1e-06, 0.003856, -0.999991, 0.001838, -0.000632, 0.999993, 0.003856, 0.723106, 0.0, 0.0, 0.0, 1.0],
                [1.0, 0.000622, 1e-06, 0.000306, -1e-06, 0.003858, -0.999991, 0.00201, -0.000622, 0.999993, 0.003858, 0.72417, 0.0, 0.0, 0.0, 1.0],
                [1.0, 0.000621, 1e-06, 0.000305, -1e-06, 0.003858, -0.999991, 0.001991, -0.000621, 0.999993, 0.003858, 0.724216, 0.0, 0.0, 0.0, 1.0],
                [1.0, 0.000621, 1e-06, 0.000305, -1e-06, 0.003858, -0.999991, 0.00197, -0.000621, 0.999993, 0.003858, 0.72427, 0.0, 0.0, 0.0, 1.0],
                [1.0, 0.00062, 1e-06, 0.000305, -1e-06, 0.003859, -0.999991, 0.001948, -0.00062, 0.999993, 0.003859, 0.72433, 0.0, 0.0, 0.0, 1.0],
                [1.0, 0.000619, 1e-06, 0.000304, -1e-06, 0.003859, -0.999991, 0.001926, -0.000619, 0.999993, 0.003859, 0.724399, 0.0, 0.0, 0.0, 1.0],
                [1.0, 0.000619, 1e-06, 0.000304, -1e-06, 0.003859, -0.999991, 0.001904, -0.000619, 0.999993, 0.003859, 0.724476, 0.0, 0.0, 0.0, 1.0],
                [1.0, 0.000618, 1e-06, 0.000304, -1e-06, 0.003859, -0.999991, 0.001882, -0.000618, 0.999993, 0.003859, 0.724563, 0.0, 0.0, 0.0, 1.0],
                [1.0, 0.000618, 1e-06, 0.000304, -1e-06, 0.003859, -0.999991, 0.001861, -0.000618, 0.999993, 0.003859, 0.724658, 0.0, 0.0, 0.0, 1.0],
                [1.0, 0.000617, 1e-06, 0.000304, -1e-06, 0.003859, -0.999991, 0.001841, -0.000617, 0.999993, 0.003859, 0.724764, 0.0, 0.0, 0.0, 1.0],
                [1.0, 0.000618, 1e-06, 0.000304, -1e-06, 0.003859, -0.999991, 0.001823, -0.000618, 0.999993, 0.003859, 0.72488, 0.0, 0.0, 0.0, 1.0],
                [1.0, 0.000619, 1e-06, 0.000304, -2e-06, 0.003859, -0.999991, 0.001807, -0.000619, 0.999993, 0.003859, 0.725007, 0.0, 0.0, 0.0, 1.0],
                [1.0, 0.00062, 1e-06, 0.000305, -2e-06, 0.003859, -0.999991, 0.001927, -0.00062, 0.999993, 0.003859, 0.725246, 0.0, 0.0, 0.0, 1.0],
                [1.0, 0.000621, 1e-06, 0.000305, -1e-06, 0.003858, -0.999991, 0.002043, -0.000621, 0.999993, 0.003858, 0.72548, 0.0, 0.0, 0.0, 1.0],
                [1.0, 0.000622, 1e-06, 0.000306, -1e-06, 0.003858, -0.999991, 0.002154, -0.000622, 0.999993, 0.003858, 0.72571, 0.0, 0.0, 0.0, 1.0],
                [1.0, 0.000624, 1e-06, 0.000306, -1e-06, 0.003858, -0.999991, 0.00226, -0.000624, 0.999993, 0.003858, 0.725936, 0.0, 0.0, 0.0, 1.0],
                [1.0, 0.000625, 1e-06, 0.000307, -1e-06, 0.003858, -0.999991, 0.002363, -0.000625, 0.999993, 0.003858, 0.726157, 0.0, 0.0, 0.0, 1.0],
                [1.0, 0.000626, 1e-06, 0.000308, -1e-06, 0.003857, -0.999991, 0.002462, -0.000626, 0.999993, 0.003857, 0.726374, 0.0, 0.0, 0.0, 1.0],
                [1.0, 0.000627, 1e-06, 0.000308, -1e-06, 0.003857, -0.999991, 0.002558, -0.000627, 0.999993, 0.003857, 0.726587, 0.0, 0.0, 0.0, 1.0],
                [1.0, 0.000629, 1e-06, 0.000309, -1e-06, 0.003857, -0.999991, 0.002651, -0.000629, 0.999993, 0.003857, 0.726796, 0.0, 0.0, 0.0, 1.0],
                [1.0, 0.00063, 1e-06, 0.000309, -1e-06, 0.003857, -0.999991, 0.00274, -0.00063, 0.999993, 0.003857, 0.727, 0.0, 0.0, 0.0, 1.0],
                [1.0, 0.000631, 1e-06, 0.00031, -2e-06, 0.003856, -0.999991, 0.002827, -0.000631, 0.999993, 0.003856, 0.727201, 0.0, 0.0, 0.0, 1.0],
                [1.0, 0.000633, 1e-06, 0.000311, -1e-06, 0.003856, -0.999991, 0.002912, -0.000633, 0.999993, 0.003856, 0.727399, 0.0, 0.0, 0.0, 1.0],
                [1.0, 0.000634, 1e-06, 0.000311, -1e-06, 0.003856, -0.999991, 0.002994, -0.000634, 0.999993, 0.003856, 0.727592, 0.0, 0.0, 0.0, 1.0],
                [1.0, 0.000636, 1e-06, 0.000312, -1e-06, 0.003856, -0.999991, 0.003074, -0.000636, 0.999993, 0.003856, 0.727783, 0.0, 0.0, 0.0, 1.0],
                [1.0, 0.000637, 1e-06, 0.000313, -1e-06, 0.003856, -0.999991, 0.003153, -0.000637, 0.999993, 0.003856, 0.727969, 0.0, 0.0, 0.0, 1.0],
                [1.0, 0.000638, 1e-06, 0.000313, -1e-06, 0.003856, -0.999991, 0.00323, -0.000638, 0.999993, 0.003856, 0.728153, 0.0, 0.0, 0.0, 1.0],
                [1.0, 0.00064, 1e-06, 0.000314, -1e-06, 0.003855, -0.999991, 0.003306, -0.00064, 0.999993, 0.003855, 0.728333, 0.0, 0.0, 0.0, 1.0],
                [1.0, 0.000641, 1e-06, 0.000315, -1e-06, 0.003855, -0.999991, 0.003381, -0.000641, 0.999993, 0.003855, 0.72851, 0.0, 0.0, 0.0, 1.0],
                [1.0, 0.000643, 1e-06, 0.000315, -2e-06, 0.003854, -0.999991, 0.003454, -0.000643, 0.999993, 0.003854, 0.728684, 0.0, 0.0, 0.0, 1.0],
                [1.0, 0.000644, 1e-06, 0.000316, -2e-06, 0.003854, -0.999991, 0.003529, -0.000644, 0.999993, 0.003854, 0.728857, 0.0, 0.0, 0.0, 1.0],
                [1.0, 0.000646, 1e-06, 0.000317, -1e-06, 0.003854, -0.999991, 0.003602, -0.000646, 0.999993, 0.003854, 0.729024, 0.0, 0.0, 0.0, 1.0],
                [1.0, 0.000647, 1e-06, 0.000317, -1e-06, 0.003854, -0.999991, 0.003675, -0.000647, 0.999993, 0.003854, 0.72919, 0.0, 0.0, 0.0, 1.0],
                [1.0, 0.000648, 1e-06, 0.000318, -2e-06, 0.003854, -0.999991, 0.003748, -0.000648, 0.999993, 0.003854, 0.729353, 0.0, 0.0, 0.0, 1.0],
                [1.0, 0.00065, 1e-06, 0.000319, -1e-06, 0.003854, -0.999991, 0.003822, -0.00065, 0.999993, 0.003854, 0.729514, 0.0, 0.0, 0.0, 1.0],
                [0.999999, 0.000651, 2e-06, 0.000319, -1e-06, 0.003854, -0.999991, 0.003897, -0.000651, 0.999993, 0.003854, 0.729672, 0.0, 0.0, 0.0, 1.0],
                [1.0, 0.000652, 1e-06, 0.00032, -1e-06, 0.003854, -0.999991, 0.003973, -0.000652, 0.999993, 0.003854, 0.729828, 0.0, 0.0, 0.0, 1.0],
                [0.999999, 0.000653, 1e-06, 0.00032, -1e-06, 0.003853, -0.999991, 0.00405, -0.000653, 0.999993, 0.003853, 0.729982, 0.0, 0.0, 0.0, 1.0],
                [1.0, 0.000654, 1e-06, 0.000321, -2e-06, 0.003853, -0.999991, 0.004128, -0.000654, 0.999993, 0.003853, 0.730134, 0.0, 0.0, 0.0, 1.0],
                [1.0, 0.000656, 1e-06, 0.000322, -1e-06, 0.003853, -0.999991, 0.004208, -0.000656, 0.999993, 0.003853, 0.730284, 0.0, 0.0, 0.0, 1.0],
                [0.999999, 0.000657, 1e-06, 0.000322, -2e-06, 0.003853, -0.999991, 0.004276, -0.000657, 0.999993, 0.003853, 0.730422, 0.0, 0.0, 0.0, 1.0],
                [0.999999, 0.000658, 1e-06, 0.000323, -1e-06, 0.003852, -0.999991, 0.004318, -0.000658, 0.999993, 0.003852, 0.730537, 0.0, 0.0, 0.0, 1.0],
                [0.999999, 0.000659, 1e-06, 0.000323, -1e-06, 0.003852, -0.999991, 0.004335, -0.000659, 0.999993, 0.003852, 0.730631, 0.0, 0.0, 0.0, 1.0],
                [1.0, 0.00066, 1e-06, 0.000323, -1e-06, 0.003852, -0.999991, 0.004328, -0.00066, 0.999993, 0.003852, 0.730702, 0.0, 0.0, 0.0, 1.0],
                [1.0, 0.00066, 1e-06, 0.000324, -2e-06, 0.003852, -0.999991, 0.004298, -0.00066, 0.999993, 0.003852, 0.73075, 0.0, 0.0, 0.0, 1.0],
                [0.999999, 0.000661, 1e-06, 0.000324, -1e-06, 0.003852, -0.999991, 0.004245, -0.000661, 0.999993, 0.003852, 0.730776, 0.0, 0.0, 0.0, 1.0],
                [1.0, 0.000662, 1e-06, 0.000324, -1e-06, 0.003852, -0.999991, 0.004171, -0.000662, 0.999993, 0.003852, 0.730778, 0.0, 0.0, 0.0, 1.0],
                [1.0, 0.000663, 1e-06, 0.000325, -1e-06, 0.003851, -0.999991, 0.004076, -0.000663, 0.999993, 0.003851, 0.730758, 0.0, 0.0, 0.0, 1.0],
                [1.0, 0.000663, 1e-06, 0.000325, -2e-06, 0.003851, -0.999991, 0.003961, -0.000663, 0.999993, 0.003851, 0.730715, 0.0, 0.0, 0.0, 1.0],
                [0.999999, 0.000662, 1e-06, 0.000325, -2e-06, 0.003852, -0.999991, 0.003827, -0.000662, 0.999993, 0.003852, 0.730648, 0.0, 0.0, 0.0, 1.0],
                [1.0, 0.000662, 1e-06, 0.000324, -1e-06, 0.003852, -0.999991, 0.003675, -0.000662, 0.999993, 0.003852, 0.730558, 0.0, 0.0, 0.0, 1.0],
                [0.999999, 0.000661, 1e-06, 0.000324, -1e-06, 0.003852, -0.999991, 0.003507, -0.000661, 0.999993, 0.003852, 0.730444, 0.0, 0.0, 0.0, 1.0],
                [1.0, 0.00066, 1e-06, 0.000323, -1e-06, 0.003852, -0.999991, 0.003321, -0.00066, 0.999993, 0.003852, 0.730307, 0.0, 0.0, 0.0, 1.0],
                [1.0, 0.000659, 1e-06, 0.000323, -1e-06, 0.003852, -0.999991, 0.00312, -0.000659, 0.999993, 0.003852, 0.730145, 0.0, 0.0, 0.0, 1.0],
                [1.0, 0.000658, 2e-06, 0.000323, -1e-06, 0.003852, -0.999991, 0.002904, -0.000658, 0.999993, 0.003852, 0.72996, 0.0, 0.0, 0.0, 1.0],
                [1.0, 0.000657, 1e-06, 0.000322, -1e-06, 0.003852, -0.999991, 0.002675, -0.000657, 0.999993, 0.003852, 0.72975, 0.0, 0.0, 0.0, 1.0],
                [1.0, 0.000656, 1e-06, 0.000322, -1e-06, 0.003853, -0.999991, 0.002432, -0.000656, 0.999993, 0.003853, 0.729516, 0.0, 0.0, 0.0, 1.0],
                [1.0, 0.000655, 1e-06, 0.000321, -1e-06, 0.003853, -0.999991, 0.002178, -0.000655, 0.999993, 0.003853, 0.729258, 0.0, 0.0, 0.0, 1.0],
                [1.0, 0.000654, 2e-06, 0.000321, -1e-06, 0.003853, -0.999991, 0.00191, -0.000654, 0.999993, 0.003853, 0.728973, 0.0, 0.0, 0.0, 1.0],
                [1.0, 0.000653, 1e-06, 0.00032, -1e-06, 0.003853, -0.999991, 0.001635, -0.000653, 0.999993, 0.003853, 0.728667, 0.0, 0.0, 0.0, 1.0],
                [0.999999, 0.000652, 1e-06, 0.00032, -1e-06, 0.003853, -0.999991, 0.001349, -0.000652, 0.999993, 0.003853, 0.728335, 0.0, 0.0, 0.0, 1.0],
                [1.0, 0.000651, 1e-06, 0.000319, -1e-06, 0.003853, -0.999991, 0.001304, -0.000651, 0.999993, 0.003853, 0.728141, 0.0, 0.0, 0.0, 1.0],
                [1.0, 0.000649, 1e-06, 0.000319, -1e-06, 0.003854, -0.999991, 0.001275, -0.000649, 0.999993, 0.003854, 0.727933, 0.0, 0.0, 0.0, 1.0],
                [0.999999, 0.000648, 1e-06, 0.000318, -1e-06, 0.003854, -0.999991, 0.001261, -0.000648, 0.999993, 0.003854, 0.727711, 0.0, 0.0, 0.0, 1.0],
                [1.0, 0.000647, 1e-06, 0.000317, -1e-06, 0.003854, -0.999991, 0.001261, -0.000647, 0.999993, 0.003854, 0.727477, 0.0, 0.0, 0.0, 1.0],
                [1.0, 0.000646, 1e-06, 0.000317, -1e-06, 0.003854, -0.999991, 0.001274, -0.000646, 0.999993, 0.003854, 0.727232, 0.0, 0.0, 0.0, 1.0],
                [1.0, 0.000645, 2e-06, 0.000316, -1e-06, 0.003855, -0.999991, 0.001298, -0.000645, 0.999993, 0.003855, 0.726979, 0.0, 0.0, 0.0, 1.0],
                [1.0, 0.000643, 1e-06, 0.000316, -1e-06, 0.003855, -0.999991, 0.001331, -0.000643, 0.999993, 0.003855, 0.726718, 0.0, 0.0, 0.0, 1.0],
                [1.0, 0.000632, 1e-06, 0.000309, -1e-06, 0.003856, -0.999991, 0.001838, -0.000632, 0.999993, 0.003856, 0.723106, 0.0, 0.0, 0.0, 1.0]
            ]
        },
        {
            "name": "Thigh_R",
            "time": [0.0, 0.5, 0.5333, 0.5667, 0.6, 0.6333, 0.6667, 0.7, 0.7333, 0.7667, 0.8, 0.8333, 0.8667, 0.9, 0.9333, 0.9667, 1.0, 1.0333, 1.0667, 1.1, 1.1333, 1.1667, 1.2, 1.2333, 1.2667, 1.3, 1.3333, 1.3667, 1.4, 1.4333, 1.4667, 1.5, 1.5333, 1.5667, 1.6, 1.6333, 1.6667, 1.7, 1.7333, 1.7667, 1.8, 1.8333, 1.8667, 1.9, 1.9333, 1.9667, 2.0, 2.0333, 2.0667, 2.1, 2.1333, 2.1667, 2.2, 2.2333, 2.2667, 2.3, 2.3333, 2.3667, 2.4, 2.4333, 2.4667, 2.5, 2.5333, 2.5667, 2.6, 2.6333, 2.6667, 2.7, 3.0333],
            "transform": [
                [0.812085, 0.313262, 0.492327, 0.098141, 0.240077, -0.948336, 0.207415, -0.003908, 0.531868, -0.050242, -0.845335, 0.032119, 0.0, 0.0, 0.0, 1.0],
                [0.816811, 0.318978, 0.480704, 0.100054, 0.245253, -0.946187, 0.21113, -0.000949, 0.522185, -0.054558, -0.851086, 0.025823, 0.0, 0.0, 0.0, 1.0],
                [0.817056, 0.318705, 0.480468, 0.100064, 0.245095, -0.946279, 0.2109, -0.000949, 0.521875, -0.054556, -0.851277, 0.025786, 0.0, 0.0, 0.0, 1.0],
                [0.817289, 0.31842, 0.480261, 0.100073, 0.244961, -0.946379, 0.210606, -0.000949, 0.521573, -0.05448, -0.851466, 0.02575, 0.0, 0.0, 0.0, 1.0],
                [0.817508, 0.318123, 0.480085, 0.100082, 0.244854, -0.946489, 0.210239, -0.000949, 0.52128, -0.054321, -0.851657, 0.025717, 0.0, 0.0, 0.0, 1.0],
                [0.817712, 0.317813, 0.479943, 0.10009, 0.244776, -0.946608, 0.209797, -0.000947, 0.520997, -0.054074, -0.851845, 0.025685, 0.0, 0.0, 0.0, 1.0],
                [0.817899, 0.317487, 0.47984, 0.100097, 0.244727, -0.946736, 0.209273, -0.000945, 0.520725, -0.053734, -0.852032, 0.025656, 0.0, 0.0, 0.0, 1.0],
                [0.818068, 0.317146, 0.479778, 0.100104, 0.24471, -0.946875, 0.208662, -0.000942, 0.520469, -0.053292, -0.852217, 0.025629, 0.0, 0.0, 0.0, 1.0],
                [0.818216, 0.316789, 0.47976, 0.10011, 0.244727, -0.947026, 0.207959, -0.000938, 0.520226, -0.052745, -0.852399, 0.025604, 0.0, 0.0, 0.0, 1.0],
                [0.818345, 0.316414, 0.479789, 0.100116, 0.244778, -0.947187, 0.20716, -0.000934, 0.520001, -0.052085, -0.852577, 0.025583, 0.0, 0.0, 0.0, 1.0],
                [0.818127, 0.315995, 0.480437, 0.100104, 0.244765, -0.947375, 0.206314, -0.000935, 0.520351, -0.051196, -0.852417, 0.02563, 0.0, 0.0, 0.0, 1.0],
                [0.817885, 0.315551, 0.481139, 0.100091, 0.244782, -0.947578, 0.205364, -0.000935, 0.520722, -0.050189, -0.852251, 0.025681, 0.0, 0.0, 0.0, 1.0],
                [0.817623, 0.31508, 0.481894, 0.100077, 0.244833, -0.947793, 0.204305, -0.000935, 0.521111, -0.04906, -0.852079, 0.025734, 0.0, 0.0, 0.0, 1.0],
                [0.817338, 0.314581, 0.482701, 0.100063, 0.244918, -0.948023, 0.203131, -0.000935, 0.521516, -0.047804, -0.851902, 0.025791, 0.0, 0.0, 0.0, 1.0],
                [0.817034, 0.31405, 0.483562, 0.100047, 0.24504, -0.948268, 0.201838, -0.000935, 0.521936, -0.046416, -0.851722, 0.02585, 0.0, 0.0, 0.0, 1.0],
                [0.816711, 0.313507, 0.484458, 0.100031, 0.245182, -0.948518, 0.200486, -0.000935, 0.522374, -0.044959, -0.851532, 0.025912, 0.0, 0.0, 0.0, 1.0],
                [0.816375, 0.312965, 0.485374, 0.100015, 0.245324, -0.948765, 0.19914, -0.000935, 0.522833, -0.043498, -0.851326, 0.025976, 0.0, 0.0, 0.0, 1.0],
                [0.816026, 0.312427, 0.486308, 0.099998, 0.245466, -0.949008, 0.1978, -0.000934, 0.523311, -0.042037, -0.851105, 0.026042, 0.0, 0.0, 0.0, 1.0],
                [0.815664, 0.311892, 0.487257, 0.09998, 0.245609, -0.949248, 0.19647, -0.000934, 0.523808, -0.040579, -0.850871, 0.02611, 0.0, 0.0, 0.0, 1.0],
                [0.815292, 0.31136, 0.488218, 0.099962, 0.24575, -0.949484, 0.19515, -0.000933, 0.524319, -0.039124, -0.850624, 0.026179, 0.0, 0.0, 0.0, 1.0],
                [0.814911, 0.310833, 0.489189, 0.099943, 0.24589, -0.949716, 0.193843, -0.000933, 0.524845, -0.037678, -0.850364, 0.026251, 0.0, 0.0, 0.0, 1.0],
                [0.814523, 0.310308, 0.490168, 0.099924, 0.246029, -0.949941, 0.192551, -0.000932, 0.525384, -0.036241, -0.850094, 0.026323, 0.0, 0.0, 0.0, 1.0],
                [0.814127, 0.309789, 0.491153, 0.099905, 0.246164, -0.950165, 0.191274, -0.000931, 0.525933, -0.034816, -0.849814, 0.026396, 0.0, 0.0, 0.0, 1.0],
                [0.813727, 0.309274, 0.49214, 0.099885, 0.246297, -0.950383, 0.190015, -0.00093, 0.526491, -0.033407, -0.849525, 0.02647, 0.0, 0.0, 0.0, 1.0],
                [0.813322, 0.308765, 0.493128, 0.099865, 0.246426, -0.950596, 0.188775, -0.00093, 0.527055, -0.032015, -0.849229, 0.026545, 0.0, 0.0, 0.0, 1.0],
                [0.812914, 0.30826, 0.494114, 0.099845, 0.24655, -0.950806, 0.187556, -0.000929, 0.527626, -0.030642, -0.848925, 0.02662, 0.0, 0.0, 0.0, 1.0],
                [0.812506, 0.307761, 0.495097, 0.099825, 0.24667, -0.951009, 0.18636, -0.000927, 0.528199, -0.029293, -0.848616, 0.026696, 0.0, 0.0, 0.0, 1.0],
                [0.812097, 0.307269, 0.496072, 0.099805, 0.246785, -0.951209, 0.185188, -0.000926, 0.528773, -0.027967, -0.848303, 0.026771, 0.0, 0.0, 0.0, 1.0],
                [0.81169, 0.306783, 0.497039, 0.099785, 0.246893, -0.951403, 0.184043, -0.000925, 0.529348, -0.026669, -0.847986, 0.026846, 0.0, 0.0, 0.0, 1.0],
                [0.811284, 0.306304, 0.497995, 0.099765, 0.246996, -0.951592, 0.182925, -0.000924, 0.529921, -0.025401, -0.847668, 0.026921, 0.0, 0.0, 0.0, 1.0],
                [0.810881, 0.30583, 0.498943, 0.099744, 0.247091, -0.951777, 0.181831, -0.000922, 0.530494, -0.024158, -0.847345, 0.026996, 0.0, 0.0, 0.0, 1.0],
                [0.810488, 0.305369, 0.499863, 0.099725, 0.247178, -0.951954, 0.180781, -0.000921, 0.531054, -0.022965, -0.847028, 0.027069, 0.0, 0.0, 0.0, 1.0],
                [0.810098, 0.304914, 0.500771, 0.099705, 0.247258, -0.952128, 0.179757, -0.000919, 0.531611, -0.021801, -0.846709, 0.027141, 0.0, 0.0, 0.0, 1.0],
                [0.809717, 0.304469, 0.501658, 0.099685, 0.247328, -0.952295, 0.178769, -0.000918, 0.532158, -0.020677, -0.846393, 0.027213, 0.0, 0.0, 0.0, 1.0],
                [0.809345, 0.304032, 0.502523, 0.099666, 0.247389, -0.952458, 0.177817, -0.000916, 0.532696, -0.019596, -0.846081, 0.027282, 0.0, 0.0, 0.0, 1.0],
                [0.808983, 0.303605, 0.503362, 0.099648, 0.247441, -0.952614, 0.176903, -0.000914, 0.533221, -0.018559, -0.845773, 0.027351, 0.0, 0.0, 0.0, 1.0],
                [0.808634, 0.303189, 0.504174, 0.09963, 0.247482, -0.952766, 0.176029, -0.000913, 0.533733, -0.017569, -0.845472, 0.027417, 0.0, 0.0, 0.0, 1.0],
                [0.808297, 0.302784, 0.504956, 0.099612, 0.247511, -0.952912, 0.175197, -0.000911, 0.534227, -0.016628, -0.845178, 0.027481, 0.0, 0.0, 0.0, 1.0],
                [0.807976, 0.302391, 0.505705, 0.099595, 0.24753, -0.953051, 0.174408, -0.000909, 0.534705, -0.01574, -0.844893, 0.027544, 0.0, 0.0, 0.0, 1.0],
                [0.807671, 0.30201, 0.506421, 0.099578, 0.247536, -0.953186, 0.173664, -0.000908, 0.535164, -0.014906, -0.844618, 0.027603, 0.0, 0.0, 0.0, 1.0],
                [0.807382, 0.301641, 0.507099, 0.099562, 0.247529, -0.953314, 0.172968, -0.000906, 0.535601, -0.014129, -0.844354, 0.02766, 0.0, 0.0, 0.0, 1.0],
                [0.807113, 0.301286, 0.507738, 0.099547, 0.247509, -0.953437, 0.172319, -0.000904, 0.536016, -0.01341, -0.844102, 0.027715, 0.0, 0.0, 0.0, 1.0],
                [0.806867, 0.300979, 0.508311, 0.099533, 0.247469, -0.953542, 0.171793, -0.000902, 0.536405, -0.012823, -0.843864, 0.027766, 0.0, 0.0, 0.0, 1.0],
                [0.806648, 0.300754, 0.508792, 0.09952, 0.247401, -0.953618, 0.171468, -0.000901, 0.536765, -0.012438, -0.843641, 0.027814, 0.0, 0.0, 0.0, 1.0],
                [0.806457, 0.300614, 0.509178, 0.099507, 0.247307, -0.953664, 0.171347, -0.000899, 0.537097, -0.01226, -0.843433, 0.027858, 0.0, 0.0, 0.0, 1.0],
                [0.806293, 0.300562, 0.509469, 0.099496, 0.247184, -0.95368, 0.171434, -0.000897, 0.537399, -0.012293, -0.843239, 0.027899, 0.0, 0.0, 0.0, 1.0],
                [0.806155, 0.300601, 0.509663, 0.099485, 0.247035, -0.953666, 0.171735, -0.000895, 0.537674, -0.01254, -0.843061, 0.027936, 0.0, 0.0, 0.0, 1.0],
                [0.806044, 0.300733, 0.50976, 0.099476, 0.246858, -0.953617, 0.172255, -0.000893, 0.537922, -0.013007, -0.842896, 0.027969, 0.0, 0.0, 0.0, 1.0],
                [0.805961, 0.300961, 0.509758, 0.099468, 0.246652, -0.953536, 0.172998, -0.000891, 0.53814, -0.013696, -0.842745, 0.027998, 0.0, 0.0, 0.0, 1.0],
                [0.806269, 0.301251, 0.509099, 0.09948, 0.246428, -0.953428, 0.173909, -0.000893, 0.537782, -0.014761, -0.842955, 0.027956, 0.0, 0.0, 0.0, 1.0],
                [0.806588, 0.301643, 0.50836, 0.099492, 0.246178, -0.953284, 0.175052, -0.000895, 0.537417, -0.016047, -0.843165, 0.027912, 0.0, 0.0, 0.0, 1.0],
                [0.806918, 0.302136, 0.507543, 0.099505, 0.245902, -0.9531, 0.17643, -0.000897, 0.537048, -0.017558, -0.84337, 0.027867, 0.0, 0.0, 0.0, 1.0],
                [0.807256, 0.302731, 0.506651, 0.099518, 0.245601, -0.952879, 0.178042, -0.000898, 0.536678, -0.019291, -0.843568, 0.027819, 0.0, 0.0, 0.0, 1.0],
                [0.807599, 0.303411, 0.505696, 0.099532, 0.245287, -0.952621, 0.179842, -0.000899, 0.536305, -0.021199, -0.843759, 0.02777, 0.0, 0.0, 0.0, 1.0],
                [0.807945, 0.304162, 0.504692, 0.099546, 0.244974, -0.952334, 0.181778, -0.0009, 0.535928, -0.023229, -0.843945, 0.02772, 0.0, 0.0, 0.0, 1.0],
                [0.808289, 0.304967, 0.503654, 0.09956, 0.244673, -0.952024, 0.1838, -0.000901, 0.535545, -0.025333, -0.844128, 0.027668, 0.0, 0.0, 0.0, 1.0],
                [0.80863, 0.305808, 0.502596, 0.099575, 0.244399, -0.951694, 0.185856, -0.0009, 0.535157, -0.027455, -0.844308, 0.027614, 0.0, 0.0, 0.0, 1.0],
                [0.808963, 0.306669, 0.501535, 0.09959, 0.244164, -0.951354, 0.187893, -0.0009, 0.534761, -0.029541, -0.844488, 0.02756, 0.0, 0.0, 0.0, 1.0],
                [0.809286, 0.307542, 0.500477, 0.099606, 0.243982, -0.951008, 0.189872, -0.0009, 0.534354, -0.031553, -0.844672, 0.027504, 0.0, 0.0, 0.0, 1.0],
                [0.809592, 0.308393, 0.499458, 0.099621, 0.243868, -0.95067, 0.191706, -0.0009, 0.533943, -0.033401, -0.844862, 0.027447, 0.0, 0.0, 0.0, 1.0],
                [0.809882, 0.309227, 0.498471, 0.099637, 0.24383, -0.950338, 0.19339, -0.000899, 0.53352, -0.035081, -0.845061, 0.027389, 0.0, 0.0, 0.0, 1.0],
                [0.810156, 0.310038, 0.497521, 0.099653, 0.243865, -0.950018, 0.194916, -0.000898, 0.533088, -0.036584, -0.84527, 0.027331, 0.0, 0.0, 0.0, 1.0],
                [0.810415, 0.310829, 0.496606, 0.09967, 0.243968, -0.949706, 0.1963, -0.000897, 0.532648, -0.037928, -0.845488, 0.027272, 0.0, 0.0, 0.0, 1.0],
                [0.810658, 0.311603, 0.495722, 0.099686, 0.24413, -0.949404, 0.197557, -0.000896, 0.532202, -0.039129, -0.845714, 0.027212, 0.0, 0.0, 0.0, 1.0],
                [0.810889, 0.312362, 0.494866, 0.099702, 0.244347, -0.949109, 0.198702, -0.000895, 0.531751, -0.040205, -0.845947, 0.027152, 0.0, 0.0, 0.0, 1.0],
                [0.811108, 0.313111, 0.494033, 0.099719, 0.244611, -0.948822, 0.199748, -0.000893, 0.531295, -0.041171, -0.846187, 0.027091, 0.0, 0.0, 0.0, 1.0],
                [0.811316, 0.31385, 0.493223, 0.099735, 0.244918, -0.948538, 0.200714, -0.000892, 0.530838, -0.042043, -0.846431, 0.02703, 0.0, 0.0, 0.0, 1.0],
                [0.811513, 0.314584, 0.492429, 0.099752, 0.245258, -0.94826, 0.201612, -0.00089, 0.530377, -0.042838, -0.84668, 0.026969, 0.0, 0.0, 0.0, 1.0],
                [0.812085, 0.313262, 0.492327, 0.098141, 0.240077, -0.948336, 0.207415, -0.003908, 0.531868, -0.050242, -0.845335, 0.032119, 0.0, 0.0, 0.0, 1.0]
            ]
        },
        {
            "name": "Leg_R",
            "time": [0.0, 0.5, 0.5333, 0.5667, 0.6, 0.6333, 0.6667, 0.7, 0.7333, 0.7667, 0.8, 0.8333, 0.8667, 0.9, 0.9333, 0.9667, 1.0, 1.0333, 1.0667, 1.1, 1.1333, 1.1667, 1.2, 1.2333, 1.2667, 1.3, 1.3333, 1.3667, 1.4, 1.4333, 1.4667, 1.5, 1.5333, 1.5667, 1.6, 1.6333, 1.6667, 1.7, 1.7333, 1.7667, 1.8, 1.8333, 1.8667, 1.9, 1.9333, 1.9667, 2.0, 2.0333, 2.0667, 2.1, 2.1333, 2.1667, 2.2, 2.2333, 2.2667, 2.3, 2.3333, 2.3667, 2.4, 2.4333, 2.4667, 2.5, 2.5333, 2.5667, 2.6, 2.6333, 2.6667, 2.7, 3.0333],
            "transform": [
                [0.999999, -0.001666, 0.001023, -0.0, 0.001021, 0.891262, 0.453486, 0.37472, -0.001667, -0.453484, 0.891263, -0.0, 0.0, 0.0, 0.0, 1.0],
                [1.000002, -0.001674, 0.001019, 0.0, 0.001017, 0.887537, 0.460729, 0.37472, -0.001676, -0.460726, 0.887539, 0.0, 0.0, 0.0, 0.0, 1.0],
                [1.000002, -0.001674, 0.001019, -0.0, 0.001017, 0.88763, 0.46055, 0.37472, -0.001675, -0.460547, 0.887632, -0.0, 0.0, 0.0, 0.0, 1.0],
                [1.000003, -0.001674, 0.001019, -0.0, 0.001017, 0.887791, 0.460239, 0.37472, -0.001675, -0.460235, 0.887794, 0.0, 0.0, 0.0, 0.0, 1.0],
                [1.000002, -0.001674, 0.00102, -0.0, 0.001018, 0.888029, 0.45978, 0.37472, -0.001675, -0.459777, 0.888032, 0.0, 0.0, 0.0, 0.0, 1.0],
                [1.000002, -0.001674, 0.00102, 0.0, 0.001019, 0.888348, 0.459164, 0.37472, -0.001675, -0.459161, 0.88835, 0.0, 0.0, 0.0, 0.0, 1.0],
                [1.000002, -0.001673, 0.001021, 0.0, 0.001019, 0.888754, 0.458377, 0.37472, -0.001674, -0.458374, 0.888757, -0.0, 0.0, 0.0, 0.0, 1.0],
                [1.000002, -0.001673, 0.001022, 0.0, 0.00102, 0.889253, 0.457408, 0.37472, -0.001674, -0.457404, 0.889256, 0.0, 0.0, 0.0, 0.0, 1.0],
                [1.000002, -0.001672, 0.001023, 0.0, 0.001021, 0.889852, 0.456243, 0.37472, -0.001673, -0.45624, 0.889854, -0.0, 0.0, 0.0, 0.0, 1.0],
                [1.000002, -0.001671, 0.001025, 0.0, 0.001022, 0.890554, 0.454871, 0.37472, -0.001673, -0.454868, 0.890556, 0.0, 0.0, 0.0, 0.0, 1.0],
                [1.000002, -0.00167, 0.001026, 0.0, 0.001024, 0.891365, 0.453279, 0.37472, -0.001672, -0.453276, 0.891367, -0.0, 0.0, 0.0, 0.0, 1.0],
                [1.000002, -0.001669, 0.001028, 0.0, 0.001026, 0.892292, 0.451452, 0.37472, -0.001671, -0.451449, 0.892294, -0.0, 0.0, 0.0, 0.0, 1.0],
                [1.000003, -0.001669, 0.00103, 0.0, 0.001028, 0.893337, 0.44938, 0.37472, -0.00167, -0.449376, 0.89334, 0.0, 0.0, 0.0, 0.0, 1.0],
                [1.000002, -0.001668, 0.001032, -0.0, 0.00103, 0.894507, 0.447048, 0.37472, -0.001669, -0.447045, 0.894509, 0.0, 0.0, 0.0, 0.0, 1.0],
                [1.000002, -0.001666, 0.001034, -0.0, 0.001032, 0.895802, 0.444445, 0.37472, -0.001667, -0.444442, 0.895805, 0.0, 0.0, 0.0, 0.0, 1.0],
                [1.000001, -0.001665, 0.001037, 0.0, 0.001036, 0.897231, 0.441554, 0.37472, -0.001666, -0.441551, 0.897233, 0.0, 0.0, 0.0, 0.0, 1.0],
                [1.000002, -0.001663, 0.001041, -0.0, 0.001038, 0.89872, 0.438515, 0.37472, -0.001664, -0.438512, 0.898722, -0.0, 0.0, 0.0, 0.0, 1.0],
                [1.000002, -0.001661, 0.001043, 0.0, 0.001041, 0.900196, 0.435478, 0.37472, -0.001662, -0.435475, 0.900198, 0.0, 0.0, 0.0, 0.0, 1.0],
                [1.000002, -0.00166, 0.001046, 0.0, 0.001044, 0.901656, 0.432446, 0.37472, -0.001661, -0.432443, 0.901659, 0.0, 0.0, 0.0, 0.0, 1.0],
                [1.000002, -0.001658, 0.001049, -0.0, 0.001047, 0.903099, 0.429425, 0.37472, -0.001659, -0.429422, 0.903101, 0.0, 0.0, 0.0, 0.0, 1.0],
                [1.000001, -0.001657, 0.001052, 0.0, 0.00105, 0.904522, 0.426419, 0.37472, -0.001658, -0.426417, 0.904524, 0.0, 0.0, 0.0, 0.0, 1.0],
                [1.000002, -0.001655, 0.001055, -0.0, 0.001053, 0.905922, 0.423437, 0.37472, -0.001656, -0.423434, 0.905924, 0.0, 0.0, 0.0, 0.0, 1.0],
                [1.000002, -0.001653, 0.001057, 0.0, 0.001055, 0.907299, 0.420479, 0.37472, -0.001655, -0.420476, 0.907301, -0.0, 0.0, 0.0, 0.0, 1.0],
                [1.000002, -0.001652, 0.00106, 0.0, 0.001058, 0.908649, 0.417553, 0.37472, -0.001653, -0.41755, 0.908651, 0.0, 0.0, 0.0, 0.0, 1.0],
                [1.000002, -0.00165, 0.001063, -0.0, 0.001061, 0.909971, 0.414663, 0.37472, -0.001652, -0.41466, 0.909974, -0.0, 0.0, 0.0, 0.0, 1.0],
                [1.000002, -0.001649, 0.001066, -0.0, 0.001063, 0.911263, 0.411816, 0.37472, -0.00165, -0.411813, 0.911266, 0.0, 0.0, 0.0, 0.0, 1.0],
                [1.000002, -0.001647, 0.001068, -0.0, 0.001066, 0.912523, 0.409016, 0.37472, -0.001649, -0.409012, 0.912526, 0.0, 0.0, 0.0, 0.0, 1.0],
                [1.000002, -0.001646, 0.001071, 0.0, 0.001069, 0.913751, 0.406266, 0.37472, -0.001647, -0.406263, 0.913754, 0.0, 0.0, 0.0, 0.0, 1.0],
                [1.000002, -0.001645, 0.001074, -0.0, 0.001072, 0.914943, 0.403575, 0.37472, -0.001646, -0.403572, 0.914945, 0.0, 0.0, 0.0, 0.0, 1.0],
                [1.000002, -0.001643, 0.001076, 0.0, 0.001074, 0.916098, 0.400947, 0.37472, -0.001644, -0.400944, 0.9161, 0.0, 0.0, 0.0, 0.0, 1.0],
                [1.000002, -0.001642, 0.001078, 0.0, 0.001076, 0.917221, 0.398371, 0.37472, -0.001643, -0.398368, 0.917223, 0.0, 0.0, 0.0, 0.0, 1.0],
                [1.000002, -0.00164, 0.00108, 0.0, 0.001079, 0.91829, 0.3959, 0.37472, -0.001642, -0.395898, 0.918292, 0.0, 0.0, 0.0, 0.0, 1.0],
                [1.000002, -0.001639, 0.001083, 0.0, 0.001081, 0.919324, 0.393491, 0.37472, -0.00164, -0.393488, 0.919327, -0.0, 0.0, 0.0, 0.0, 1.0],
                [1.000002, -0.001638, 0.001085, -0.0, 0.001083, 0.920316, 0.391168, 0.37472, -0.001639, -0.391165, 0.920318, -0.0, 0.0, 0.0, 0.0, 1.0],
                [1.000002, -0.001636, 0.001087, 0.0, 0.001085, 0.921262, 0.388934, 0.37472, -0.001638, -0.388931, 0.921264, -0.0, 0.0, 0.0, 0.0, 1.0],
                [1.000002, -0.001636, 0.001089, -0.0, 0.001087, 0.922162, 0.386795, 0.37472, -0.001637, -0.386792, 0.922164, 0.0, 0.0, 0.0, 0.0, 1.0],
                [1.000002, -0.001634, 0.001091, -0.0, 0.001089, 0.923014, 0.384756, 0.37472, -0.001636, -0.384753, 0.923017, 0.0, 0.0, 0.0, 0.0, 1.0],
                [1.000002, -0.001633, 0.001093, -0.0, 0.001091, 0.923818, 0.382823, 0.37472, -0.001635, -0.38282, 0.92382, -0.0, 0.0, 0.0, 0.0, 1.0],
                [1.000002, -0.001632, 0.001094, -0.0, 0.001092, 0.924571, 0.381001, 0.37472, -0.001634, -0.380998, 0.924573, 0.0, 0.0, 0.0, 0.0, 1.0],
                [1.000002, -0.001632, 0.001096, -0.0, 0.001094, 0.92527, 0.379299, 0.37472, -0.001633, -0.379296, 0.925273, 0.0, 0.0, 0.0, 0.0, 1.0],
                [1.000002, -0.00163, 0.001097, 0.0, 0.001095, 0.925905, 0.377747, 0.37472, -0.001632, -0.377744, 0.925907, 0.0, 0.0, 0.0, 0.0, 1.0],
                [1.000002, -0.00163, 0.001099, -0.0, 0.001096, 0.926462, 0.376379, 0.37472, -0.001631, -0.376376, 0.926465, 0.0, 0.0, 0.0, 0.0, 1.0],
                [1.000002, -0.001629, 0.0011, 0.0, 0.001098, 0.926929, 0.375227, 0.37472, -0.001631, -0.375224, 0.926932, 0.0, 0.0, 0.0, 0.0, 1.0],
                [1.000002, -0.001629, 0.0011, -0.0, 0.001099, 0.927294, 0.374324, 0.37472, -0.00163, -0.374321, 0.927297, -0.0, 0.0, 0.0, 0.0, 1.0],
                [1.000001, -0.001628, 0.001101, 0.0, 0.001099, 0.927544, 0.373704, 0.37472, -0.00163, -0.373701, 0.927547, -0.0, 0.0, 0.0, 0.0, 1.0],
                [1.000002, -0.001628, 0.001101, 0.0, 0.001099, 0.927666, 0.3734, 0.37472, -0.001629, -0.373397, 0.927669, 0.0, 0.0, 0.0, 0.0, 1.0],
                [1.000001, -0.001628, 0.001101, -0.0, 0.001099, 0.927649, 0.373444, 0.37472, -0.00163, -0.373442, 0.927652, 0.0, 0.0, 0.0, 0.0, 1.0],
                [1.000002, -0.001629, 0.0011, 0.0, 0.001099, 0.927476, 0.373873, 0.37472, -0.001629, -0.37387, 0.927479, -0.0, 0.0, 0.0, 0.0, 1.0],
                [1.000001, -0.001629, 0.0011, 0.0, 0.001098, 0.927137, 0.374715, 0.37472, -0.00163, -0.374712, 0.927139, -0.0, 0.0, 0.0, 0.0, 1.0],
                [1.000002, -0.00163, 0.001099, 0.0, 0.001096, 0.926531, 0.376208, 0.37472, -0.001631, -0.376204, 0.926534, 0.0, 0.0, 0.0, 0.0, 1.0],
                [1.000001, -0.001631, 0.001097, -0.0, 0.001095, 0.925607, 0.378477, 0.37472, -0.001633, -0.378475, 0.925609, -0.0, 0.0, 0.0, 0.0, 1.0],
                [1.000002, -0.001632, 0.001094, 0.0, 0.001092, 0.924406, 0.3814, 0.37472, -0.001634, -0.381397, 0.924409, 0.0, 0.0, 0.0, 0.0, 1.0],
                [1.000001, -0.001634, 0.001091, -0.0, 0.001089, 0.922977, 0.384848, 0.37472, -0.001636, -0.384845, 0.922979, -0.0, 0.0, 0.0, 0.0, 1.0],
                [1.000002, -0.001636, 0.001088, 0.0, 0.001085, 0.921363, 0.388694, 0.37472, -0.001638, -0.388691, 0.921366, -0.0, 0.0, 0.0, 0.0, 1.0],
                [1.000001, -0.001639, 0.001083, 0.0, 0.001082, 0.919614, 0.392814, 0.37472, -0.00164, -0.392812, 0.919617, 0.0, 0.0, 0.0, 0.0, 1.0],
                [1.000002, -0.001641, 0.001079, -0.0, 0.001077, 0.91778, 0.397082, 0.37472, -0.001642, -0.397079, 0.917782, -0.0, 0.0, 0.0, 0.0, 1.0],
                [1.000002, -0.001643, 0.001075, 0.0, 0.001073, 0.91591, 0.401375, 0.37472, -0.001645, -0.401372, 0.915913, -0.0, 0.0, 0.0, 0.0, 1.0],
                [1.000003, -0.001645, 0.001071, 0.0, 0.001069, 0.914061, 0.405568, 0.37472, -0.001647, -0.405565, 0.914064, 0.0, 0.0, 0.0, 0.0, 1.0],
                [1.000002, -0.001648, 0.001068, -0.0, 0.001066, 0.912278, 0.409565, 0.37472, -0.001649, -0.409562, 0.91228, 0.0, 0.0, 0.0, 0.0, 1.0],
                [1.000002, -0.001649, 0.001064, 0.0, 0.001062, 0.910649, 0.413172, 0.37472, -0.001651, -0.413169, 0.910652, 0.0, 0.0, 0.0, 0.0, 1.0],
                [1.000002, -0.001651, 0.001061, 0.0, 0.001059, 0.909204, 0.416343, 0.37472, -0.001652, -0.41634, 0.909206, -0.0, 0.0, 0.0, 0.0, 1.0],
                [1.000002, -0.001653, 0.001059, 0.0, 0.001057, 0.907898, 0.419183, 0.37472, -0.001654, -0.41918, 0.9079, -0.0, 0.0, 0.0, 0.0, 1.0],
                [1.000002, -0.001654, 0.001056, -0.0, 0.001054, 0.906632, 0.421915, 0.37472, -0.001656, -0.421912, 0.906634, -0.0, 0.0, 0.0, 0.0, 1.0],
                [1.000002, -0.001656, 0.001054, -0.0, 0.001052, 0.905403, 0.424544, 0.37472, -0.001657, -0.42454, 0.905406, 0.0, 0.0, 0.0, 0.0, 1.0],
                [1.000002, -0.001656, 0.001051, -0.0, 0.001049, 0.904209, 0.427082, 0.37472, -0.001658, -0.427079, 0.904212, -0.0, 0.0, 0.0, 0.0, 1.0],
                [1.000002, -0.001658, 0.001049, -0.0, 0.001047, 0.903045, 0.429538, 0.37472, -0.00166, -0.429535, 0.903048, -0.0, 0.0, 0.0, 0.0, 1.0],
                [1.000003, -0.00166, 0.001047, 0.0, 0.001045, 0.901907, 0.431922, 0.37472, -0.001661, -0.431918, 0.90191, 0.0, 0.0, 0.0, 0.0, 1.0],
                [1.000002, -0.001661, 0.001044, -0.0, 0.001043, 0.900794, 0.43424, 0.37472, -0.001661, -0.434236, 0.900796, 0.0, 0.0, 0.0, 0.0, 1.0],
                [0.999999, -0.001666, 0.001023, -0.0, 0.001021, 0.891262, 0.453486, 0.37472, -0.001667, -0.453484, 0.891263, -0.0, 0.0, 0.0, 0.0, 1.0]
            ]
        },
        {
            "name": "Knee_R",
            "time": [0.0, 3.0333],
            "transform": [
                [1.0, 0.0, -0.0, -0.0, -0.0, 1e-06, -1.0, 0.37472, -0.0, 1.0, 1e-06, -0.0, 0.0, 0.0, 0.0, 1.0],
                [1.0, 0.0, -0.0, -0.0, -0.0, 1e-06, -1.0, 0.37472, -0.0, 1.0, 1e-06, -0.0, 0.0, 0.0, 0.0, 1.0]
            ]
        },
        {
            "name": "Thigh_L",
            "time": [0.0, 0.5, 0.5333, 0.5667, 0.6, 0.6333, 0.6667, 0.7, 0.7333, 0.7667, 0.8, 0.8333, 0.8667, 0.9, 0.9333, 0.9667, 1.0, 1.0333, 1.0667, 1.1, 1.1333, 1.1667, 1.2, 1.2333, 1.2667, 1.3, 1.3333, 1.3667, 1.4, 1.4333, 1.4667, 1.5, 1.5333, 1.5667, 1.6, 1.6333, 1.6667, 1.7, 1.7333, 1.7667, 1.8, 1.8333, 1.8667, 1.9, 1.9333, 1.9667, 2.0, 2.0333, 2.0667, 2.1, 2.1333, 2.1667, 2.2, 2.2333, 2.2667, 2.3, 2.3333, 2.3667, 2.4, 2.4333, 2.4667, 2.5, 2.5333, 2.5667, 2.6, 2.6333, 2.6667, 2.7, 3.0333],
            "transform": [
                [0.980111, -0.192132, 0.049719, -0.098166, -0.198306, -0.938222, 0.283571, 0.003908, -0.007835, -0.287789, -0.957662, -0.032119, 0.0, 0.0, 0.0, 1.0],
                [0.980954, -0.189787, 0.041393, -0.100079, -0.193671, -0.939144, 0.28372, 0.000949, -0.014972, -0.286332, -0.958013, -0.025823, 0.0, 0.0, 0.0, 1.0],
                [0.980946, -0.189908, 0.041026, -0.100088, -0.193684, -0.939193, 0.28355, 0.000949, -0.015317, -0.286092, -0.958079, -0.025786, 0.0, 0.0, 0.0, 1.0],
                [0.980938, -0.190029, 0.040661, -0.100097, -0.1937, -0.93926, 0.283315, 0.000949, -0.015647, -0.285789, -0.958165, -0.02575, 0.0, 0.0, 0.0, 1.0],
                [0.98093, -0.19015, 0.040299, -0.100106, -0.193718, -0.939349, 0.283009, 0.000949, -0.015959, -0.285417, -0.95827, -0.025717, 0.0, 0.0, 0.0, 1.0],
                [0.980921, -0.190268, 0.039941, -0.100114, -0.193735, -0.93946, 0.282627, 0.000947, -0.016252, -0.284971, -0.958398, -0.025685, 0.0, 0.0, 0.0, 1.0],
                [0.980914, -0.190381, 0.039587, -0.100122, -0.19375, -0.939597, 0.282161, 0.000945, -0.016523, -0.284445, -0.95855, -0.025656, 0.0, 0.0, 0.0, 1.0],
                [0.980907, -0.190488, 0.039238, -0.100129, -0.193763, -0.93976, 0.281611, 0.000942, -0.016769, -0.283836, -0.958726, -0.025629, 0.0, 0.0, 0.0, 1.0],
                [0.980901, -0.190586, 0.038896, -0.100135, -0.193772, -0.939951, 0.280968, 0.000939, -0.016989, -0.283138, -0.958929, -0.025604, 0.0, 0.0, 0.0, 1.0],
                [0.980898, -0.190674, 0.038559, -0.10014, -0.193774, -0.94017, 0.280229, 0.000934, -0.01718, -0.282346, -0.959158, -0.025583, 0.0, 0.0, 0.0, 1.0],
                [0.980899, -0.190608, 0.038872, -0.100128, -0.193813, -0.940393, 0.27945, 0.000934, -0.01671, -0.281644, -0.959373, -0.02563, 0.0, 0.0, 0.0, 1.0],
                [0.9809, -0.190534, 0.039194, -0.100115, -0.193847, -0.940648, 0.27857, 0.000935, -0.016209, -0.280846, -0.959616, -0.025681, 0.0, 0.0, 0.0, 1.0],
                [0.980903, -0.190452, 0.039523, -0.100102, -0.193878, -0.940933, 0.277584, 0.000935, -0.015678, -0.279944, -0.959888, -0.025734, 0.0, 0.0, 0.0, 1.0],
                [0.980906, -0.190363, 0.039855, -0.100087, -0.193902, -0.941252, 0.276486, 0.000935, -0.015118, -0.278933, -0.960191, -0.025791, 0.0, 0.0, 0.0, 1.0],
                [0.980912, -0.190264, 0.040188, -0.100072, -0.193918, -0.941604, 0.275269, 0.000935, -0.014532, -0.277807, -0.960527, -0.02585, 0.0, 0.0, 0.0, 1.0],
                [0.980918, -0.190158, 0.040528, -0.100056, -0.19393, -0.941976, 0.273986, 0.000935, -0.013924, -0.276616, -0.960879, -0.025912, 0.0, 0.0, 0.0, 1.0],
                [0.980926, -0.190044, 0.040885, -0.100039, -0.193937, -0.942352, 0.272687, 0.000935, -0.013294, -0.275413, -0.961234, -0.025976, 0.0, 0.0, 0.0, 1.0],
                [0.980934, -0.189924, 0.041258, -0.100022, -0.193942, -0.942729, 0.271374, 0.000935, -0.012646, -0.2742, -0.961589, -0.026042, 0.0, 0.0, 0.0, 1.0],
                [0.980942, -0.189799, 0.041645, -0.100004, -0.193945, -0.943108, 0.270055, 0.000934, -0.011981, -0.272983, -0.961944, -0.02611, 0.0, 0.0, 0.0, 1.0],
                [0.980949, -0.189669, 0.042044, -0.099986, -0.193945, -0.943487, 0.268728, 0.000934, -0.011301, -0.271762, -0.962298, -0.02618, 0.0, 0.0, 0.0, 1.0],
                [0.980957, -0.189534, 0.042456, -0.099968, -0.193941, -0.943865, 0.267398, 0.000933, -0.010608, -0.270539, -0.96265, -0.026251, 0.0, 0.0, 0.0, 1.0],
                [0.980967, -0.189395, 0.042878, -0.099949, -0.193936, -0.944242, 0.266068, 0.000932, -0.009904, -0.269318, -0.963, -0.026323, 0.0, 0.0, 0.0, 1.0],
                [0.980974, -0.189254, 0.043311, -0.099929, -0.193929, -0.944617, 0.264741, 0.000931, -0.009191, -0.268102, -0.963346, -0.026396, 0.0, 0.0, 0.0, 1.0],
                [0.980983, -0.189109, 0.043752, -0.09991, -0.19392, -0.944988, 0.263418, 0.00093, -0.00847, -0.266892, -0.963689, -0.02647, 0.0, 0.0, 0.0, 1.0],
                [0.980991, -0.188963, 0.0442, -0.09989, -0.193909, -0.945355, 0.262105, 0.000929, -0.007743, -0.265692, -0.964027, -0.026545, 0.0, 0.0, 0.0, 1.0],
                [0.980999, -0.188815, 0.044655, -0.09987, -0.193897, -0.945718, 0.260802, 0.000928, -0.007012, -0.264503, -0.964359, -0.02662, 0.0, 0.0, 0.0, 1.0],
                [0.981007, -0.188667, 0.045114, -0.09985, -0.193885, -0.946074, 0.259515, 0.000927, -0.006281, -0.263331, -0.964685, -0.026696, 0.0, 0.0, 0.0, 1.0],
                [0.981013, -0.188518, 0.045577, -0.099829, -0.193871, -0.946425, 0.258243, 0.000926, -0.005548, -0.262175, -0.965004, -0.026771, 0.0, 0.0, 0.0, 1.0],
                [0.98102, -0.18837, 0.046042, -0.099809, -0.193856, -0.946769, 0.256992, 0.000925, -0.004818, -0.261039, -0.965316, -0.026846, 0.0, 0.0, 0.0, 1.0],
                [0.981027, -0.188222, 0.046509, -0.099789, -0.19384, -0.947104, 0.255764, 0.000924, -0.004092, -0.259926, -0.96562, -0.026921, 0.0, 0.0, 0.0, 1.0],
                [0.981032, -0.188074, 0.046978, -0.099769, -0.193824, -0.947434, 0.254554, 0.000922, -0.003366, -0.25883, -0.965917, -0.026996, 0.0, 0.0, 0.0, 1.0],
                [0.981038, -0.18793, 0.047441, -0.099749, -0.193808, -0.947749, 0.253389, 0.000921, -0.002657, -0.257778, -0.9662, -0.027069, 0.0, 0.0, 0.0, 1.0],
                [0.981043, -0.187787, 0.047904, -0.099729, -0.193792, -0.948057, 0.252248, 0.000919, -0.001953, -0.256749, -0.966476, -0.027142, 0.0, 0.0, 0.0, 1.0],
