{
    "animation": [
        {
            "name": "Root",
            "time": [0.0, 0.0333, 0.0667, 0.1, 0.1333, 0.1667, 0.2, 0.2333, 0.2667, 0.3, 0.3333, 0.3667, 0.4, 0.4333, 0.4667, 0.5, 0.5333, 0.5667, 0.6, 0.6333, 0.6667, 0.7, 0.7333, 0.7667, 0.8, 0.8333, 0.8667, 0.9, 0.9333, 0.9667, 1.0, 1.0333, 1.0667, 1.1, 1.1333, 1.1667, 1.2, 1.2333, 1.2667, 1.3, 1.3333, 1.3667, 1.4, 1.4333, 1.4667, 1.5, 1.5333, 1.5667, 1.6, 1.6333, 1.6667, 1.7, 1.7333, 1.7667, 1.8, 1.8333, 1.8667, 1.9, 1.9333, 1.9667, 2.0, 2.0333, 2.0667, 2.1, 2.1333, 2.1667, 2.2, 2.2333, 2.2667, 2.3, 2.3333, 2.3667, 2.4, 2.4333, 2.4667, 2.5, 2.5333, 2.5667, 2.6, 2.6333, 2.6667, 2.7, 2.7333, 2.7667, 2.8, 2.8333, 2.8667, 2.9, 2.9333, 2.9667, 3.0, 3.0333, 3.0667, 3.1, 3.1333, 3.1667, 3.2, 3.2333, 3.2667, 3.3, 3.3333, 3.3667, 3.4, 3.4333, 3.4667, 3.5, 3.5333, 3.5667, 3.7333, 3.7667, 4.1],
            "transform": [
                [0.999997, 0.002451, 3e-06, -0.032071, -4e-06, 0.003043, -0.999994, 0.036689, -0.002451, 0.999993, 0.003043, 0.421406, 0.0, 0.0, 0.0, 1.0],
                [0.999996, 0.002658, 4e-06, -0.021249, -4e-06, 0.002865, -0.999995, 0.057321, -0.002658, 0.999993, 0.002865, 0.413105, 0.0, 0.0, 0.0, 1.0],
                [0.999996, 0.002836, 4e-06, -0.010314, -4e-06, 0.002689, -0.999995, 0.079449, -0.002836, 0.999993, 0.002689, 0.407561, 0.0, 0.0, 0.0, 1.0],
                [0.999995, 0.002983, 4e-06, 0.000115, -4e-06, 0.002525, -0.999996, 0.101243, -0.002983, 0.999993, 0.002525, 0.402406, 0.0, 0.0, 0.0, 1.0],
                [0.999995, 0.003099, 3e-06, 0.007072, -4e-06, 0.002381, -0.999996, 0.12088, -0.003099, 0.999993, 0.002381, 0.397235, 0.0, 0.0, 0.0, 1.0],
                [0.999995, 0.003185, 4e-06, 0.008265, -4e-06, 0.002265, -0.999996, 0.136529, -0.003185, 0.999993, 0.002265, 0.390344, 0.0, 0.0, 0.0, 1.0],
                [0.999995, 0.003244, 3e-06, 0.004423, -4e-06, 0.002179, -0.999996, 0.148905, -0.003244, 0.999993, 0.002179, 0.381684, 0.0, 0.0, 0.0, 1.0],
                [0.999994, 0.003289, 3e-06, -0.002591, -4e-06, 0.002111, -0.999997, 0.160038, -0.003289, 0.999993, 0.002111, 0.37295, 0.0, 0.0, 0.0, 1.0],
                [0.999994, 0.003321, 3e-06, -0.011675, -4e-06, 0.00206, -0.999997, 0.17008, -0.003321, 0.999993, 0.00206, 0.364207, 0.0, 0.0, 0.0, 1.0],
                [0.999994, 0.003344, 3e-06, -0.022848, -3e-06, 0.002023, -0.999997, 0.179187, -0.003344, 0.999993, 0.002023, 0.355521, 0.0, 0.0, 0.0, 1.0],
                [0.999994, 0.003363, 3e-06, -0.034541, -3e-06, 0.001992, -0.999997, 0.187506, -0.003363, 0.999993, 0.001992, 0.346956, 0.0, 0.0, 0.0, 1.0],
                [0.999994, 0.003381, 3e-06, -0.046402, -4e-06, 0.00196, -0.999997, 0.195192, -0.003381, 0.999993, 0.00196, 0.338578, 0.0, 0.0, 0.0, 1.0],
                [0.999994, 0.003401, 3e-06, -0.058373, -3e-06, 0.001925, -0.999997, 0.202397, -0.003401, 0.999993, 0.001925, 0.33045, 0.0, 0.0, 0.0, 1.0],
                [0.999994, 0.003427, 3e-06, -0.070393, -3e-06, 0.001879, -0.999997, 0.209274, -0.003427, 0.999993, 0.001879, 0.324625, 0.0, 0.0, 0.0, 1.0],
                [0.999994, 0.00346, 3e-06, -0.079526, -3e-06, 0.001816, -0.999997, 0.215974, -0.00346, 0.999993, 0.001816, 0.319273, 0.0, 0.0, 0.0, 1.0],
                [0.999994, 0.003511, 3e-06, -0.088649, -3e-06, 0.001716, -0.999997, 0.22038, -0.003511, 0.999993, 0.001716, 0.316019, 0.0, 0.0, 0.0, 1.0],
                [0.999993, 0.003575, 3e-06, -0.097765, -3e-06, 0.001583, -0.999998, 0.221751, -0.003575, 0.999993, 0.001583, 0.315516, 0.0, 0.0, 0.0, 1.0],
                [0.999993, 0.003633, 2e-06, -0.104754, -3e-06, 0.00144, -0.999998, 0.2223, -0.003633, 0.999993, 0.00144, 0.317209, 0.0, 0.0, 0.0, 1.0],
                [0.999993, 0.003682, 3e-06, -0.111743, -2e-06, 0.001309, -0.999998, 0.224239, -0.003682, 0.999993, 0.001309, 0.320408, 0.0, 0.0, 0.0, 1.0],
                [0.999993, 0.003714, 2e-06, -0.118736, -2e-06, 0.001219, -0.999998, 0.229781, -0.003714, 0.999993, 0.001219, 0.323944, 0.0, 0.0, 0.0, 1.0],
                [0.999993, 0.003739, 2e-06, -0.124475, -2e-06, 0.001141, -0.999998, 0.232422, -0.003739, 0.999993, 0.001141, 0.327736, 0.0, 0.0, 0.0, 1.0],
                [0.999993, 0.003761, 1e-06, -0.128983, -3e-06, 0.001063, -0.999998, 0.230684, -0.003761, 0.999993, 0.001063, 0.331706, 0.0, 0.0, 0.0, 1.0],
                [0.999993, 0.003772, 2e-06, -0.133605, -2e-06, 0.001021, -0.999998, 0.234329, -0.003772, 0.999993, 0.001021, 0.337412, 0.0, 0.0, 0.0, 1.0],
                [0.999993, 0.003764, 2e-06, -0.138441, -2e-06, 0.00105, -0.999998, 0.253114, -0.003764, 0.999993, 0.00105, 0.347156, 0.0, 0.0, 0.0, 1.0],
                [0.999993, 0.003724, 2e-06, -0.143585, -2e-06, 0.001186, -0.999998, 0.296803, -0.003724, 0.999993, 0.001186, 0.366478, 0.0, 0.0, 0.0, 1.0],
                [0.999993, 0.003632, 3e-06, -0.14906, -2e-06, 0.001443, -0.999998, 0.366278, -0.003632, 0.999993, 0.001443, 0.394597, 0.0, 0.0, 0.0, 1.0],
                [0.999994, 0.003467, 3e-06, -0.154811, -4e-06, 0.001804, -0.999997, 0.452972, -0.003467, 0.999993, 0.001804, 0.429269, 0.0, 0.0, 0.0, 1.0],
                [0.999995, 0.003206, 3e-06, -0.16078, -4e-06, 0.002235, -0.999996, 0.552464, -0.003206, 0.999993, 0.002235, 0.469173, 0.0, 0.0, 0.0, 1.0],
                [0.999996, 0.002861, 4e-06, -0.167309, -4e-06, 0.002662, -0.999995, 0.66031, -0.002861, 0.999993, 0.002662, 0.5087, 0.0, 0.0, 0.0, 1.0],
                [0.999997, 0.002493, 3e-06, -0.175776, -4e-06, 0.00301, -0.999994, 0.772064, -0.002493, 0.999993, 0.00301, 0.546987, 0.0, 0.0, 0.0, 1.0],
                [0.999997, 0.002154, 3e-06, -0.185884, -4e-06, 0.003261, -0.999993, 0.883289, -0.002154, 0.999993, 0.003261, 0.579738, 0.0, 0.0, 0.0, 1.0],
                [0.999998, 0.001836, 3e-06, -0.205594, -3e-06, 0.00345, -0.999993, 1.012933, -0.001836, 0.999993, 0.00345, 0.608088, 0.0, 0.0, 0.0, 1.0],
                [0.999999, 0.001441, 3e-06, -0.229767, -3e-06, 0.003633, -0.999992, 1.158262, -0.001441, 0.999993, 0.003633, 0.626314, 0.0, 0.0, 0.0, 1.0],
                [0.999999, 0.000939, 2e-06, -0.243546, -2e-06, 0.003794, -0.999991, 1.282818, -0.000939, 0.999993, 0.003794, 0.624118, 0.0, 0.0, 0.0, 1.0],
                [1.0, 0.000361, 1e-06, -0.245231, -1e-06, 0.003891, -0.999991, 1.372706, -0.000361, 0.999993, 0.003891, 0.598257, 0.0, 0.0, 0.0, 1.0],
                [0.999993, -0.000287, 0.003654, -0.240618, 0.003656, 0.003897, -0.999985, 1.448082, 0.000273, 0.999993, 0.003898, 0.558867, 0.0, 0.0, 0.0, 1.0],
                [0.999994, -0.000853, 0.003274, -0.227032, 0.003277, 0.003814, -0.999986, 1.517515, 0.00084, 0.999993, 0.003816, 0.514172, 0.0, 0.0, 0.0, 1.0],
                [0.999994, -0.001234, 0.00309, -0.200937, 0.003095, 0.003708, -0.999987, 1.590094, 0.001222, 0.999993, 0.003712, 0.469709, 0.0, 0.0, 0.0, 1.0],
                [0.999994, -0.001182, 0.003112, -0.147015, 0.003117, 0.003725, -0.999987, 1.668303, 0.00117, 0.999993, 0.003728, 0.42308, 0.0, 0.0, 0.0, 1.0],
                [0.999994, -0.000947, 0.003224, -0.073503, 0.003228, 0.003792, -0.999986, 1.746772, 0.000935, 0.999993, 0.003795, 0.374621, 0.0, 0.0, 0.0, 1.0],
                [0.999994, -0.001247, 0.003085, -0.010517, 0.00309, 0.003704, -0.999987, 1.822804, 0.001235, 0.999993, 0.003708, 0.335782, 0.0, 0.0, 0.0, 1.0],
                [0.999992, -0.002696, 0.00276, 0.041681, 0.002768, 0.002829, -0.999991, 1.895336, 0.002688, 0.999993, 0.002837, 0.317238, 0.0, 0.0, 0.0, 1.0],
                [0.999989, -0.003629, 0.003002, 0.08375, 0.003008, 0.00145, -0.999993, 1.965363, 0.003624, 0.999993, 0.001461, 0.308679, 0.0, 0.0, 0.0, 1.0],
                [0.999986, -0.003881, 0.003513, 0.08269, 0.003515, 0.00046, -0.999993, 2.033261, 0.003879, 0.999993, 0.000473, 0.302385, 0.0, 0.0, 0.0, 1.0],
                [0.999986, -0.003886, 0.003546, -0.037428, 0.003548, 0.000413, -0.999992, 2.100598, 0.003885, 0.999993, 0.000427, 0.294788, 0.0, 0.0, 0.0, 1.0],
                [0.999986, -0.003877, 0.00349, -0.176001, 0.003492, 0.000492, -0.999993, 2.15729, 0.003875, 0.999993, 0.000506, 0.303345, 0.0, 0.0, 0.0, 1.0],
                [0.999992, -0.003877, 0.0, -0.214541, -2e-06, -0.000489, -0.999999, 2.190941, 0.003877, 0.999993, -0.000489, 0.358468, 0.0, 0.0, 0.0, 1.0],
                [0.999993, -0.003571, 3e-06, -0.209538, -3e-06, -0.001588, -0.999998, 2.215441, 0.003571, 0.999993, -0.001588, 0.413228, 0.0, 0.0, 0.0, 1.0],
                [0.999996, -0.002698, 4e-06, -0.091713, -4e-06, -0.002827, -0.999995, 2.283262, 0.002698, 0.999993, -0.002827, 0.426929, 0.0, 0.0, 0.0, 1.0],
                [0.999996, -0.002711, 4e-06, 0.014197, -4e-06, -0.002815, -0.999995, 2.211011, 0.002711, 0.999993, -0.002815, 0.377445, 0.0, 0.0, 0.0, 1.0],
                [0.999996, -0.00274, 4e-06, 0.084907, -4e-06, -0.002788, -0.999995, 2.156018, 0.00274, 0.999993, -0.002788, 0.35241, 0.0, 0.0, 0.0, 1.0],
                [0.999996, -0.002686, 4e-06, 0.103207, -4e-06, -0.00284, -0.999995, 2.143198, 0.002686, 0.999993, -0.00284, 0.363879, 0.0, 0.0, 0.0, 1.0],
                [0.999996, -0.002641, 4e-06, 0.107493, -4e-06, -0.002881, -0.999995, 2.140396, 0.002641, 0.999993, -0.002881, 0.377427, 0.0, 0.0, 0.0, 1.0],
                [0.999996, -0.002599, 4e-06, 0.108556, -4e-06, -0.00292, -0.999994, 2.140034, 0.002599, 0.999993, -0.00292, 0.391225, 0.0, 0.0, 0.0, 1.0],
                [0.999997, -0.002563, 3e-06, 0.109017, -5e-06, -0.002951, -0.999994, 2.140657, 0.002563, 0.999993, -0.002951, 0.4033, 0.0, 0.0, 0.0, 1.0],
                [0.999997, -0.00254, 3e-06, 0.109253, -4e-06, -0.002971, -0.999994, 2.140752, 0.00254, 0.999993, -0.002971, 0.409081, 0.0, 0.0, 0.0, 1.0],
                [0.999997, -0.002529, 4e-06, 0.112732, -4e-06, -0.002981, -0.999994, 2.140138, 0.002529, 0.999993, -0.002981, 0.407597, 0.0, 0.0, 0.0, 1.0],
                [0.999997, -0.002523, 3e-06, 0.115959, -4e-06, -0.002986, -0.999994, 2.139642, 0.002523, 0.999993, -0.002986, 0.406126, 0.0, 0.0, 0.0, 1.0],
                [0.999997, -0.002522, 3e-06, 0.118999, -5e-06, -0.002987, -0.999994, 2.139328, 0.002522, 0.999993, -0.002987, 0.401474, 0.0, 0.0, 0.0, 1.0],
                [0.999997, -0.002524, 3e-06, 0.121828, -4e-06, -0.002984, -0.999994, 2.139267, 0.002524, 0.999993, -0.002984, 0.396283, 0.0, 0.0, 0.0, 1.0],
                [0.999997, -0.002528, 3e-06, 0.124448, -4e-06, -0.002981, -0.999994, 2.139506, 0.002528, 0.999993, -0.002981, 0.390577, 0.0, 0.0, 0.0, 1.0],
                [0.999997, -0.002531, 4e-06, 0.126859, -3e-06, -0.002978, -0.999994, 2.140125, 0.002531, 0.999993, -0.002978, 0.384784, 0.0, 0.0, 0.0, 1.0],
                [0.999997, -0.002531, 4e-06, 0.127972, -4e-06, -0.002978, -0.999994, 2.141175, 0.002531, 0.999993, -0.002978, 0.378974, 0.0, 0.0, 0.0, 1.0],
                [0.999997, -0.002526, 3e-06, 0.127702, -4e-06, -0.002983, -0.999994, 2.142732, 0.002526, 0.999993, -0.002983, 0.373213, 0.0, 0.0, 0.0, 1.0],
                [0.999997, -0.002512, 3e-06, 0.126083, -4e-06, -0.002995, -0.999994, 2.144857, 0.002512, 0.999993, -0.002995, 0.367731, 0.0, 0.0, 0.0, 1.0],
                [0.999997, -0.002488, 3e-06, 0.122425, -4e-06, -0.003014, -0.999994, 2.147609, 0.002488, 0.999993, -0.003014, 0.362716, 0.0, 0.0, 0.0, 1.0],
                [0.999997, -0.00245, 3e-06, 0.116501, -4e-06, -0.003045, -0.999994, 2.151062, 0.00245, 0.999993, -0.003045, 0.360855, 0.0, 0.0, 0.0, 1.0],
                [0.999997, -0.002405, 3e-06, 0.107809, -4e-06, -0.003081, -0.999994, 2.155495, 0.002405, 0.999993, -0.003081, 0.358995, 0.0, 0.0, 0.0, 1.0],
                [0.999997, -0.002348, 4e-06, 0.096415, -3e-06, -0.003125, -0.999994, 2.161055, 0.002348, 0.999993, -0.003125, 0.357134, 0.0, 0.0, 0.0, 1.0],
                [0.999997, -0.002281, 4e-06, 0.082439, -4e-06, -0.003174, -0.999994, 2.167561, 0.002281, 0.999993, -0.003174, 0.357155, 0.0, 0.0, 0.0, 1.0],
                [0.999997, -0.002201, 4e-06, 0.066119, -3e-06, -0.00323, -0.999993, 2.174845, 0.002201, 0.999993, -0.00323, 0.357641, 0.0, 0.0, 0.0, 1.0],
                [0.999998, -0.002106, 4e-06, 0.048515, -3e-06, -0.003293, -0.999993, 2.182807, 0.002106, 0.999993, -0.003293, 0.358675, 0.0, 0.0, 0.0, 1.0],
                [0.999998, -0.001997, 4e-06, 0.030591, -3e-06, -0.00336, -0.999993, 2.191103, 0.001997, 0.999993, -0.00336, 0.360299, 0.0, 0.0, 0.0, 1.0],
                [0.999998, -0.001869, 3e-06, 0.011559, -3e-06, -0.003433, -0.999993, 2.199737, 0.001869, 0.999993, -0.003433, 0.362893, 0.0, 0.0, 0.0, 1.0],
                [0.999998, -0.001723, 3e-06, -0.008586, -3e-06, -0.003508, -0.999993, 2.208488, 0.001723, 0.999993, -0.003508, 0.366767, 0.0, 0.0, 0.0, 1.0],
                [0.999999, -0.00156, 2e-06, -0.029844, -3e-06, -0.003584, -0.999992, 2.217177, 0.00156, 0.999993, -0.003584, 0.371946, 0.0, 0.0, 0.0, 1.0],
                [0.999999, -0.001358, 2e-06, -0.05515, -3e-06, -0.003665, -0.999992, 2.227518, 0.001358, 0.999993, -0.003665, 0.380214, 0.0, 0.0, 0.0, 1.0],
                [0.999999, -0.001109, 1e-06, -0.085587, -3e-06, -0.003748, -0.999992, 2.240179, 0.001109, 0.999993, -0.003748, 0.393385, 0.0, 0.0, 0.0, 1.0],
                [0.999999, -0.000831, 2e-06, -0.117307, -2e-06, -0.003819, -0.999992, 2.253479, 0.000831, 0.999993, -0.003819, 0.407803, 0.0, 0.0, 0.0, 1.0],
                [1.0, -0.000541, 1e-06, -0.146587, -1e-06, -0.003871, -0.999991, 2.265726, 0.000541, 0.999993, -0.003871, 0.421957, 0.0, 0.0, 0.0, 1.0],
                [1.0, -0.000259, 0.0, -0.168836, -1e-06, -0.0039, -0.999991, 2.27523, 0.000259, 0.999993, -0.0039, 0.4352, 0.0, 0.0, 0.0, 1.0],
                [0.999998, -1.3e-05, -0.001902, -0.178741, -0.001902, -0.003911, -0.999989, 2.280302, 5e-06, 0.999993, -0.003911, 0.443078, 0.0, 0.0, 0.0, 1.0],
                [0.999993, 0.000223, -0.003698, -0.176325, -0.003697, -0.003902, -0.999984, 2.281003, -0.000237, 0.999993, -0.003902, 0.444028, 0.0, 0.0, 0.0, 1.0],
                [0.999994, 0.000472, -0.003507, -0.163549, -0.003505, -0.00388, -0.999985, 2.278917, -0.000485, 0.999993, -0.003878, 0.440381, 0.0, 0.0, 0.0, 1.0],
                [0.999994, 0.000713, -0.003351, -0.143362, -0.003348, -0.003843, -0.999986, 2.27462, -0.000726, 0.999993, -0.00384, 0.435086, 0.0, 0.0, 0.0, 1.0],
                [0.999994, 0.000933, -0.00323, -0.121058, -0.003226, -0.003795, -0.999986, 2.268694, -0.000945, 0.999993, -0.003792, 0.430328, 0.0, 0.0, 0.0, 1.0],
                [0.999994, 0.001114, -0.003143, -0.098465, -0.003139, -0.003746, -0.999987, 2.261662, -0.001126, 0.999993, -0.003743, 0.426111, 0.0, 0.0, 0.0, 1.0],
                [0.999994, 0.001244, -0.003088, -0.077127, -0.003083, -0.003705, -0.999987, 2.25423, -0.001255, 0.999993, -0.003702, 0.426353, 0.0, 0.0, 0.0, 1.0],
                [0.999994, 0.001312, -0.003059, -0.061053, -0.003054, -0.003682, -0.999987, 2.246845, -0.001323, 0.999993, -0.003678, 0.433041, 0.0, 0.0, 0.0, 1.0],
                [0.999994, 0.001318, -0.003057, -0.048519, -0.003052, -0.00368, -0.999987, 2.239263, -0.001329, 0.999993, -0.003676, 0.446113, 0.0, 0.0, 0.0, 1.0],
                [0.999994, 0.001278, -0.003073, -0.03652, -0.003068, -0.003694, -0.999987, 2.230935, -0.00129, 0.999993, -0.00369, 0.464117, 0.0, 0.0, 0.0, 1.0],
                [0.999994, 0.0012, -0.003106, -0.025277, -0.003101, -0.00372, -0.999987, 2.222029, -0.001212, 0.999993, -0.003716, 0.483677, 0.0, 0.0, 0.0, 1.0],
                [0.999994, 0.0011, -0.00315, -0.014711, -0.003146, -0.003751, -0.999987, 2.212716, -0.001112, 0.999993, -0.003747, 0.506657, 0.0, 0.0, 0.0, 1.0],
                [0.999994, 0.000981, -0.003208, -0.00474, -0.003204, -0.003785, -0.999987, 2.20315, -0.000993, 0.999993, -0.003782, 0.529573, 0.0, 0.0, 0.0, 1.0],
                [0.999994, 0.000854, -0.003273, 0.004726, -0.00327, -0.003816, -0.999986, 2.193505, -0.000867, 0.999993, -0.003813, 0.552363, 0.0, 0.0, 0.0, 1.0],
                [0.999994, 0.000729, -0.003342, 0.011931, -0.003339, -0.00384, -0.999986, 2.183942, -0.000742, 0.999993, -0.003838, 0.574962, 0.0, 0.0, 0.0, 1.0],
                [0.999994, 0.000615, -0.003411, 0.019137, -0.003409, -0.00386, -0.999986, 2.174624, -0.000629, 0.999993, -0.003858, 0.595433, 0.0, 0.0, 0.0, 1.0],
                [0.999994, 0.000517, -0.003476, 0.023655, -0.003474, -0.003874, -0.999985, 2.165706, -0.000531, 0.999993, -0.003872, 0.612672, 0.0, 0.0, 0.0, 1.0],
                [0.999994, 0.000443, -0.00353, 0.02772, -0.003528, -0.003884, -0.999985, 2.156552, -0.000456, 0.999993, -0.003883, 0.627502, 0.0, 0.0, 0.0, 1.0],
                [0.999993, 0.000368, -0.003585, 0.029393, -0.003584, -0.003892, -0.999985, 2.146714, -0.000381, 0.999993, -0.003891, 0.640585, 0.0, 0.0, 0.0, 1.0],
                [0.999993, 0.000296, -0.003641, 0.029612, -0.00364, -0.003898, -0.999985, 2.136648, -0.00031, 0.999993, -0.003897, 0.652475, 0.0, 0.0, 0.0, 1.0],
                [0.999993, 0.000228, -0.0037, 0.028778, -0.003699, -0.003904, -0.999984, 2.126855, -0.000242, 0.999993, -0.003903, 0.663053, 0.0, 0.0, 0.0, 1.0],
                [0.999993, 0.000159, -0.003758, 0.027142, -0.003757, -0.003907, -0.999984, 2.117795, -0.000174, 0.999993, -0.003907, 0.672543, 0.0, 0.0, 0.0, 1.0],
                [0.999992, 9.1e-05, -0.003816, 0.025367, -0.003816, -0.003908, -0.999984, 2.109937, -0.000106, 0.999993, -0.003908, 0.681196, 0.0, 0.0, 0.0, 1.0],
                [0.999996, 2.5e-05, -0.002565, 0.023484, -0.002565, -0.003909, -0.999988, 2.103772, -3.5e-05, 0.999993, -0.003909, 0.689016, 0.0, 0.0, 0.0, 1.0],
                [1.0, -4e-05, 0.0, 0.021524, -0.0, -0.003909, -0.999991, 2.099768, 4e-05, 0.999993, -0.003909, 0.696234, 0.0, 0.0, 0.0, 1.0],
                [1.0, -0.000119, -0.0, 0.019512, -1e-06, -0.003907, -0.999991, 2.098505, 0.000119, 0.999993, -0.003907, 0.702891, 0.0, 0.0, 0.0, 1.0],
                [1.0, -0.000209, 0.0, 0.016786, -0.0, -0.003905, -0.999991, 2.099795, 0.000209, 0.999993, -0.003905, 0.708655, 0.0, 0.0, 0.0, 1.0],
                [0.999814, -0.000648, -0.01927, 0.001373, -0.019272, -0.003855, -0.999806, 2.119726, 0.000574, 0.999993, -0.003866, 0.724754, 0.0, 0.0, 0.0, 1.0],
                [1.0, 0.000632, 1e-06, 0.000309, -1e-06, 0.003856, -0.999991, 2.119726, -0.000632, 0.999993, 0.003856, 0.723106, 0.0, 0.0, 0.0, 1.0],
                [1.0, 0.000632, 1e-06, 0.000309, -1e-06, 0.003856, -0.999991, 2.119726, -0.000632, 0.999993, 0.003856, 0.723106, 0.0, 0.0, 0.0, 1.0]
            ]
        },
        {
            "name": "Thigh_R",
            "time": [0.0, 0.0333, 0.0667, 0.1, 0.1333, 0.1667, 0.2, 0.2333, 0.2667, 0.3, 0.3333, 0.3667, 0.4, 0.4333, 0.4667, 0.5, 0.5333, 0.5667, 0.6, 0.6333, 0.6667, 0.7, 0.7333, 0.7667, 0.8, 0.8333, 0.8667, 0.9, 0.9333, 0.9667, 1.0, 1.0333, 1.0667, 1.1, 1.1333, 1.1667, 1.2, 1.2333, 1.2667, 1.3, 1.3333, 1.3667, 1.4, 1.4333, 1.4667, 1.5, 1.5333, 1.5667, 1.6, 1.6333, 1.6667, 1.7, 1.7333, 1.7667, 1.8, 1.8333, 1.8667, 1.9, 1.9333, 1.9667, 2.0, 2.0333, 2.0667, 2.1, 2.1333, 2.1667, 2.2, 2.2333, 2.2667, 2.3, 2.3333, 2.3667, 2.4, 2.4333, 2.4667, 2.5, 2.5333, 2.5667, 2.6, 2.6333, 2.6667, 2.7, 2.7333, 2.7667, 2.8, 2.8333, 2.8667, 2.9, 2.9333, 2.9667, 3.0, 3.0333, 3.0667, 3.1, 3.1333, 3.1667, 3.2, 3.2333, 3.2667, 3.3, 3.3333, 3.3667, 3.4, 3.4333, 3.4667, 3.5, 3.5333, 3.5667, 3.7333, 3.7667, 4.1],
            "transform": [
                [-0.21823, 0.881959, 0.417763, 0.018232, 0.157775, -0.390565, 0.906953, 0.053176, 0.96306, 0.263837, -0.053919, 0.086721, 0.0, 0.0, 0.0, 1.0],
                [-0.223142, 0.890202, 0.397177, 0.006027, 0.175764, -0.36403, 0.914651, 0.046903, 0.958809, 0.273908, -0.075235, 0.091895, 0.0, 0.0, 0.0, 1.0],
                [-0.220225, 0.896331, 0.384829, -0.006099, 0.205941, -0.342899, 0.916518, 0.039021, 0.953462, 0.281094, -0.109077, 0.095506, 0.0, 0.0, 0.0, 1.0],
                [-0.2145, 0.901185, 0.376642, -0.01727, 0.2404, -0.325044, 0.914632, 0.030618, 0.946677, 0.286734, -0.146923, 0.097189, 0.0, 0.0, 0.0, 1.0],
                [-0.214956, 0.904625, 0.368037, -0.02697, 0.272988, -0.30617, 0.911995, 0.023203, 0.937696, 0.296509, -0.181138, 0.097036, 0.0, 0.0, 0.0, 1.0],
                [-0.226149, 0.90811, 0.352415, -0.034361, 0.294983, -0.280955, 0.913262, 0.018004, 0.928355, 0.31049, -0.204338, 0.095797, 0.0, 0.0, 0.0, 1.0],
                [-0.243367, 0.911873, 0.330549, -0.039679, 0.307777, -0.250582, 0.917867, 0.014845, 0.919808, 0.325115, -0.21967, 0.094272, 0.0, 0.0, 0.0, 1.0],
                [-0.251762, 0.916662, 0.310402, -0.043352, 0.321497, -0.223303, 0.920203, 0.012821, 0.912829, 0.331466, -0.238484, 0.092943, 0.0, 0.0, 0.0, 1.0],
                [-0.260333, 0.921338, 0.288735, -0.046141, 0.332936, -0.195043, 0.922556, 0.011502, 0.9063, 0.336304, -0.25597, 0.091766, 0.0, 0.0, 0.0, 1.0],
                [-0.269547, 0.925069, 0.267575, -0.048178, 0.341272, -0.168063, 0.924816, 0.010773, 0.900486, 0.340599, -0.270398, 0.090802, 0.0, 0.0, 0.0, 1.0],
                [-0.281437, 0.926551, 0.249596, -0.049796, 0.345214, -0.144932, 0.927264, 0.010452, 0.895332, 0.347132, -0.279069, 0.089963, 0.0, 0.0, 0.0, 1.0],
                [-0.299148, 0.92643, 0.228557, -0.051332, 0.344714, -0.118426, 0.931206, 0.010295, 0.889767, 0.357356, -0.283926, 0.089114, 0.0, 0.0, 0.0, 1.0],
                [-0.321831, 0.92371, 0.20782, -0.05311, 0.33741, -0.093194, 0.936732, 0.010179, 0.884636, 0.371591, -0.281675, 0.08808, 0.0, 0.0, 0.0, 1.0],
                [-0.350762, 0.91751, 0.187465, -0.055469, 0.323944, -0.068945, 0.943559, 0.010011, 0.878652, 0.391694, -0.273038, 0.086633, 0.0, 0.0, 0.0, 1.0],
                [-0.382319, 0.908505, 0.168678, -0.058563, 0.30396, -0.048737, 0.951436, 0.00975, 0.872608, 0.415023, -0.257515, 0.084604, 0.0, 0.0, 0.0, 1.0],
                [-0.419079, 0.895672, 0.148815, -0.063316, 0.274397, -0.031299, 0.961106, 0.009344, 0.865495, 0.443614, -0.232653, 0.081156, 0.0, 0.0, 0.0, 1.0],
                [-0.454404, 0.881243, 0.13011, -0.069321, 0.238033, -0.020628, 0.971036, 0.008688, 0.858406, 0.472214, -0.200391, 0.07617, 0.0, 0.0, 0.0, 1.0],
                [-0.481804, 0.868416, 0.117135, -0.075214, 0.20539, -0.018034, 0.978512, 0.007686, 0.851871, 0.495509, -0.169675, 0.070475, 0.0, 0.0, 0.0, 1.0],
                [-0.499136, 0.859105, 0.113152, -0.080156, 0.182824, -0.023233, 0.982869, 0.006255, 0.84702, 0.511272, -0.145468, 0.064954, 0.0, 0.0, 0.0, 1.0],
                [-0.500991, 0.856679, 0.122935, -0.083291, 0.180813, -0.035305, 0.982882, 0.004723, 0.846355, 0.514644, -0.137211, 0.061019, 0.0, 0.0, 0.0, 1.0],
                [-0.475483, 0.867746, 0.144691, -0.085778, 0.204668, -0.050845, 0.977508, 0.003594, 0.855587, 0.494403, -0.153424, 0.057553, 0.0, 0.0, 0.0, 1.0],
                [-0.417394, 0.890996, 0.178638, -0.088108, 0.253482, -0.074621, 0.964456, 0.002837, 0.872657, 0.447841, -0.194705, 0.053964, 0.0, 0.0, 0.0, 1.0],
                [-0.335489, 0.914732, 0.225204, -0.089317, 0.325657, -0.111707, 0.938864, 0.001396, 0.883965, 0.38832, -0.260412, 0.051997, 0.0, 0.0, 0.0, 1.0],
                [-0.244615, 0.926641, 0.285488, -0.088503, 0.412604, -0.166969, 0.895476, -0.001984, 0.877452, 0.336842, -0.341491, 0.053352, 0.0, 0.0, 0.0, 1.0],
                [-0.162154, 0.914494, 0.370692, -0.084133, 0.50824, -0.244602, 0.825748, -0.008159, 0.845811, 0.3223, -0.425118, 0.059482, 0.0, 0.0, 0.0, 1.0],
                [-0.10039, 0.865525, 0.490705, -0.074221, 0.595082, -0.343024, 0.72678, -0.017345, 0.797368, 0.364973, -0.480622, 0.069809, 0.0, 0.0, 0.0, 1.0],
                [-0.021267, 0.831666, 0.554872, -0.057501, 0.6537, -0.408359, 0.637117, -0.026648, 0.756452, 0.376271, -0.534975, 0.081645, 0.0, 0.0, 0.0, 1.0],
                [0.082224, 0.782146, 0.61765, -0.034225, 0.700474, -0.486204, 0.522438, -0.031278, 0.708923, 0.389693, -0.587849, 0.09237, 0.0, 0.0, 0.0, 1.0],
                [0.189487, 0.724107, 0.663149, -0.007328, 0.721109, -0.561013, 0.406529, -0.028589, 0.666403, 0.401173, -0.628464, 0.099046, 0.0, 0.0, 0.0, 1.0],
                [0.286564, 0.674131, 0.680757, 0.018822, 0.712956, -0.624701, 0.318499, -0.01865, 0.639977, 0.394081, -0.659642, 0.099892, 0.0, 0.0, 0.0, 1.0],
                [0.373199, 0.662995, 0.648969, 0.040508, 0.686704, -0.667759, 0.287291, -0.004177, 0.623827, 0.338434, -0.704487, 0.094983, 0.0, 0.0, 0.0, 1.0],
                [0.473708, 0.77133, 0.425033, 0.056263, 0.603587, -0.635793, 0.481093, 0.012233, 0.641313, 0.028648, -0.766744, 0.085816, 0.0, 0.0, 0.0, 1.0],
                [0.691686, 0.71512, 0.100873, 0.070739, 0.480726, -0.560137, 0.674648, 0.026801, 0.538957, -0.418153, -0.731214, 0.070406, 0.0, 0.0, 0.0, 1.0],
                [0.926422, 0.353651, -0.129126, 0.086083, 0.305671, -0.506314, 0.806356, 0.034921, 0.21979, -0.786499, -0.57716, 0.045268, 0.0, 0.0, 0.0, 1.0],
                [0.945342, -0.066039, -0.319322, 0.095551, 0.260139, -0.437722, 0.860654, 0.038133, -0.196611, -0.896685, -0.396616, 0.009728, 0.0, 0.0, 0.0, 1.0],
                [0.782027, -0.307675, -0.542004, 0.091769, 0.314643, -0.55579, 0.769478, 0.035801, -0.53799, -0.772294, -0.337834, -0.031233, 0.0, 0.0, 0.0, 1.0],
                [0.534185, -0.426664, -0.729797, 0.074847, 0.352348, -0.67236, 0.650986, 0.024403, -0.768439, -0.60489, -0.20883, -0.066945, 0.0, 0.0, 0.0, 1.0],
                [0.421566, -0.520424, -0.74259, 0.051735, 0.404822, -0.624773, 0.667667, 0.00376, -0.81142, -0.582084, -0.052704, -0.089382, 0.0, 0.0, 0.0, 1.0],
                [0.624826, -0.551539, -0.552629, 0.032397, 0.32116, -0.463596, 0.825793, -0.027274, -0.711653, -0.693461, -0.112534, -0.09427, 0.0, 0.0, 0.0, 1.0],
                [0.889048, -0.389309, -0.240898, 0.007042, 0.126582, -0.296651, 0.946559, -0.050366, -0.439966, -0.872034, -0.214457, -0.08997, 0.0, 0.0, 0.0, 1.0],
                [0.964296, -0.253296, -0.077295, -0.02914, -0.003243, -0.303146, 0.952937, -0.049821, -0.264807, -0.918666, -0.293143, -0.085735, 0.0, 0.0, 0.0, 1.0],
                [0.878832, -0.442009, -0.179678, -0.074062, -0.006274, -0.387255, 0.92195, -0.025344, -0.477091, -0.809115, -0.343104, -0.067494, 0.0, 0.0, 0.0, 1.0],
                [0.530615, -0.769877, -0.354598, -0.100221, -0.030062, -0.43518, 0.89984, 0.007538, -0.847081, -0.46681, -0.254056, -0.024131, 0.0, 0.0, 0.0, 1.0],
                [-0.039199, -0.883654, -0.466496, -0.098492, 0.009467, -0.467164, 0.884118, 0.026158, -0.999189, 0.03024, 0.026678, 0.017278, 0.0, 0.0, 0.0, 1.0],
                [-0.610125, -0.613654, -0.501176, -0.099983, -0.110198, -0.560683, 0.820664, 0.01969, -0.784605, 0.555938, 0.274462, 0.017297, 0.0, 0.0, 0.0, 1.0],
                [-0.939697, -0.161304, -0.301579, -0.100892, -0.212937, -0.414094, 0.884976, 0.01191, -0.267631, 0.895831, 0.354775, 0.019036, 0.0, 0.0, 0.0, 1.0],
                [-0.976054, 0.195743, -0.09488, -0.061476, -0.175516, -0.451026, 0.875082, 0.024031, 0.128498, 0.870785, 0.47458, 0.079534, 0.0, 0.0, 0.0, 1.0],
                [-0.870329, 0.464544, 0.163488, 0.005539, -0.051221, -0.41556, 0.908121, 0.02305, 0.489801, 0.781993, 0.385467, 0.100592, 0.0, 0.0, 0.0, 1.0],
                [-0.403135, 0.821023, 0.404235, -0.000198, 0.276655, -0.311715, 0.909007, 0.008806, 0.872322, 0.478287, -0.101477, 0.102967, 0.0, 0.0, 0.0, 1.0],
                [-0.330507, 0.844195, 0.422021, 3.8e-05, 0.375213, -0.292769, 0.879488, 0.016577, 0.866014, 0.449026, -0.21999, 0.101986, 0.0, 0.0, 0.0, 1.0],
                [-0.244703, 0.902743, 0.353806, 0.002835, 0.413701, -0.232809, 0.880142, 0.022575, 0.876911, 0.361744, -0.316495, 0.100802, 0.0, 0.0, 0.0, 1.0],
                [-0.180437, 0.906343, 0.382083, 0.00703, 0.434024, -0.275226, 0.85783, 0.024369, 0.882648, 0.320618, -0.343713, 0.100188, 0.0, 0.0, 0.0, 1.0],
                [-0.150362, 0.898149, 0.413185, 0.010469, 0.439409, -0.313673, 0.841741, 0.024808, 0.885614, 0.308124, -0.347489, 0.099779, 0.0, 0.0, 0.0, 1.0],
                [-0.126295, 0.886999, 0.444165, 0.013974, 0.443803, -0.34992, 0.824981, 0.024797, 0.887181, 0.301314, -0.349459, 0.09935, 0.0, 0.0, 0.0, 1.0],
                [-0.107578, 0.875583, 0.470937, 0.017224, 0.449663, -0.379616, 0.808513, 0.024421, 0.886697, 0.298742, -0.352879, 0.098932, 0.0, 0.0, 0.0, 1.0],
                [-0.096488, 0.870491, 0.482636, 0.019778, 0.452382, -0.393569, 0.800283, 0.02378, 0.886589, 0.295554, -0.355819, 0.09861, 0.0, 0.0, 0.0, 1.0],
                [-0.092619, 0.871046, 0.482393, 0.021648, 0.455031, -0.393899, 0.798617, 0.02321, 0.885646, 0.293472, -0.35987, 0.098353, 0.0, 0.0, 0.0, 1.0],
                [-0.091647, 0.872845, 0.479317, 0.02329, 0.457667, -0.390573, 0.798744, 0.022786, 0.884388, 0.292571, -0.363676, 0.098077, 0.0, 0.0, 0.0, 1.0],
                [-0.097492, 0.87479, 0.474596, 0.024619, 0.459473, -0.383444, 0.801158, 0.022524, 0.882825, 0.296172, -0.364558, 0.097811, 0.0, 0.0, 0.0, 1.0],
                [-0.105301, 0.877667, 0.467563, 0.025829, 0.46021, -0.37379, 0.805287, 0.022301, 0.881543, 0.299975, -0.36455, 0.09755, 0.0, 0.0, 0.0, 1.0],
                [-0.11431, 0.879935, 0.461138, 0.027042, 0.462892, -0.363537, 0.808437, 0.022009, 0.879015, 0.30587, -0.365758, 0.097287, 0.0, 0.0, 0.0, 1.0],
                [-0.124119, 0.883123, 0.452428, 0.028262, 0.463456, -0.35157, 0.813392, 0.021652, 0.877384, 0.310639, -0.365651, 0.097019, 0.0, 0.0, 0.0, 1.0],
                [-0.132355, 0.886482, 0.443433, 0.029649, 0.466928, -0.338861, 0.816792, 0.02112, 0.874334, 0.315159, -0.369073, 0.096722, 0.0, 0.0, 0.0, 1.0],
                [-0.136742, 0.890308, 0.434345, 0.031321, 0.471527, -0.327107, 0.81894, 0.020317, 0.871186, 0.316789, -0.375074, 0.096367, 0.0, 0.0, 0.0, 1.0],
                [-0.136859, 0.894701, 0.425188, 0.035541, 0.47905, -0.31592, 0.818965, 0.022089, 0.867052, 0.315771, -0.385368, 0.083147, 0.0, 0.0, 0.0, 1.0],
                [-0.129428, 0.899227, 0.417902, 0.03976, 0.489665, -0.308516, 0.815503, 0.023861, 0.862251, 0.310181, -0.400388, 0.069927, 0.0, 0.0, 0.0, 1.0],
                [-0.113701, 0.904305, 0.411468, 0.04398, 0.502804, -0.304826, 0.808868, 0.025633, 0.85689, 0.298858, -0.420028, 0.056708, 0.0, 0.0, 0.0, 1.0],
                [-0.089118, 0.910281, 0.404288, 0.0482, 0.520568, -0.303485, 0.798063, 0.027405, 0.849157, 0.281582, -0.446816, 0.043488, 0.0, 0.0, 0.0, 1.0],
                [-0.058751, 0.91733, 0.393773, 0.052419, 0.54351, -0.301473, 0.783396, 0.029177, 0.837344, 0.260046, -0.480865, 0.030268, 0.0, 0.0, 0.0, 1.0],
                [-0.021792, 0.923766, 0.38234, 0.056639, 0.570436, -0.302582, 0.763575, 0.030948, 0.821053, 0.234741, -0.520354, 0.017048, 0.0, 0.0, 0.0, 1.0],
                [0.021389, 0.928408, 0.370951, 0.060859, 0.601535, -0.308313, 0.736952, 0.03272, 0.79856, 0.207378, -0.565063, 0.003828, 0.0, 0.0, 0.0, 1.0],
                [0.071964, 0.929861, 0.36081, 0.065078, 0.634714, -0.321743, 0.70258, 0.034492, 0.769388, 0.178451, -0.613348, -0.009392, 0.0, 0.0, 0.0, 1.0],
                [0.126775, 0.927017, 0.352947, 0.069298, 0.66856, -0.342709, 0.659982, 0.036264, 0.732771, 0.152298, -0.663212, -0.022612, 0.0, 0.0, 0.0, 1.0],
                [0.185215, 0.9187, 0.34884, 0.073513, 0.701374, -0.372223, 0.607885, 0.039665, 0.688308, 0.132078, -0.713292, -0.039341, 0.0, 0.0, 0.0, 1.0],
                [0.248581, 0.90349, 0.349167, 0.077727, 0.729284, -0.411817, 0.546399, 0.043066, 0.637457, 0.118818, -0.761269, -0.05607, 0.0, 0.0, 0.0, 1.0],
                [0.311864, 0.88254, 0.351949, 0.081942, 0.752271, -0.455624, 0.475915, 0.046467, 0.580368, 0.116341, -0.806, -0.072799, 0.0, 0.0, 0.0, 1.0],
                [0.393757, 0.844635, 0.362698, 0.086157, 0.768135, -0.519073, 0.374876, 0.049868, 0.504899, 0.130991, -0.853181, -0.089528, 0.0, 0.0, 0.0, 1.0],
                [0.442071, 0.81957, 0.364526, 0.090372, 0.760775, -0.557874, 0.331658, 0.053269, 0.475175, 0.130706, -0.870128, -0.106257, 0.0, 0.0, 0.0, 1.0],
                [0.497232, 0.791497, 0.35538, 0.094587, 0.751079, -0.597726, 0.280363, 0.05667, 0.434325, 0.127514, -0.891684, -0.122986, 0.0, 0.0, 0.0, 1.0],
                [0.555747, 0.76852, 0.317055, 0.0946, 0.735358, -0.632326, 0.243747, 0.058859, 0.387806, 0.097687, -0.91655, -0.121344, 0.0, 0.0, 0.0, 1.0],
                [0.610403, 0.756518, 0.234713, 0.094613, 0.715184, -0.653754, 0.24722, 0.061048, 0.340471, 0.016959, -0.940102, -0.119702, 0.0, 0.0, 0.0, 1.0],
                [0.656468, 0.733638, 0.175572, 0.094627, 0.692076, -0.678334, 0.246769, 0.063237, 0.300135, -0.040486, -0.953037, -0.118059, 0.0, 0.0, 0.0, 1.0],
                [0.703261, 0.703554, 0.102157, 0.09464, 0.662484, -0.700673, 0.264902, 0.065426, 0.257951, -0.118618, -0.958849, -0.116417, 0.0, 0.0, 0.0, 1.0],
                [0.750634, 0.660243, 0.025086, 0.094653, 0.627844, -0.724598, 0.284201, 0.067615, 0.205818, -0.197581, -0.958437, -0.114775, 0.0, 0.0, 0.0, 1.0],
                [0.795955, 0.60368, 0.04502, 0.094667, 0.586619, -0.787541, 0.188833, 0.069803, 0.149449, -0.123892, -0.980977, -0.113132, 0.0, 0.0, 0.0, 1.0],
                [0.838801, 0.544166, 0.017243, 0.09468, 0.53607, -0.831022, 0.148433, 0.071992, 0.095101, -0.115262, -0.988772, -0.11149, 0.0, 0.0, 0.0, 1.0],
                [0.875918, 0.482115, -0.018264, 0.094693, 0.479873, -0.866677, 0.136361, 0.074181, 0.049912, -0.128205, -0.990491, -0.109847, 0.0, 0.0, 0.0, 1.0],
                [0.903095, 0.426349, -0.051452, 0.094707, 0.429094, -0.891026, 0.148157, 0.07637, 0.017321, -0.155877, -0.987625, -0.108205, 0.0, 0.0, 0.0, 1.0],
                [0.92261, 0.379986, -0.066344, 0.09472, 0.385719, -0.907283, 0.167509, 0.078559, 0.003458, -0.180136, -0.983636, -0.106562, 0.0, 0.0, 0.0, 1.0],
                [0.935608, 0.347269, -0.063582, 0.094733, 0.352978, -0.916695, 0.187286, 0.080748, 0.006753, -0.197669, -0.980245, -0.10492, 0.0, 0.0, 0.0, 1.0],
                [0.945397, 0.32265, -0.046067, 0.094755, 0.325019, -0.922797, 0.206903, 0.075001, 0.024246, -0.210578, -0.977276, -0.104588, 0.0, 0.0, 0.0, 1.0],
                [0.95081, 0.309172, -0.019364, 0.094776, 0.304967, -0.923237, 0.233729, 0.069255, 0.054385, -0.228136, -0.972109, -0.104254, 0.0, 0.0, 0.0, 1.0],
                [0.952896, 0.302934, 0.014882, 0.094797, 0.288816, -0.921279, 0.260441, 0.063508, 0.092607, -0.243875, -0.965375, -0.103922, 0.0, 0.0, 0.0, 1.0],
                [0.950968, 0.304214, 0.055814, 0.094898, 0.276653, -0.917334, 0.286288, 0.043927, 0.138293, -0.256809, -0.956516, -0.082666, 0.0, 0.0, 0.0, 1.0],
                [0.94699, 0.306513, 0.096239, 0.094998, 0.269762, -0.921337, 0.279941, 0.024345, 0.174474, -0.239139, -0.955181, -0.06141, 0.0, 0.0, 0.0, 1.0],
                [0.944927, 0.300222, 0.130323, 0.095098, 0.263389, -0.933916, 0.241712, 0.004764, 0.194278, -0.194074, -0.961557, -0.040154, 0.0, 0.0, 0.0, 1.0],
                [0.944591, 0.289308, 0.155085, 0.097288, 0.256512, -0.945366, 0.201209, 0.003751, 0.204824, -0.150278, -0.967194, -0.034636, 0.0, 0.0, 0.0, 1.0],
                [0.943908, 0.279097, 0.176478, 0.098828, 0.248347, -0.952241, 0.17765, 0.002894, 0.217632, -0.123857, -0.968141, -0.030054, 0.0, 0.0, 0.0, 1.0],
                [0.942392, 0.270896, 0.196252, 0.099888, 0.239269, -0.95587, 0.170478, 0.002012, 0.233773, -0.1137, -0.96562, -0.026401, 0.0, 0.0, 0.0, 1.0],
                [0.939245, 0.266922, 0.21581, 0.10076, 0.232938, -0.957444, 0.170416, 0.001186, 0.252114, -0.109791, -0.961449, -0.022902, 0.0, 0.0, 0.0, 1.0],
                [0.935571, 0.264966, 0.233451, 0.101467, 0.227543, -0.957864, 0.175278, 0.000421, 0.270057, -0.110865, -0.95644, -0.019567, 0.0, 0.0, 0.0, 1.0],
                [0.930895, 0.264153, 0.252307, 0.102057, 0.221743, -0.95752, 0.184351, -0.000368, 0.290286, -0.115664, -0.949924, -0.016213, 0.0, 0.0, 0.0, 1.0],
                [0.925897, 0.264097, 0.27013, 0.102518, 0.216799, -0.957035, 0.192564, -0.001133, 0.30938, -0.11973, -0.943371, -0.012938, 0.0, 0.0, 0.0, 1.0],
                [0.920642, 0.264742, 0.286936, 0.10286, 0.212723, -0.956439, 0.199935, -0.00187, 0.327368, -0.12303, -0.936853, -0.009742, 0.0, 0.0, 0.0, 1.0],
                [0.914849, 0.265506, 0.304234, 0.103109, 0.209809, -0.956297, 0.203657, -0.002444, 0.345011, -0.122484, -0.930573, -0.006413, 0.0, 0.0, 0.0, 1.0],
                [0.90927, 0.264412, 0.321426, 0.103256, 0.207429, -0.957418, 0.200806, -0.002846, 0.360835, -0.115913, -0.925398, -0.002952, 0.0, 0.0, 0.0, 1.0],
                [0.903528, 0.262473, 0.338742, 0.103287, 0.206279, -0.959257, 0.19307, -0.00309, 0.375616, -0.104569, -0.920857, 0.000853, 0.0, 0.0, 0.0, 1.0],
                [0.896747, 0.261812, 0.356792, 0.103161, 0.208455, -0.961078, 0.181314, -0.003008, 0.390375, -0.088217, -0.916419, 0.005214, 0.0, 0.0, 0.0, 1.0],
                [0.865975, 0.253643, 0.430991, 0.100415, 0.227002, -0.967298, 0.11316, -0.001314, 0.445599, -0.000158, -0.895232, 0.024366, 0.0, 0.0, 0.0, 1.0],
                [0.812085, 0.313262, 0.492327, 0.098141, 0.240077, -0.948336, 0.207415, -0.003908, 0.531868, -0.050242, -0.845335, 0.032119, 0.0, 0.0, 0.0, 1.0],
                [0.812085, 0.313262, 0.492327, 0.098141, 0.240077, -0.948336, 0.207415, -0.003908, 0.531868, -0.050242, -0.845335, 0.032119, 0.0, 0.0, 0.0, 1.0]
            ]
        },
        {
            "name": "Leg_R",
            "time": [0.0, 0.0333, 0.0667, 0.1, 0.1333, 0.1667, 0.2, 0.2333, 0.2667, 0.3, 0.3333, 0.3667, 0.4, 0.4333, 0.4667, 0.5, 0.5333, 0.5667, 0.6, 0.6333, 0.6667, 0.7, 0.7333, 0.7667, 0.8, 0.8333, 0.8667, 0.9, 0.9333, 0.9667, 1.0, 1.0333, 1.0667, 1.1, 1.1333, 1.1667, 1.2, 1.2333, 1.2667, 1.3, 1.3333, 1.3667, 1.4, 1.4333, 1.4667, 1.5, 1.5333, 1.5667, 1.6, 1.6333, 1.6667, 1.7, 1.7333, 1.7667, 1.8, 1.8333, 1.8667, 1.9, 1.9333, 1.9667, 2.0, 2.0333, 2.0667, 2.1, 2.1333, 2.1667, 2.2, 2.2333, 2.2667, 2.3, 2.3333, 2.3667, 2.4, 2.4333, 2.4667, 2.5, 2.5333, 2.5667, 2.6, 2.6333, 2.6667, 2.7, 2.7333, 2.7667, 2.8, 2.8333, 2.8667, 2.9, 2.9333, 2.9667, 3.0, 3.0333, 3.0667, 3.1, 3.1333, 3.1667, 3.2, 3.2333, 3.2667, 3.3, 3.3333, 3.3667, 3.4, 3.4333, 3.4667, 3.5, 3.5333, 3.5667, 3.7333, 3.7667, 4.1],
            "transform": [
                [1.000001, -0.001954, -4.6e-05, -0.0, -4.5e-05, -0.046345, 0.998925, 0.37472, -0.001954, -0.998922, -0.046345, -0.0, 0.0, 0.0, 0.0, 1.0],
                [1.000001, -0.001953, -7.4e-05, -0.0, -7.4e-05, -0.075695, 0.99713, 0.37472, -0.001953, -0.997127, -0.075695, 0.0, 0.0, 0.0, 0.0, 1.0],
                [1.000001, -0.001953, -9.6e-05, 0.0, -9.6e-05, -0.098101, 0.995176, 0.37472, -0.001953, -0.995172, -0.098101, -0.0, 0.0, 0.0, 0.0, 1.0],
                [1.0, -0.001952, -0.000111, 0.0, -0.000111, -0.113805, 0.993502, 0.37472, -0.001952, -0.9935, -0.113805, -0.0, 0.0, 0.0, 0.0, 1.0],
                [1.000001, -0.001953, -0.000121, 0.0, -0.00012, -0.122979, 0.992408, 0.37472, -0.001953, -0.992405, -0.122979, -0.0, 0.0, 0.0, 0.0, 1.0],
                [1.000001, -0.001953, -0.000127, 0.0, -0.000127, -0.129671, 0.991556, 0.37472, -0.001952, -0.991553, -0.129671, 0.0, 0.0, 0.0, 0.0, 1.0],
                [1.000001, -0.001952, -0.000131, 0.0, -0.000131, -0.133924, 0.99099, 0.37472, -0.001953, -0.990988, -0.133924, 0.0, 0.0, 0.0, 0.0, 1.0],
                [1.000001, -0.001953, -0.000133, -0.0, -0.000133, -0.135741, 0.990743, 0.37472, -0.001953, -0.990741, -0.135741, -0.0, 0.0, 0.0, 0.0, 1.0],
                [1.0, -0.001953, -0.000128, 0.0, -0.000129, -0.131189, 0.991356, 0.37472, -0.001953, -0.991355, -0.131189, 0.0, 0.0, 0.0, 0.0, 1.0],
                [1.0, -0.001952, -0.000124, 0.0, -0.000124, -0.126634, 0.991948, 0.37472, -0.001953, -0.991948, -0.126634, 0.0, 0.0, 0.0, 0.0, 1.0],
                [0.999998, -0.001953, -0.000115, -0.0, -0.000113, -0.116076, 0.993239, 0.37472, -0.001953, -0.99324, -0.116075, 0.0, 0.0, 0.0, 0.0, 1.0],
                [0.999999, -0.001954, -0.000104, -0.0, -0.000103, -0.105505, 0.994417, 0.37472, -0.001954, -0.994417, -0.105505, -0.0, 0.0, 0.0, 0.0, 1.0],
                [0.999999, -0.001955, -8.8e-05, -0.0, -8.7e-05, -0.0892, 0.996012, 0.37472, -0.001955, -0.996012, -0.0892, 0.0, 0.0, 0.0, 0.0, 1.0],
