{
    "animation": [
        {
            "name": "Root",
            "time": [0.0, 0.0333, 0.0667, 0.1, 0.1333, 0.1667, 0.2, 0.2333, 0.2667, 0.3, 0.3333, 0.3667, 0.4, 0.4333, 0.4667, 0.5, 0.5333, 0.5667, 0.6, 0.6333, 0.6667, 0.7, 0.7333, 0.7667, 0.8, 0.8333, 0.9, 0.9333, 0.9667, 1.0, 1.0333, 1.0667, 1.1, 1.1333, 1.1667, 1.2333, 1.2667, 1.3333, 1.3667, 1.4, 1.4333, 1.4667, 1.5, 1.5333, 1.5667, 1.6, 1.6333, 1.6667, 1.7, 1.7333, 1.7667, 1.8, 1.8333, 1.8667, 1.9, 1.9333, 1.9667, 2.0, 2.0333, 2.0667, 2.1, 2.1333, 2.1667, 2.2, 2.2333, 2.3, 2.3667, 2.4333, 2.5667, 2.6, 2.6333, 2.6667, 2.7, 2.7333, 2.7667, 2.8, 2.8333, 2.8667, 2.9, 2.9333, 2.9667, 3.0, 3.0333, 3.0667, 3.1, 3.1333, 3.1667, 3.2, 3.2333, 3.2667, 3.3, 3.3333, 3.4, 3.4333],
            "transform": [
                [0.999997, -0.002528, 3e-06, 0.124448, -4e-06, -0.002981, -0.999994, -0.000361, 0.002528, 0.999993, -0.002981, 0.390577, 0.0, 0.0, 0.0, 1.0],
                [0.999996, 0.002664, 4e-06, 0.100895, -4e-06, 0.002859, -0.999995, -0.000361, -0.002664, 0.999993, 0.002859, 0.392141, 0.0, 0.0, 0.0, 1.0],
                [0.999996, 0.002882, 4e-06, 0.083079, -4e-06, 0.00264, -0.999995, -0.003167, -0.002882, 0.999993, 0.00264, 0.365781, 0.0, 0.0, 0.0, 1.0],
                [0.999995, 0.003025, 4e-06, 0.067183, -4e-06, 0.002475, -0.999996, -0.004963, -0.003025, 0.999993, 0.002475, 0.346797, 0.0, 0.0, 0.0, 1.0],
                [0.999995, 0.003104, 3e-06, 0.052118, -4e-06, 0.002375, -0.999996, -0.005189, -0.003104, 0.999993, 0.002375, 0.337566, 0.0, 0.0, 0.0, 1.0],
                [0.999995, 0.003117, 4e-06, 0.037556, -4e-06, 0.002357, -0.999996, -0.003084, -0.003117, 0.999993, 0.002357, 0.341233, 0.0, 0.0, 0.0, 1.0],
                [0.999995, 0.003067, 4e-06, 0.023341, -4e-06, 0.002421, -0.999996, 0.002147, -0.003067, 0.999993, 0.002421, 0.358075, 0.0, 0.0, 0.0, 1.0],
                [0.999996, 0.00296, 4e-06, 0.004705, -4e-06, 0.002553, -0.999996, 0.010318, -0.00296, 0.999993, 0.002553, 0.387682, 0.0, 0.0, 0.0, 1.0],
                [0.999996, 0.002877, 4e-06, -0.008894, -4e-06, 0.002644, -0.999995, 0.015221, -0.002877, 0.999993, 0.002644, 0.410478, 0.0, 0.0, 0.0, 1.0],
                [0.999996, 0.002831, 4e-06, -0.020842, -4e-06, 0.002694, -0.999995, 0.016416, -0.002831, 0.999993, 0.002694, 0.424786, 0.0, 0.0, 0.0, 1.0],
                [0.999996, 0.002845, 4e-06, -0.030532, -4e-06, 0.002679, -0.999995, 0.011201, -0.002845, 0.999993, 0.002679, 0.427893, 0.0, 0.0, 0.0, 1.0],
                [0.999996, 0.002932, 4e-06, -0.036785, -4e-06, 0.002583, -0.999996, -0.004022, -0.002932, 0.999993, 0.002583, 0.417756, 0.0, 0.0, 0.0, 1.0],
                [0.999995, 0.003073, 4e-06, -0.043958, -4e-06, 0.002414, -0.999996, -0.024379, -0.003073, 0.999993, 0.002414, 0.397086, 0.0, 0.0, 0.0, 1.0],
                [0.999995, 0.003151, 3e-06, -0.049352, -4e-06, 0.002312, -0.999996, -0.029955, -0.003151, 0.999993, 0.002312, 0.38354, 0.0, 0.0, 0.0, 1.0],
                [0.999995, 0.003194, 3e-06, -0.054762, -4e-06, 0.002252, -0.999996, -0.025437, -0.003194, 0.999993, 0.002252, 0.371267, 0.0, 0.0, 0.0, 1.0],
                [0.999995, 0.003234, 4e-06, -0.060182, -3e-06, 0.002195, -0.999997, -0.018641, -0.003234, 0.999993, 0.002195, 0.358002, 0.0, 0.0, 0.0, 1.0],
                [0.999995, 0.003266, 3e-06, -0.065612, -4e-06, 0.002146, -0.999997, -0.009306, -0.003266, 0.999993, 0.002146, 0.34424, 0.0, 0.0, 0.0, 1.0],
                [0.999994, 0.003305, 3e-06, -0.072861, -4e-06, 0.002088, -0.999997, 0.006044, -0.003305, 0.999993, 0.002088, 0.32711, 0.0, 0.0, 0.0, 1.0],
                [0.999994, 0.003332, 3e-06, -0.078302, -4e-06, 0.002046, -0.999997, 0.019424, -0.003332, 0.999993, 0.002046, 0.317003, 0.0, 0.0, 0.0, 1.0],
                [0.999994, 0.003358, 3e-06, -0.083841, -3e-06, 0.002003, -0.999997, 0.034313, -0.003358, 0.999993, 0.002003, 0.312292, 0.0, 0.0, 0.0, 1.0],
                [0.999994, 0.003382, 3e-06, -0.089961, -4e-06, 0.00196, -0.999997, 0.050161, -0.003382, 0.999993, 0.00196, 0.312926, 0.0, 0.0, 0.0, 1.0],
                [0.999994, 0.003404, 3e-06, -0.096989, -3e-06, 0.00192, -0.999997, 0.070043, -0.003404, 0.999993, 0.00192, 0.327952, 0.0, 0.0, 0.0, 1.0],
                [0.999994, 0.003428, 3e-06, -0.107162, -3e-06, 0.001878, -0.999997, 0.103312, -0.003428, 0.999993, 0.001878, 0.366809, 0.0, 0.0, 0.0, 1.0],
                [0.999994, 0.003444, 3e-06, -0.114904, -4e-06, 0.001846, -0.999997, 0.13074, -0.003444, 0.999993, 0.001846, 0.40082, 0.0, 0.0, 0.0, 1.0],
                [0.999994, 0.003469, 3e-06, -0.122158, -3e-06, 0.0018, -0.999997, 0.157622, -0.003469, 0.999993, 0.0018, 0.429115, 0.0, 0.0, 0.0, 1.0],
                [0.999994, 0.00351, 3e-06, -0.12861, -3e-06, 0.001718, -0.999997, 0.179692, -0.00351, 0.999993, 0.001718, 0.445965, 0.0, 0.0, 0.0, 1.0],
                [0.999993, 0.003709, 2e-06, 0.026134, -2e-06, 0.001228, -0.999998, 0.172817, -0.003709, 0.999993, 0.001228, 0.447917, 0.0, 0.0, 0.0, 1.0],
                [0.999992, 0.003814, 1e-06, 0.008575, -2e-06, 0.000848, -0.999998, 0.247035, -0.003814, 0.999993, 0.000848, 0.4264, 0.0, 0.0, 0.0, 1.0],
                [0.999992, 0.003892, 0.0, -0.037043, -1e-06, 0.000308, -0.999999, 0.42169, -0.003892, 0.999993, 0.000308, 0.366421, 0.0, 0.0, 0.0, 1.0],
                [0.999985, 0.003901, -0.003728, -0.092097, -0.003727, -0.000204, -0.999992, 0.608533, -0.003902, 0.999993, -0.00019, 0.342754, 0.0, 0.0, 0.0, 1.0],
                [0.999986, 0.003856, -0.003416, -0.132503, -0.003413, -0.000625, -0.999993, 0.810356, -0.003858, 0.999993, -0.000611, 0.36335, 0.0, 0.0, 0.0, 1.0],
                [0.999987, 0.003788, -0.003223, -0.069044, -0.00322, -0.000964, -0.999993, 1.060085, -0.003791, 0.999993, -0.000952, 0.427632, 0.0, 0.0, 0.0, 1.0],
                [0.999988, 0.003694, -0.003082, 0.077977, -0.003077, -0.001271, -0.999993, 1.30822, -0.003698, 0.999993, -0.00126, 0.502056, 0.0, 0.0, 0.0, 1.0],
                [0.999989, 0.003482, -0.002918, 0.207538, -0.002912, -0.001762, -0.999993, 1.472987, -0.003487, 0.999993, -0.001752, 0.530734, 0.0, 0.0, 0.0, 1.0],
                [0.999992, 0.002649, -0.002769, 0.274016, -0.002762, -0.002874, -0.999991, 1.56697, -0.002657, 0.999993, -0.002867, 0.521301, 0.0, 0.0, 0.0, 1.0],
                [0.999994, 0.001534, -0.002979, 0.292672, -0.002974, -0.003595, -0.999988, 1.660594, -0.001545, 0.999993, -0.00359, 0.500152, 0.0, 0.0, 0.0, 1.0],
                [0.999992, 0.000109, -0.003797, 0.108162, -0.003796, -0.003907, -0.999984, 1.716355, -0.000124, 0.999993, -0.003907, 0.475229, 0.0, 0.0, 0.0, 1.0],
                [0.999999, -0.001048, 2e-06, 0.035003, -2e-06, -0.003765, -0.999992, 1.769887, 0.001048, 0.999993, -0.003765, 0.465113, 0.0, 0.0, 0.0, 1.0],
                [0.999999, -0.001577, 3e-06, 0.044155, -2e-06, -0.003576, -0.999992, 1.802966, 0.001577, 0.999993, -0.003576, 0.445088, 0.0, 0.0, 0.0, 1.0],
                [0.999998, -0.001985, 4e-06, 0.066724, -2e-06, -0.003367, -0.999993, 1.83342, 0.001985, 0.999993, -0.003367, 0.423687, 0.0, 0.0, 0.0, 1.0],
                [0.999994, -0.003378, 3e-06, -0.042085, -3e-06, -0.001966, -0.999997, 1.962632, 0.003378, 0.999993, -0.001966, 0.39609, 0.0, 0.0, 0.0, 1.0],
                [0.999994, -0.003411, 3e-06, -0.052542, -3e-06, -0.001908, -0.999997, 1.971533, 0.003411, 0.999993, -0.001908, 0.435638, 0.0, 0.0, 0.0, 1.0],
                [0.999994, -0.003426, 3e-06, -0.047441, -3e-06, -0.001881, -0.999997, 1.971366, 0.003426, 0.999993, -0.001881, 0.432438, 0.0, 0.0, 0.0, 1.0],
                [0.999994, -0.003445, 3e-06, -0.03768, -4e-06, -0.001847, -0.999997, 1.969711, 0.003445, 0.999993, -0.001847, 0.422397, 0.0, 0.0, 0.0, 1.0],
                [0.999994, -0.003463, 3e-06, -0.027914, -3e-06, -0.001814, -0.999997, 1.967219, 0.003463, 0.999993, -0.001814, 0.409008, 0.0, 0.0, 0.0, 1.0],
                [0.999994, -0.00348, 2e-06, -0.018147, -4e-06, -0.001779, -0.999997, 1.964545, 0.00348, 0.999993, -0.001779, 0.395619, 0.0, 0.0, 0.0, 1.0],
                [0.999994, -0.003492, 3e-06, -0.0119, -3e-06, -0.001754, -0.999997, 1.962329, 0.003492, 0.999993, -0.001754, 0.385753, 0.0, 0.0, 0.0, 1.0],
                [0.999994, -0.003498, 2e-06, -0.009836, -4e-06, -0.001743, -0.999997, 1.960511, 0.003498, 0.999993, -0.001743, 0.380386, 0.0, 0.0, 0.0, 1.0],
                [0.999994, -0.003498, 3e-06, -0.010275, -3e-06, -0.001743, -0.999997, 1.958619, 0.003498, 0.999993, -0.001743, 0.374986, 0.0, 0.0, 0.0, 1.0],
                [0.999994, -0.003498, 3e-06, -0.01223, -3e-06, -0.001742, -0.999997, 1.956812, 0.003498, 0.999993, -0.001742, 0.371826, 0.0, 0.0, 0.0, 1.0],
                [0.999994, -0.003499, 3e-06, -0.014185, -3e-06, -0.001742, -0.999997, 1.955233, 0.003499, 0.999993, -0.001742, 0.368666, 0.0, 0.0, 0.0, 1.0],
                [0.999994, -0.003499, 3e-06, -0.014884, -3e-06, -0.001741, -0.999997, 1.954023, 0.003499, 0.999993, -0.001741, 0.366995, 0.0, 0.0, 0.0, 1.0],
                [0.999994, -0.003507, 3e-06, -0.015585, -3e-06, -0.001726, -0.999997, 1.953123, 0.003507, 0.999993, -0.001726, 0.365323, 0.0, 0.0, 0.0, 1.0],
                [0.999993, -0.003514, 3e-06, -0.016286, -3e-06, -0.001711, -0.999997, 1.952559, 0.003514, 0.999993, -0.001711, 0.363652, 0.0, 0.0, 0.0, 1.0],
                [0.999994, -0.003518, 3e-06, -0.01699, -3e-06, -0.001702, -0.999997, 1.952614, 0.003518, 0.999993, -0.001702, 0.364243, 0.0, 0.0, 0.0, 1.0],
                [0.999994, -0.00351, 3e-06, -0.014503, -3e-06, -0.001718, -0.999997, 1.953569, 0.00351, 0.999993, -0.001718, 0.367771, 0.0, 0.0, 0.0, 1.0],
                [0.999994, -0.003503, 3e-06, -0.012016, -3e-06, -0.001733, -0.999997, 1.955022, 0.003503, 0.999993, -0.001733, 0.371298, 0.0, 0.0, 0.0, 1.0],
                [0.999994, -0.003502, 3e-06, -0.006912, -3e-06, -0.001735, -0.999997, 1.956459, 0.003502, 0.999993, -0.001735, 0.374826, 0.0, 0.0, 0.0, 1.0],
                [0.999994, -0.003501, 4e-06, -0.001807, -2e-06, -0.001737, -0.999997, 1.958011, 0.003501, 0.999993, -0.001737, 0.378354, 0.0, 0.0, 0.0, 1.0],
                [0.999994, -0.003497, 3e-06, 0.003296, -3e-06, -0.001746, -0.999997, 1.959807, 0.003497, 0.999993, -0.001746, 0.383354, 0.0, 0.0, 0.0, 1.0],
                [0.999994, -0.003482, 3e-06, 0.008403, -3e-06, -0.001775, -0.999997, 1.961979, 0.003482, 0.999993, -0.001775, 0.388354, 0.0, 0.0, 0.0, 1.0],
                [0.999994, -0.003452, 3e-06, 0.011928, -3e-06, -0.001833, -0.999997, 1.964656, 0.003452, 0.999993, -0.001833, 0.396019, 0.0, 0.0, 0.0, 1.0],
                [0.999994, -0.003397, 4e-06, 0.01546, -3e-06, -0.001933, -0.999997, 1.967968, 0.003397, 0.999993, -0.001933, 0.403683, 0.0, 0.0, 0.0, 1.0],
                [0.999994, -0.003309, 3e-06, 0.016406, -4e-06, -0.00208, -0.999997, 1.972046, 0.003309, 0.999993, -0.00208, 0.414257, 0.0, 0.0, 0.0, 1.0],
                [0.999995, -0.003135, 4e-06, 0.013927, -3e-06, -0.002335, -0.999996, 1.977366, 0.003135, 0.999993, -0.002335, 0.429545, 0.0, 0.0, 0.0, 1.0],
                [0.999996, -0.002837, 4e-06, 0.007826, -4e-06, -0.002688, -0.999995, 1.98421, 0.002837, 0.999993, -0.002688, 0.450254, 0.0, 0.0, 0.0, 1.0],
                [0.999997, -0.002447, 3e-06, -0.000723, -4e-06, -0.003048, -0.999994, 1.992408, 0.002447, 0.999993, -0.003048, 0.473985, 0.0, 0.0, 0.0, 1.0],
                [0.999998, -0.002018, 3e-06, -0.009249, -3e-06, -0.003347, -0.999993, 2.001789, 0.002018, 0.999993, -0.003347, 0.497717, 0.0, 0.0, 0.0, 1.0],
                [0.999998, -0.001639, 3e-06, -0.017781, -3e-06, -0.003549, -0.999992, 2.012175, 0.001639, 0.999993, -0.003549, 0.518398, 0.0, 0.0, 0.0, 1.0],
                [0.999999, -0.001319, 3e-06, -0.026328, -2e-06, -0.003679, -0.999992, 2.026337, 0.001319, 0.999993, -0.003679, 0.539079, 0.0, 0.0, 0.0, 1.0],
                [0.999999, -0.001014, 2e-06, -0.036519, -2e-06, -0.003775, -0.999991, 2.044396, 0.001014, 0.999993, -0.003775, 0.55976, 0.0, 0.0, 0.0, 1.0],
                [0.999999, -0.000742, 1e-06, -0.046718, -2e-06, -0.003838, -0.999991, 2.062178, 0.000742, 0.999993, -0.003837, 0.580441, 0.0, 0.0, 0.0, 1.0],
                [1.0, -0.000528, 1e-06, -0.054109, -1e-06, -0.003873, -0.999991, 2.075514, 0.000528, 0.999993, -0.003873, 0.597729, 0.0, 0.0, 0.0, 1.0],
                [1.0, -0.000388, 1e-06, -0.056843, -0.0, -0.003889, -0.999991, 2.080231, 0.000388, 0.999993, -0.003889, 0.611005, 0.0, 0.0, 0.0, 1.0],
                [1.0, -0.000312, 1e-06, -0.054648, -0.0, -0.003896, -0.999991, 2.077476, 0.000312, 0.999993, -0.003896, 0.621197, 0.0, 0.0, 0.0, 1.0],
                [1.0, -0.00027, 1e-06, -0.052493, -1e-06, -0.003899, -0.999991, 2.071739, 0.00027, 0.999993, -0.003899, 0.629595, 0.0, 0.0, 0.0, 1.0],
                [0.999999, -0.000253, 0.0, -0.047551, -1e-06, -0.0039, -0.999991, 2.063534, 0.000253, 0.999993, -0.0039, 0.638044, 0.0, 0.0, 0.0, 1.0],
                [0.999999, -0.000259, 1e-06, -0.042618, -0.0, -0.0039, -0.999991, 2.053527, 0.000259, 0.999993, -0.0039, 0.644624, 0.0, 0.0, 0.0, 1.0],
                [1.0, -0.000279, 1e-06, -0.036548, -0.0, -0.003899, -0.999991, 2.042341, 0.000279, 0.999993, -0.003899, 0.651204, 0.0, 0.0, 0.0, 1.0],
                [1.0, -0.000306, 1e-06, -0.030482, -0.0, -0.003897, -0.999991, 2.030604, 0.000306, 0.999993, -0.003897, 0.655932, 0.0, 0.0, 0.0, 1.0],
                [1.0, -0.000334, 1e-06, -0.024415, -0.0, -0.003895, -0.999991, 2.018939, 0.000334, 0.999993, -0.003895, 0.66066, 0.0, 0.0, 0.0, 1.0],
                [1.0, -0.000361, 1e-06, -0.018349, -0.0, -0.003892, -0.999991, 2.007972, 0.000361, 0.999993, -0.003892, 0.665388, 0.0, 0.0, 0.0, 1.0],
                [1.0, -0.000377, 1e-06, -0.014212, -0.0, -0.00389, -0.999991, 1.998329, 0.000377, 0.999993, -0.00389, 0.670116, 0.0, 0.0, 0.0, 1.0],
                [1.0, -0.000408, 1e-06, -0.01008, -1e-06, -0.003887, -0.999991, 1.989986, 0.000408, 0.999993, -0.003887, 0.667605, 0.0, 0.0, 0.0, 1.0],
                [1.0, -0.000459, 1e-06, -0.00845, -1e-06, -0.003882, -0.999991, 1.9823, 0.000459, 0.999993, -0.003882, 0.659889, 0.0, 0.0, 0.0, 1.0],
                [1.0, -0.000509, 1e-06, -0.006822, -1e-06, -0.003876, -0.999991, 1.974971, 0.000509, 0.999993, -0.003876, 0.658584, 0.0, 0.0, 0.0, 1.0],
                [1.0, -0.000539, 2e-06, -0.005188, -1e-06, -0.003871, -0.999991, 1.967291, 0.000539, 0.999993, -0.003871, 0.668649, 0.0, 0.0, 0.0, 1.0],
                [0.999999, -0.00057, 1e-06, -0.003556, -1e-06, -0.003867, -0.999991, 1.95946, 0.00057, 0.999993, -0.003867, 0.684125, 0.0, 0.0, 0.0, 1.0],
                [1.0, -0.000588, 2e-06, -0.001918, -1e-06, -0.003864, -0.999991, 1.952532, 0.000588, 0.999993, -0.003864, 0.699601, 0.0, 0.0, 0.0, 1.0],
                [1.0, -0.000607, 1e-06, -0.001652, -1e-06, -0.003861, -0.999991, 1.947544, 0.000607, 0.999993, -0.003861, 0.710628, 0.0, 0.0, 0.0, 1.0],
                [1.0, -0.000615, 2e-06, -0.001382, -1e-06, -0.00386, -0.999991, 1.944732, 0.000615, 0.999993, -0.00386, 0.716136, 0.0, 0.0, 0.0, 1.0],
                [1.0, -0.000622, 2e-06, -0.00111, -1e-06, -0.003859, -0.999991, 1.943227, 0.000622, 0.999993, -0.003859, 0.719237, 0.0, 0.0, 0.0, 1.0],
                [1.0, -0.000625, 2e-06, -0.000558, -1e-06, -0.003859, -0.999991, 1.942412, 0.000625, 0.999993, -0.003859, 0.720942, 0.0, 0.0, 0.0, 1.0],
                [1.0, 0.000632, 1e-06, 0.000309, -1e-06, 0.003856, -0.999991, 1.942412, -0.000632, 0.999993, 0.003856, 0.723106, 0.0, 0.0, 0.0, 1.0]
            ]
        },
        {
            "name": "Thigh_R",
            "time": [0.0, 0.0333, 0.0667, 0.1, 0.1333, 0.1667, 0.2, 0.2333, 0.2667, 0.3, 0.3333, 0.3667, 0.4, 0.4333, 0.4667, 0.5, 0.5333, 0.5667, 0.6, 0.6333, 0.6667, 0.7, 0.7333, 0.7667, 0.8, 0.8333, 0.9, 0.9333, 0.9667, 1.0, 1.0333, 1.0667, 1.1, 1.1333, 1.1667, 1.2333, 1.2667, 1.3333, 1.3667, 1.4, 1.4333, 1.4667, 1.5, 1.5333, 1.5667, 1.6, 1.6333, 1.6667, 1.7, 1.7333, 1.7667, 1.8, 1.8333, 1.8667, 1.9, 1.9333, 1.9667, 2.0, 2.0333, 2.0667, 2.1, 2.1333, 2.1667, 2.2, 2.2333, 2.3, 2.3667, 2.4333, 2.5667, 2.6, 2.6333, 2.6667, 2.7, 2.7333, 2.7667, 2.8, 2.8333, 2.8667, 2.9, 2.9333, 2.9667, 3.0, 3.0333, 3.0667, 3.1, 3.1333, 3.1667, 3.2, 3.2333, 3.2667, 3.3, 3.3333, 3.4, 3.4333],
            "transform": [
                [-0.11431, 0.879935, 0.461138, 0.027042, 0.462892, -0.363537, 0.808437, 0.022009, 0.879015, 0.30587, -0.365758, 0.097287, 0.0, 0.0, 0.0, 1.0],
                [-0.147098, 0.885749, 0.440239, 0.012024, 0.434509, -0.341972, 0.83322, 0.019531, 0.888575, 0.313853, -0.334561, 0.10069, 0.0, 0.0, 0.0, 1.0],
                [-0.250757, 0.90763, 0.336644, -0.004001, 0.378003, -0.228343, 0.897202, 0.009454, 0.8912, 0.352232, -0.285827, 0.102707, 0.0, 0.0, 0.0, 1.0],
                [-0.322013, 0.9113, 0.256594, -0.015846, 0.327607, -0.147028, 0.933303, 0.000391, 0.888248, 0.384597, -0.251203, 0.102128, 0.0, 0.0, 0.0, 1.0],
                [-0.351895, 0.911579, 0.212588, -0.022916, 0.301644, -0.104562, 0.947668, -0.007159, 0.886106, 0.397605, -0.238177, 0.100492, 0.0, 0.0, 0.0, 1.0],
                [-0.342082, 0.914846, 0.214563, -0.024252, 0.308883, -0.106174, 0.945154, -0.011984, 0.887454, 0.389595, -0.24626, 0.099749, 0.0, 0.0, 0.0, 1.0],
                [-0.306367, 0.916408, 0.257558, -0.020314, 0.338843, -0.147861, 0.92915, -0.014412, 0.889566, 0.371932, -0.265218, 0.100287, 0.0, 0.0, 0.0, 1.0],
                [-0.224536, 0.929496, 0.292611, -0.012067, 0.395397, -0.187546, 0.899158, -0.015111, 0.890644, 0.317592, -0.325408, 0.101502, 0.0, 0.0, 0.0, 1.0],
                [-0.150223, 0.938457, 0.311018, -0.006253, 0.426936, -0.222166, 0.876565, -0.014112, 0.891718, 0.264465, -0.367286, 0.102191, 0.0, 0.0, 0.0, 1.0],
                [-0.110701, 0.931195, 0.347304, -0.003529, 0.423306, -0.271992, 0.864193, -0.013085, 0.8992, 0.242683, -0.36407, 0.102456, 0.0, 0.0, 0.0, 1.0],
                [-0.096596, 0.92667, 0.36325, -0.005259, 0.400974, -0.297802, 0.866332, -0.012673, 0.910984, 0.229338, -0.342804, 0.102435, 0.0, 0.0, 0.0, 1.0],
                [-0.106665, 0.934952, 0.338361, -0.012423, 0.363159, -0.280158, 0.888608, -0.01218, 0.925602, 0.217663, -0.309653, 0.101835, 0.0, 0.0, 0.0, 1.0],
                [-0.131641, 0.952647, 0.274107, -0.023939, 0.307891, -0.223546, 0.924785, -0.011177, 0.942272, 0.206135, -0.263884, 0.09988, 0.0, 0.0, 0.0, 1.0],
                [-0.150695, 0.959838, 0.236645, -0.030545, 0.282792, -0.187521, 0.940671, -0.010574, 0.947271, 0.208676, -0.243176, 0.098168, 0.0, 0.0, 0.0, 1.0],
                [-0.16779, 0.963017, 0.210819, -0.034371, 0.282517, -0.157908, 0.946175, -0.010296, 0.944476, 0.218319, -0.245572, 0.096917, 0.0, 0.0, 0.0, 1.0],
                [-0.184894, 0.965267, 0.184592, -0.037798, 0.287936, -0.12638, 0.949272, -0.009977, 0.939633, 0.228665, -0.254567, 0.095675, 0.0, 0.0, 0.0, 1.0],
                [-0.200712, 0.96674, 0.158519, -0.040651, 0.297717, -0.093966, 0.950017, -0.009718, 0.933318, 0.237873, -0.268955, 0.09452, 0.0, 0.0, 0.0, 1.0],
                [-0.224927, 0.965568, 0.130715, -0.044101, 0.314291, -0.055086, 0.947725, -0.009611, 0.922297, 0.254251, -0.291079, 0.092973, 0.0, 0.0, 0.0, 1.0],
                [-0.245526, 0.962204, 0.117816, -0.046453, 0.326208, -0.032439, 0.944739, -0.009876, 0.912857, 0.270391, -0.305914, 0.091797, 0.0, 0.0, 0.0, 1.0],
                [-0.269316, 0.956152, 0.115078, -0.048721, 0.335143, -0.018974, 0.941975, -0.010486, 0.902857, 0.292256, -0.315337, 0.090541, 0.0, 0.0, 0.0, 1.0],
                [-0.295518, 0.947418, 0.122746, -0.050983, 0.339579, -0.015921, 0.940441, -0.011496, 0.892949, 0.319599, -0.317018, 0.089168, 0.0, 0.0, 0.0, 1.0],
                [-0.330874, 0.930852, 0.155039, -0.05276, 0.330934, -0.039403, 0.942829, -0.01415, 0.883746, 0.363266, -0.295013, 0.08773, 0.0, 0.0, 0.0, 1.0],
                [-0.387544, 0.89269, 0.230029, -0.054342, 0.308786, -0.109408, 0.944817, -0.019577, 0.868599, 0.437188, -0.233249, 0.085695, 0.0, 0.0, 0.0, 1.0],
                [-0.429618, 0.853336, 0.295376, -0.055435, 0.292803, -0.177788, 0.939497, -0.023711, 0.854223, 0.490112, -0.173479, 0.083947, 0.0, 0.0, 0.0, 1.0],
                [-0.463684, 0.810997, 0.356765, -0.057288, 0.282812, -0.246126, 0.927058, -0.026442, 0.839653, 0.53076, -0.115235, 0.081852, 0.0, 0.0, 0.0, 1.0],
                [-0.492171, 0.771644, 0.402906, -0.061375, 0.272779, -0.302822, 0.913175, -0.026421, 0.826657, 0.559343, -0.061448, 0.078851, 0.0, 0.0, 0.0, 1.0],
                [-0.406697, 0.783008, 0.470634, -0.079119, 0.353411, -0.340208, 0.871411, -0.029492, 0.842439, 0.520726, -0.138361, 0.059414, 0.0, 0.0, 0.0, 1.0],
                [-0.574908, 0.727235, 0.37498, -0.089619, 0.249074, -0.280991, 0.926824, -0.031282, 0.779389, 0.626236, -0.019592, 0.040437, 0.0, 0.0, 0.0, 1.0],
                [-0.917261, 0.398185, 0.009075, -0.0981, -0.104655, -0.26294, 0.959118, -0.028951, 0.384294, 0.878812, 0.282855, 0.012074, 0.0, 0.0, 0.0, 1.0],
                [-0.92433, -0.357081, -0.134573, -0.098705, 0.109316, -0.585657, 0.803153, -0.028558, -0.365606, 0.727666, 0.580374, -0.010355, 0.0, 0.0, 0.0, 1.0],
                [-0.795899, -0.533657, -0.285933, -0.094215, -0.082673, -0.372058, 0.924519, -0.029572, -0.599763, 0.759461, 0.252001, -0.029973, 0.0, 0.0, 0.0, 1.0],
                [-0.641635, -0.601712, -0.475657, -0.086106, -0.366026, -0.304771, 0.879283, -0.034633, -0.674044, 0.73828, -0.024691, -0.045282, 0.0, 0.0, 0.0, 1.0],
                [-0.209357, -0.703343, -0.679321, -0.075851, -0.504661, -0.517329, 0.691149, -0.035447, -0.837551, 0.487523, -0.246643, -0.06021, 0.0, 0.0, 0.0, 1.0],
                [0.625646, -0.312798, -0.714651, -0.054858, -0.213485, -0.949772, 0.228813, -0.034833, -0.750331, 0.009412, -0.660997, -0.079675, 0.0, 0.0, 0.0, 1.0],
                [0.924273, -0.141745, -0.354445, 0.00787, -0.129841, -0.989878, 0.05728, -0.041121, -0.358977, -0.00692, -0.933321, -0.094488, 0.0, 0.0, 0.0, 1.0],
                [0.991421, -0.119567, -0.052831, 0.068601, -0.124139, -0.987804, -0.093973, -0.029756, -0.04095, 0.099725, -0.994172, -0.071329, 0.0, 0.0, 0.0, 1.0],
                [0.868562, 0.346348, 0.354467, 0.103118, 0.353928, -0.934163, 0.04553, -0.003467, 0.3469, 0.085911, -0.93396, -0.00575, 0.0, 0.0, 0.0, 1.0],
                [0.518519, 0.645371, 0.560922, 0.08716, 0.558436, -0.752365, 0.349421, 0.015823, 0.647526, 0.132057, -0.750514, 0.053214, 0.0, 0.0, 0.0, 1.0],
                [0.394436, 0.717688, 0.573884, 0.068888, 0.580088, -0.678819, 0.450225, 0.011234, 0.712688, 0.155318, -0.684072, 0.076208, 0.0, 0.0, 0.0, 1.0],
                [0.282269, 0.773397, 0.56761, 0.04959, 0.59556, -0.605118, 0.528337, 0.002058, 0.752087, 0.188913, -0.631409, 0.090644, 0.0, 0.0, 0.0, 1.0],
                [-0.019919, 0.866385, 0.498978, -0.228557, 0.602732, -0.387785, 0.697379, 0.018093, 0.797698, 0.31464, -0.514473, 0.089251, 0.0, 0.0, 0.0, 1.0],
                [-0.108074, 0.84137, 0.529543, -0.228704, 0.547631, -0.394176, 0.738055, 0.017809, 0.829713, 0.369758, -0.41816, 0.089782, 0.0, 0.0, 0.0, 1.0],
                [-0.142986, 0.843808, 0.517245, -0.22885, 0.537997, -0.372395, 0.756228, 0.017525, 0.830734, 0.386405, -0.400718, 0.090313, 0.0, 0.0, 0.0, 1.0],
                [-0.179905, 0.844224, 0.504894, -0.228997, 0.53597, -0.346264, 0.769959, 0.017241, 0.82485, 0.409126, -0.390184, 0.090844, 0.0, 0.0, 0.0, 1.0],
                [-0.21337, 0.849725, 0.48212, -0.229144, 0.534638, -0.311478, 0.785585, 0.016957, 0.817704, 0.425379, -0.387835, 0.091375, 0.0, 0.0, 0.0, 1.0],
                [-0.239531, 0.856825, 0.456592, -0.229291, 0.533471, -0.276777, 0.799252, 0.016673, 0.811195, 0.435024, -0.390794, 0.091906, 0.0, 0.0, 0.0, 1.0],
                [-0.253238, 0.862526, 0.438083, -0.229438, 0.532927, -0.253555, 0.807279, 0.016388, 0.807383, 0.437898, -0.395453, 0.092437, 0.0, 0.0, 0.0, 1.0],
                [-0.253719, 0.867391, 0.42809, -0.229584, 0.534569, -0.243107, 0.809404, 0.016104, 0.806142, 0.434205, -0.401998, 0.092968, 0.0, 0.0, 0.0, 1.0],
                [-0.239635, 0.87359, 0.423569, -0.229731, 0.539661, -0.242814, 0.806107, 0.01582, 0.807062, 0.421753, -0.413255, 0.093499, 0.0, 0.0, 0.0, 1.0],
                [-0.218331, 0.879288, 0.423298, -0.229878, 0.547248, -0.248824, 0.799128, 0.015536, 0.807996, 0.406122, -0.426862, 0.09403, 0.0, 0.0, 0.0, 1.0],
                [-0.196801, 0.88424, 0.423542, -0.228418, 0.554695, -0.25579, 0.791761, 0.015755, 0.808447, 0.390755, -0.440143, 0.09456, 0.0, 0.0, 0.0, 1.0],
                [-0.179691, 0.887335, 0.424672, -0.226958, 0.561099, -0.262139, 0.785144, 0.015974, 0.808012, 0.379366, -0.450778, 0.09509, 0.0, 0.0, 0.0, 1.0],
                [-0.170681, 0.889061, 0.424776, -0.225498, 0.56412, -0.265285, 0.781916, 0.016193, 0.807864, 0.373081, -0.456258, 0.095621, 0.0, 0.0, 0.0, 1.0],
                [-0.163472, 0.889879, 0.4259, -0.224038, 0.567746, -0.268197, 0.778289, 0.016412, 0.806811, 0.369031, -0.461382, 0.096151, 0.0, 0.0, 0.0, 1.0],
                [-0.15063, 0.888431, 0.433588, -0.222577, 0.574678, -0.278183, 0.769649, 0.016631, 0.804401, 0.365104, -0.468658, 0.096681, 0.0, 0.0, 0.0, 1.0],
                [-0.123843, 0.885135, 0.448549, -0.221117, 0.586677, -0.299252, 0.752502, 0.016849, 0.8003, 0.356345, -0.482227, 0.097211, 0.0, 0.0, 0.0, 1.0],
                [-0.094903, 0.879267, 0.466775, -0.219657, 0.601523, -0.32296, 0.730662, 0.017068, 0.793203, 0.350116, -0.498249, 0.097741, 0.0, 0.0, 0.0, 1.0],
                [-0.071899, 0.871315, 0.485425, -0.218197, 0.613347, -0.345164, 0.7104, 0.017287, 0.786538, 0.34881, -0.509601, 0.098271, 0.0, 0.0, 0.0, 1.0],
                [-0.048658, 0.86265, 0.503454, -0.194548, 0.624392, -0.367151, 0.689446, 0.015973, 0.779597, 0.347899, -0.520766, 0.098804, 0.0, 0.0, 0.0, 1.0],
                [-0.028865, 0.851683, 0.52326, -0.170899, 0.633618, -0.389284, 0.668571, 0.014659, 0.77311, 0.350845, -0.528404, 0.099337, 0.0, 0.0, 0.0, 1.0],
                [-0.008518, 0.840001, 0.542518, -0.147251, 0.640767, -0.41193, 0.647868, 0.013345, 0.767691, 0.353146, -0.534735, 0.09987, 0.0, 0.0, 0.0, 1.0],
                [0.01411, 0.826203, 0.563195, -0.123602, 0.646317, -0.437305, 0.625331, 0.012031, 0.76294, 0.355179, -0.540159, 0.100402, 0.0, 0.0, 0.0, 1.0],
                [0.033348, 0.807803, 0.588505, -0.099953, 0.650264, -0.464695, 0.601012, 0.010717, 0.75898, 0.36264, -0.540782, 0.100935, 0.0, 0.0, 0.0, 1.0],
                [0.053722, 0.782485, 0.620347, -0.076304, 0.652799, -0.497627, 0.571159, 0.009403, 0.755627, 0.374277, -0.537538, 0.101468, 0.0, 0.0, 0.0, 1.0],
                [0.119755, 0.746047, 0.655035, -0.052655, 0.656402, -0.554497, 0.511538, 0.008088, 0.744849, 0.368706, -0.556109, 0.102, 0.0, 0.0, 0.0, 1.0],
                [0.25081, 0.687135, 0.681864, -0.005358, 0.655198, -0.639016, 0.402958, 0.00546, 0.712611, 0.34569, -0.61048, 0.103066, 0.0, 0.0, 0.0, 1.0],
                [0.411394, 0.622664, 0.665615, 0.02296, 0.634946, -0.719707, 0.280829, 0.007731, 0.653911, 0.307098, -0.691442, 0.100467, 0.0, 0.0, 0.0, 1.0],
                [0.563603, 0.555496, 0.611373, 0.048853, 0.596094, -0.785874, 0.164537, 0.00886, 0.571864, 0.271701, -0.774049, 0.090635, 0.0, 0.0, 0.0, 1.0],
                [0.681388, 0.492565, 0.541379, 0.067594, 0.560501, -0.826828, 0.046828, 0.008573, 0.470695, 0.271534, -0.839474, 0.077698, 0.0, 0.0, 0.0, 1.0],
                [0.766603, 0.453937, 0.454161, 0.080522, 0.529263, -0.847176, -0.046608, 0.006575, 0.363598, 0.2761, -0.8897, 0.064436, 0.0, 0.0, 0.0, 1.0],
                [0.827678, 0.431023, 0.359403, 0.090154, 0.501082, -0.855969, -0.127408, 0.003828, 0.252722, 0.285543, -0.924445, 0.050362, 0.0, 0.0, 0.0, 1.0],
                [0.866449, 0.407615, 0.288302, 0.096532, 0.47204, -0.856904, -0.207107, 0.001669, 0.162627, 0.315537, -0.934874, 0.036843, 0.0, 0.0, 0.0, 1.0],
                [0.886464, 0.397081, 0.237721, 0.10011, 0.449156, -0.861968, -0.235091, 0.000463, 0.111558, 0.315173, -0.942455, 0.025618, 0.0, 0.0, 0.0, 1.0],
                [0.893959, 0.40039, 0.201318, 0.101731, 0.430602, -0.891888, -0.138256, 0.000391, 0.124198, 0.210282, -0.96972, 0.018144, 0.0, 0.0, 0.0, 1.0],
                [0.895842, 0.393074, 0.207271, 0.102393, 0.405362, -0.913964, -0.018734, 0.000864, 0.182075, 0.100803, -0.978104, 0.013907, 0.0, 0.0, 0.0, 1.0],
                [0.893158, 0.396566, 0.212148, 0.10269, 0.385625, -0.918003, 0.092519, 0.001335, 0.231444, -0.000824, -0.972848, 0.011467, 0.0, 0.0, 0.0, 1.0],
                [0.885763, 0.391228, 0.249734, 0.102795, 0.374485, -0.920266, 0.113444, 0.001932, 0.274205, -0.006962, -0.961646, 0.010389, 0.0, 0.0, 0.0, 1.0],
                [0.875776, 0.371791, 0.307882, 0.102779, 0.358778, -0.928035, 0.100136, 0.002395, 0.322956, 0.022765, -0.946141, 0.010449, 0.0, 0.0, 0.0, 1.0],
                [0.867898, 0.345586, 0.356828, 0.102685, 0.333158, -0.937772, 0.09791, 0.002909, 0.368461, 0.033905, -0.929025, 0.011215, 0.0, 0.0, 0.0, 1.0],
                [0.881032, 0.331, 0.33797, 0.102531, 0.314907, -0.9435, 0.103141, 0.003304, 0.353016, 0.015559, -0.935488, 0.012452, 0.0, 0.0, 0.0, 1.0],
                [0.880515, 0.326803, 0.34336, 0.102344, 0.304461, -0.945091, 0.118761, 0.00366, 0.363318, -3.1e-05, -0.931665, 0.013814, 0.0, 0.0, 0.0, 1.0],
                [0.88103, 0.321411, 0.347107, 0.102176, 0.293712, -0.946839, 0.131249, 0.003917, 0.37084, -0.013685, -0.928596, 0.014942, 0.0, 0.0, 0.0, 1.0],
                [0.883846, 0.313052, 0.34759, 0.102075, 0.281183, -0.949376, 0.140064, 0.003906, 0.373843, -0.026058, -0.927126, 0.015621, 0.0, 0.0, 0.0, 1.0],
                [0.88742, 0.315994, 0.33561, 0.101886, 0.273636, -0.947025, 0.168126, 0.003067, 0.370958, -0.057362, -0.926877, 0.016981, 0.0, 0.0, 0.0, 1.0],
                [0.88958, 0.327342, 0.318582, 0.10143, 0.270053, -0.939404, 0.211166, 0.00165, 0.368401, -0.101815, -0.924075, 0.019694, 0.0, 0.0, 0.0, 1.0],
                [0.888939, 0.331919, 0.315631, 0.100948, 0.265827, -0.935032, 0.234621, 0.000713, 0.373002, -0.12466, -0.919419, 0.02208, 0.0, 0.0, 0.0, 1.0],
                [0.885281, 0.321935, 0.335614, 0.100612, 0.255084, -0.939554, 0.228405, -0.000118, 0.38886, -0.116593, -0.91389, 0.023575, 0.0, 0.0, 0.0, 1.0],
                [0.878002, 0.309241, 0.365356, 0.100315, 0.247627, -0.94666, 0.206186, -0.000412, 0.40963, -0.09056, -0.907746, 0.024807, 0.0, 0.0, 0.0, 1.0],
                [0.869665, 0.294574, 0.396123, 0.100078, 0.244125, -0.954086, 0.173545, -0.00027, 0.42906, -0.054222, -0.901648, 0.025746, 0.0, 0.0, 0.0, 1.0],
                [0.86442, 0.278001, 0.418922, 0.099923, 0.239105, -0.960275, 0.143872, -0.000476, 0.442278, -0.024199, -0.896552, 0.02634, 0.0, 0.0, 0.0, 1.0],
                [0.861876, 0.267619, 0.430759, 0.099845, 0.236134, -0.963498, 0.126135, -0.000612, 0.448793, -0.006996, -0.893609, 0.026629, 0.0, 0.0, 0.0, 1.0],
                [0.860324, 0.26054, 0.438138, 0.099819, 0.234419, -0.965449, 0.113808, -0.000752, 0.452653, 0.004796, -0.891675, 0.026724, 0.0, 0.0, 0.0, 1.0],
                [0.804063, 0.277381, 0.525875, 0.09988, 0.202727, -0.9594, 0.196084, -0.000836, 0.558917, -0.051054, -0.827652, 0.026491, 0.0, 0.0, 0.0, 1.0],
                [0.812085, 0.313262, 0.492327, 0.098141, 0.240077, -0.948336, 0.207415, -0.003908, 0.531868, -0.050242, -0.845335, 0.032119, 0.0, 0.0, 0.0, 1.0]
            ]
        },
        {
            "name": "Leg_R",
            "time": [0.0, 0.0333, 0.0667, 0.1, 0.1333, 0.1667, 0.2, 0.2333, 0.2667, 0.3, 0.3333, 0.3667, 0.4, 0.4333, 0.4667, 0.5, 0.5333, 0.5667, 0.6, 0.6333, 0.6667, 0.7, 0.7333, 0.7667, 0.8, 0.8333, 0.9, 0.9333, 0.9667, 1.0, 1.0333, 1.0667, 1.1, 1.1333, 1.1667, 1.2333, 1.2667, 1.3333, 1.3667, 1.4, 1.4333, 1.4667, 1.5, 1.5333, 1.5667, 1.6, 1.6333, 1.6667, 1.7, 1.7333, 1.7667, 1.8, 1.8333, 1.8667, 1.9, 1.9333, 1.9667, 2.0, 2.0333, 2.0667, 2.1, 2.1333, 2.1667, 2.2, 2.2333, 2.3, 2.3667, 2.4333, 2.5667, 2.6, 2.6333, 2.6667, 2.7, 2.7333, 2.7667, 2.8, 2.8333, 2.8667, 2.9, 2.9333, 2.9667, 3.0, 3.0333, 3.0667, 3.1, 3.1333, 3.1667, 3.2, 3.2333, 3.2667, 3.3, 3.3333, 3.4, 3.4333],
            "transform": [
                [1.0, -0.001945, 0.000209, -0.0, 0.000208, 0.212056, 0.977256, 0.37472, -0.001945, -0.977254, 0.212056, 0.0, 0.0, 0.0, 0.0, 1.0],
                [0.999998, 0.001935, -0.000267, 0.0, -0.000268, 0.271138, 0.96254, 0.37472, 0.001935, -0.962541, 0.271137, -0.0, 0.0, 0.0, 0.0, 1.0],
                [0.999998, 0.00194, -0.000224, 0.0, -0.000224, 0.228038, 0.973652, 0.37472, 0.00194, -0.973652, 0.228037, -0.0, 0.0, 0.0, 0.0, 1.0],
                [0.999998, 0.001942, -0.000206, 0.0, -0.000207, 0.210355, 0.977624, 0.37472, 0.001942, -0.977625, 0.210354, -0.0, 0.0, 0.0, 0.0, 1.0],
                [0.999998, 0.001941, -0.000216, 0.0, -0.000217, 0.220727, 0.975335, 0.37472, 0.001941, -0.975335, 0.220726, -0.0, 0.0, 0.0, 0.0, 1.0],
                [0.999998, 0.001936, -0.000253, 0.0, -0.000254, 0.257386, 0.966308, 0.37472, 0.001936, -0.966308, 0.257385, -0.0, 0.0, 0.0, 0.0, 1.0],
                [0.999998, 0.001927, -0.000322, 0.0, -0.000322, 0.325103, 0.945678, 0.37472, 0.001927, -0.945678, 0.325103, 0.0, 0.0, 0.0, 0.0, 1.0],
                [0.999998, 0.00194, -0.000239, -0.0, -0.00024, 0.243637, 0.969865, 0.37472, 0.00194, -0.969866, 0.243637, 0.0, 0.0, 0.0, 0.0, 1.0],
                [0.999999, 0.001951, -0.000107, 0.0, -0.000107, 0.109202, 0.994018, 0.37472, 0.001951, -0.994019, 0.109202, -0.0, 0.0, 0.0, 0.0, 1.0],
                [0.999999, 0.001952, -6.3e-05, -0.0, -6.4e-05, 0.064945, 0.997888, 0.37472, 0.001952, -0.997888, 0.064945, 0.0, 0.0, 0.0, 0.0, 1.0],
                [0.999999, 0.001953, -1.6e-05, -0.0, -1.6e-05, 0.016539, 0.999863, 0.37472, 0.001953, -0.999862, 0.016539, 0.0, 0.0, 0.0, 0.0, 1.0],
                [0.999999, 0.001953, 3.2e-05, -0.0, 3.2e-05, -0.032828, 0.999459, 0.37472, 0.001953, -0.999461, -0.032828, -0.0, 0.0, 0.0, 0.0, 1.0],
                [0.999999, 0.001952, 7.9e-05, 0.0, 7.8e-05, -0.080358, 0.996765, 0.37472, 0.001952, -0.996765, -0.080358, 0.0, 0.0, 0.0, 0.0, 1.0],
                [0.999999, 0.00195, 9.9e-05, 0.0, 9.8e-05, -0.100881, 0.994897, 0.37472, 0.00195, -0.994897, -0.100881, 0.0, 0.0, 0.0, 0.0, 1.0],
                [0.999998, 0.00195, 0.000108, -0.0, 0.000107, -0.10986, 0.993946, 0.37472, 0.00195, -0.993947, -0.109859, -0.0, 0.0, 0.0, 0.0, 1.0],
                [0.999998, 0.00195, 0.000116, 0.0, 0.000116, -0.118832, 0.992913, 0.37472, 0.00195, -0.992914, -0.118832, -0.0, 0.0, 0.0, 0.0, 1.0],
                [0.999998, 0.001949, 0.000124, -0.0, 0.000123, -0.126176, 0.992007, 0.37472, 0.001949, -0.992008, -0.126175, 0.0, 0.0, 0.0, 0.0, 1.0],
                [0.999998, 0.001949, 0.000127, 0.0, 0.000126, -0.128915, 0.991655, 0.37472, 0.00195, -0.991656, -0.128914, -0.0, 0.0, 0.0, 0.0, 1.0],
                [0.999998, 0.00195, 0.000118, 0.0, 0.000116, -0.119314, 0.992855, 0.37472, 0.00195, -0.992857, -0.119313, 0.0, 0.0, 0.0, 0.0, 1.0],
                [0.999998, 0.001951, 9.4e-05, 0.0, 9.4e-05, -0.096218, 0.995359, 0.37472, 0.001951, -0.99536, -0.096218, -0.0, 0.0, 0.0, 0.0, 1.0],
                [0.999998, 0.001953, 5.8e-05, 0.0, 5.7e-05, -0.058706, 0.998275, 0.37472, 0.001953, -0.998275, -0.058706, -0.0, 0.0, 0.0, 0.0, 1.0],
                [0.999998, 0.001954, -1.4e-05, 0.0, -1.5e-05, 0.01492, 0.999887, 0.37472, 0.001954, -0.999889, 0.01492, 0.0, 0.0, 0.0, 0.0, 1.0],
                [0.999999, 0.001947, -0.000168, 0.0, -0.000169, 0.172127, 0.985074, 0.37472, 0.001946, -0.985074, 0.172127, 0.0, 0.0, 0.0, 0.0, 1.0],
                [0.999999, 0.001928, -0.000312, 0.0, -0.000313, 0.315964, 0.948771, 0.37472, 0.001928, -0.94877, 0.315964, 0.0, 0.0, 0.0, 0.0, 1.0],
                [0.999999, 0.001899, -0.000461, 0.0, -0.000463, 0.45946, 0.888198, 0.37472, 0.001899, -0.888196, 0.45946, 0.0, 0.0, 0.0, 0.0, 1.0],
                [0.999999, 0.00186, -0.000596, -0.0, -0.000597, 0.581649, 0.813439, 0.37472, 0.001859, -0.813438, 0.581649, -0.0, 0.0, 0.0, 0.0, 1.0],
                [1.000001, 0.001844, -0.000647, 0.0, -0.000648, 0.625027, 0.780601, 0.37472, 0.001844, -0.780598, 0.625028, -0.0, 0.0, 0.0, 0.0, 1.0],
                [1.000001, 0.00189, -0.000578, -0.0, -0.000579, 0.559813, 0.828618, 0.37472, 0.001889, -0.828615, 0.559814, -0.0, 0.0, 0.0, 0.0, 1.0],
                [1.000001, 0.001936, 0.000307, 0.0, 0.000307, -0.309054, 0.951043, 0.37472, 0.001936, -0.951041, -0.309055, 0.0, 0.0, 0.0, 0.0, 1.0],
                [1.0, 0.001891, 0.000488, -0.0, 0.000489, -0.484262, 0.874923, 0.37472, 0.001891, -0.874919, -0.484263, 0.0, 0.0, 0.0, 0.0, 1.0],
                [1.000001, 0.001914, 0.000394, -0.0, 0.000395, -0.395528, 0.918453, 0.37472, 0.001914, -0.918449, -0.395529, -0.0, 0.0, 0.0, 0.0, 1.0],
                [1.000001, 0.00196, -0.000139, -0.0, -0.000139, 0.141147, 0.989988, 0.37472, 0.00196, -0.989985, 0.141147, 0.0, 0.0, 0.0, 0.0, 1.0],
                [1.0, 0.001912, -0.000402, -0.0, -0.000403, 0.403337, 0.915051, 0.37472, 0.001912, -0.915048, 0.403338, -0.0, 0.0, 0.0, 0.0, 1.0],
                [1.0, 0.001942, -0.000205, -0.0, -0.000206, 0.209426, 0.977824, 0.37472, 0.001942, -0.977822, 0.209426, 0.0, 0.0, 0.0, 0.0, 1.0],
                [1.000001, 0.001928, -0.000307, 0.0, -0.000308, 0.311105, 0.950375, 0.37472, 0.001928, -0.950372, 0.311106, 0.0, 0.0, 0.0, 0.0, 1.0],
                [1.000001, 0.001905, -0.000427, 0.0, -0.000428, 0.427377, 0.904072, 0.37472, 0.001905, -0.904069, 0.427377, -0.0, 0.0, 0.0, 0.0, 1.0],
                [1.0, 0.00192, -0.000356, 0.0, -0.000357, 0.358903, 0.933374, 0.37472, 0.00192, -0.933372, 0.358903, 0.0, 0.0, 0.0, 0.0, 1.0],
                [1.000001, 0.001935, -0.000268, 0.0, -0.000269, 0.272464, 0.962165, 0.37472, 0.001935, -0.962161, 0.272464, 0.0, 0.0, 0.0, 0.0, 1.0],
                [1.000001, 0.001947, -0.00015, -0.0, -0.000151, 0.153812, 0.9881, 0.37472, 0.001947, -0.988096, 0.153812, -0.0, 0.0, 0.0, 0.0, 1.0],
                [1.000001, 0.001952, -2.6e-05, 0.0, -2.6e-05, 0.026202, 0.999656, 0.37472, 0.001952, -0.999653, 0.026202, 0.0, 0.0, 0.0, 0.0, 1.0],
                [1.000002, 0.00193, -0.000302, 0.0, -0.000303, 0.305699, 0.952127, 0.37472, 0.00193, -0.952123, 0.3057, 0.0, 0.0, 0.0, 0.0, 1.0],
                [1.0, 0.00191, -0.000406, -0.0, -0.000407, 0.407241, 0.91332, 0.37472, 0.00191, -0.913317, 0.407241, -0.0, 0.0, 0.0, 0.0, 1.0],
                [1.0, 0.001916, -0.000379, 0.0, -0.00038, 0.381389, 0.924414, 0.37472, 0.001916, -0.924411, 0.381389, -0.0, 0.0, 0.0, 0.0, 1.0],
                [1.000001, 0.001924, -0.000334, 0.0, -0.000334, 0.336811, 0.941572, 0.37472, 0.001924, -0.941569, 0.336811, -0.0, 0.0, 0.0, 0.0, 1.0],
                [1.000001, 0.001934, -0.000276, 0.0, -0.000277, 0.280559, 0.959836, 0.37472, 0.001934, -0.959833, 0.28056, -0.0, 0.0, 0.0, 0.0, 1.0],
                [1.000001, 0.001941, -0.000219, -0.0, -0.00022, 0.223326, 0.974743, 0.37472, 0.001941, -0.974741, 0.223326, -0.0, 0.0, 0.0, 0.0, 1.0],
                [1.0, 0.001944, -0.00018, 0.0, -0.000181, 0.183913, 0.982942, 0.37472, 0.001944, -0.982938, 0.183913, -0.0, 0.0, 0.0, 0.0, 1.0],
                [1.000002, 0.001946, -0.000161, 0.0, -0.000162, 0.164564, 0.986365, 0.37472, 0.001946, -0.986362, 0.164564, 0.0, 0.0, 0.0, 0.0, 1.0],
                [1.000001, 0.001946, -0.000152, -0.0, -0.000153, 0.155609, 0.987819, 0.37472, 0.001946, -0.987814, 0.15561, -0.0, 0.0, 0.0, 0.0, 1.0],
                [1.000001, 0.001947, -0.000149, 0.0, -0.00015, 0.152914, 0.988239, 0.37472, 0.001947, -0.988235, 0.152914, 0.0, 0.0, 0.0, 0.0, 1.0],
                [1.0, 0.001947, -0.000151, 0.0, -0.000152, 0.154412, 0.988006, 0.37472, 0.001947, -0.988004, 0.154412, -0.0, 0.0, 0.0, 0.0, 1.0],
                [1.000001, 0.001947, -0.000153, 0.0, -0.000153, 0.155908, 0.987771, 0.37472, 0.001947, -0.987767, 0.155909, -0.0, 0.0, 0.0, 0.0, 1.0],
                [1.000001, 0.001947, -0.000154, 0.0, -0.000154, 0.157404, 0.987534, 0.37472, 0.001947, -0.98753, 0.157405, -0.0, 0.0, 0.0, 0.0, 1.0],
