{
    "animation": [
        {
            "name": "Root",
            "time": [0.0, 0.0333, 0.0667, 0.1, 0.1333, 0.1667, 0.2, 0.2333, 0.2667, 0.3, 0.3333, 0.3667, 0.4, 0.4333, 0.4667, 0.5, 0.5333, 0.5667, 0.6, 0.6333, 0.6667, 0.7, 0.7333, 0.7667, 0.8, 0.8333, 0.8667, 0.9, 0.9333, 0.9667, 1.0, 1.0333, 1.0667, 1.1, 1.1333, 1.1667, 1.2, 1.2333, 1.2667, 1.3, 1.3333, 1.3667, 1.4, 1.4333, 1.4667, 1.5, 1.5333, 1.5667, 1.6, 1.6333, 1.6667, 1.7, 1.7333, 1.7667, 1.8, 1.8333, 1.8667, 1.9, 1.9333, 1.9667, 2.0, 2.0333, 2.0667, 2.1, 2.1333, 2.1667, 2.2, 2.2333, 2.2667, 2.3, 2.3333, 2.3667, 2.4, 2.4333, 2.4667, 2.5, 2.5333, 2.5667, 2.6, 2.6333, 2.6667, 2.7, 2.7333, 2.7667],
            "transform": [
                [1.0, 0.000632, 1e-06, 0.000309, -1e-06, 0.003856, -0.999991, 0.001838, -0.000632, 0.999993, 0.003856, 0.723106, 0.0, 0.0, 0.0, 1.0],
                [0.999999, 0.000925, 2e-06, -0.000109, -2e-06, 0.003797, -0.999992, 0.074525, -0.000925, 0.999993, 0.003797, 0.67854, 0.0, 0.0, 0.0, 1.0],
                [0.999999, 0.001237, 2e-06, -0.000535, -2e-06, 0.003707, -0.999993, 0.148755, -0.001237, 0.999992, 0.003707, 0.630068, 0.0, 0.0, 0.0, 1.0],
                [0.999999, 0.00155, 3e-06, -0.000976, -3e-06, 0.003587, -0.999993, 0.223602, -0.00155, 0.999993, 0.003587, 0.581596, 0.0, 0.0, 0.0, 1.0],
                [0.999998, 0.001849, 3e-06, -0.001437, -4e-06, 0.003443, -0.999994, 0.298133, -0.001849, 0.999992, 0.003443, 0.533124, 0.0, 0.0, 0.0, 1.0],
                [0.999998, 0.002117, 3e-06, -0.00192, -3e-06, 0.003285, -0.999994, 0.371423, -0.002117, 0.999993, 0.003285, 0.487255, 0.0, 0.0, 0.0, 1.0],
                [0.999997, 0.002344, 4e-06, -0.005025, -4e-06, 0.003127, -0.999995, 0.442544, -0.002344, 0.999993, 0.003127, 0.445946, 0.0, 0.0, 0.0, 1.0],
                [0.999997, 0.002521, 3e-06, -0.008146, -4e-06, 0.002986, -0.999995, 0.510567, -0.002521, 0.999992, 0.002986, 0.411152, 0.0, 0.0, 0.0, 1.0],
                [0.999996, 0.002642, 4e-06, -0.014616, -4e-06, 0.00288, -0.999996, 0.574562, -0.002642, 0.999992, 0.00288, 0.384819, 0.0, 0.0, 0.0, 1.0],
                [0.999996, 0.002647, 4e-06, -0.034008, -4e-06, 0.002876, -0.999996, 0.621823, -0.002647, 0.999993, 0.002876, 0.37913, 0.0, 0.0, 0.0, 1.0],
                [0.999997, 0.002512, 3e-06, -0.065049, -4e-06, 0.002994, -0.999995, 0.652865, -0.002512, 0.999993, 0.002994, 0.397834, 0.0, 0.0, 0.0, 1.0],
                [0.999997, 0.002278, 4e-06, -0.090649, -3e-06, 0.003176, -0.999994, 0.686588, -0.002278, 0.999993, 0.003176, 0.430261, 0.0, 0.0, 0.0, 1.0],
                [0.999998, 0.001987, 3e-06, -0.093712, -4e-06, 0.003366, -0.999994, 0.741892, -0.001987, 0.999993, 0.003366, 0.465714, 0.0, 0.0, 0.0, 1.0],
                [0.999999, 0.001637, 3e-06, -0.067386, -3e-06, 0.003549, -0.999993, 0.831801, -0.001637, 0.999992, 0.003549, 0.506591, 0.0, 0.0, 0.0, 1.0],
                [0.999999, 0.001212, 2e-06, -0.023256, -2e-06, 0.003715, -0.999993, 0.938312, -0.001212, 0.999993, 0.003715, 0.557819, 0.0, 0.0, 0.0, 1.0],
                [1.0, 0.000741, 1e-06, 0.028092, -1e-06, 0.003837, -0.999993, 1.051169, -0.000741, 0.999992, 0.003837, 0.609047, 0.0, 0.0, 0.0, 1.0],
                [1.0, 0.000248, 1e-06, 0.076109, -0.0, 0.0039, -0.999992, 1.160125, -0.000248, 0.999992, 0.0039, 0.654535, 0.0, 0.0, 0.0, 1.0],
                [0.999993, -0.000241, 0.003693, 0.110229, 0.003694, 0.0039, -0.999985, 1.25493, 0.000226, 0.999993, 0.003901, 0.685473, 0.0, 0.0, 0.0, 1.0],
                [0.999994, -0.000658, 0.003389, 0.115158, 0.003391, 0.003852, -0.999987, 1.320155, 0.000645, 0.999992, 0.003854, 0.694909, 0.0, 0.0, 0.0, 1.0],
                [0.999994, -0.000988, 0.003203, 0.101169, 0.003207, 0.003781, -0.999988, 1.3651, 0.000976, 0.999992, 0.003784, 0.678824, 0.0, 0.0, 0.0, 1.0],
                [0.999995, -0.001259, 0.003079, 0.096064, 0.003084, 0.003699, -0.999988, 1.416617, 0.001248, 0.999993, 0.003703, 0.633574, 0.0, 0.0, 0.0, 1.0],
                [0.999995, -0.001516, 0.002983, 0.113831, 0.002988, 0.003602, -0.999989, 1.489794, 0.001505, 0.999993, 0.003607, 0.538948, 0.0, 0.0, 0.0, 1.0],
                [0.999994, -0.001751, 0.002911, 0.140485, 0.002917, 0.003494, -0.999989, 1.569555, 0.001741, 0.999993, 0.003499, 0.415157, 0.0, 0.0, 0.0, 1.0],
                [0.999994, -0.001953, 0.002858, 0.161861, 0.002865, 0.003385, -0.99999, 1.637485, 0.001944, 0.999992, 0.00339, 0.319195, 0.0, 0.0, 0.0, 1.0],
                [0.999994, -0.002127, 0.002822, 0.173772, 0.002829, 0.003278, -0.99999, 1.684882, 0.002118, 0.999992, 0.003284, 0.300447, 0.0, 0.0, 0.0, 1.0],
                [0.999994, -0.002273, 0.002798, 0.18231, 0.002805, 0.003178, -0.999991, 1.726047, 0.002265, 0.999993, 0.003184, 0.318376, 0.0, 0.0, 0.0, 1.0],
                [0.999993, -0.002378, 0.002783, 0.188048, 0.002791, 0.003101, -0.999991, 1.759743, 0.002369, 0.999993, 0.003108, 0.339443, 0.0, 0.0, 0.0, 1.0],
                [0.999993, -0.002431, 0.002778, 0.193798, 0.002785, 0.003059, -0.999991, 1.784787, 0.002423, 0.999992, 0.003066, 0.360511, 0.0, 0.0, 0.0, 1.0],
                [0.999994, -0.002413, 0.00278, 0.197048, 0.002787, 0.003074, -0.999991, 1.798928, 0.002405, 0.999993, 0.00308, 0.372932, 0.0, 0.0, 0.0, 1.0],
                [0.999993, -0.002335, 0.002789, 0.200319, 0.002797, 0.003133, -0.99999, 1.80345, 0.002326, 0.999993, 0.00314, 0.383251, 0.0, 0.0, 0.0, 1.0],
                [0.999993, -0.00224, 0.002803, 0.201166, 0.00281, 0.003202, -0.999991, 1.802434, 0.002231, 0.999993, 0.003208, 0.391836, 0.0, 0.0, 0.0, 1.0],
                [0.999994, -0.002171, 0.002815, 0.202006, 0.002822, 0.003249, -0.999991, 1.79997, 0.002162, 0.999993, 0.003256, 0.40042, 0.0, 0.0, 0.0, 1.0],
                [0.999994, -0.002137, 0.002821, 0.201155, 0.002828, 0.003271, -0.999991, 1.79584, 0.002128, 0.999992, 0.003277, 0.409004, 0.0, 0.0, 0.0, 1.0],
                [0.999994, -0.002111, 0.002825, 0.200302, 0.002832, 0.003289, -0.99999, 1.788303, 0.002101, 0.999993, 0.003295, 0.417588, 0.0, 0.0, 0.0, 1.0],
                [0.999994, -0.002092, 0.002829, 0.19777, 0.002836, 0.003301, -0.99999, 1.779151, 0.002082, 0.999993, 0.003307, 0.425235, 0.0, 0.0, 0.0, 1.0],
                [0.999994, -0.002073, 0.002833, 0.195238, 0.00284, 0.003314, -0.99999, 1.770183, 0.002063, 0.999993, 0.00332, 0.432882, 0.0, 0.0, 0.0, 1.0],
                [0.999994, -0.002053, 0.002837, 0.191209, 0.002844, 0.003325, -0.999991, 1.760724, 0.002044, 0.999992, 0.003331, 0.440529, 0.0, 0.0, 0.0, 1.0],
                [0.999994, -0.002033, 0.002841, 0.18718, 0.002848, 0.003337, -0.99999, 1.7502, 0.002024, 0.999993, 0.003343, 0.448176, 0.0, 0.0, 0.0, 1.0],
                [0.999995, -0.002009, 0.002847, 0.181868, 0.002853, 0.003352, -0.99999, 1.740561, 0.001999, 0.999993, 0.003358, 0.455823, 0.0, 0.0, 0.0, 1.0],
                [0.999994, -0.001975, 0.002854, 0.176559, 0.002861, 0.003372, -0.99999, 1.733754, 0.001965, 0.999993, 0.003378, 0.46347, 0.0, 0.0, 0.0, 1.0],
                [0.999994, -0.001934, 0.002863, 0.169781, 0.00287, 0.003396, -0.999989, 1.731769, 0.001924, 0.999993, 0.003401, 0.469413, 0.0, 0.0, 0.0, 1.0],
                [0.999994, -0.001884, 0.002875, 0.163007, 0.002882, 0.003424, -0.99999, 1.733665, 0.001874, 0.999992, 0.00343, 0.475356, 0.0, 0.0, 0.0, 1.0],
                [0.999994, -0.001825, 0.00289, 0.154729, 0.002897, 0.003455, -0.99999, 1.736981, 0.001815, 0.999993, 0.003461, 0.479381, 0.0, 0.0, 0.0, 1.0],
                [0.999994, -0.001758, 0.002908, 0.146387, 0.002914, 0.00349, -0.999989, 1.741558, 0.001748, 0.999993, 0.003495, 0.481219, 0.0, 0.0, 0.0, 1.0],
                [0.999994, -0.001681, 0.002931, 0.13527, 0.002937, 0.003527, -0.99999, 1.749796, 0.001671, 0.999992, 0.003532, 0.480181, 0.0, 0.0, 0.0, 1.0],
                [0.999994, -0.001591, 0.002958, 0.119036, 0.002963, 0.003569, -0.999989, 1.760103, 0.001581, 0.999993, 0.003574, 0.475211, 0.0, 0.0, 0.0, 1.0],
                [0.999994, -0.001476, 0.002997, 0.10281, 0.003002, 0.003618, -0.99999, 1.772338, 0.001465, 0.999992, 0.003622, 0.470242, 0.0, 0.0, 0.0, 1.0],
                [0.999994, -0.00133, 0.003051, 0.087655, 0.003056, 0.003674, -0.999988, 1.790671, 0.001319, 0.999993, 0.003678, 0.467243, 0.0, 0.0, 0.0, 1.0],
                [0.999994, -0.001165, 0.00312, 0.076189, 0.003125, 0.00373, -0.999988, 1.818295, 0.001153, 0.999993, 0.003734, 0.46674, 0.0, 0.0, 0.0, 1.0],
                [0.999994, -0.000992, 0.003201, 0.066235, 0.003204, 0.00378, -0.999988, 1.852014, 0.00098, 0.999992, 0.003783, 0.468829, 0.0, 0.0, 0.0, 1.0],
                [0.999994, -0.00081, 0.003298, 0.056283, 0.003301, 0.003823, -0.999987, 1.88641, 0.000798, 0.999992, 0.003825, 0.477672, 0.0, 0.0, 0.0, 1.0],
                [0.999994, -0.000616, 0.003416, 0.046334, 0.003418, 0.003859, -0.999987, 1.922117, 0.000602, 0.999992, 0.003861, 0.496472, 0.0, 0.0, 0.0, 1.0],
                [0.999994, -0.000405, 0.003563, 0.036393, 0.003564, 0.003887, -0.999986, 1.958502, 0.000391, 0.999993, 0.003888, 0.522628, 0.0, 0.0, 0.0, 1.0],
                [0.999993, -0.000175, 0.00375, 0.024344, 0.003751, 0.003904, -0.999985, 1.988242, 0.000161, 0.999993, 0.003904, 0.548783, 0.0, 0.0, 0.0, 1.0],
                [1.0, 0.000109, 0.0, 0.012321, -0.0, 0.003906, -0.999992, 2.009304, -0.000109, 0.999992, 0.003906, 0.578573, 0.0, 0.0, 0.0, 1.0],
                [1.0, 0.00042, 0.0, 0.00032, -1e-06, 0.003885, -0.999992, 2.026246, -0.00042, 0.999992, 0.003885, 0.612033, 0.0, 0.0, 0.0, 1.0],
                [1.0, 0.000739, 1e-06, -0.013454, -1e-06, 0.003837, -0.999992, 2.041649, -0.000739, 0.999993, 0.003837, 0.645493, 0.0, 0.0, 0.0, 1.0],
                [0.999999, 0.00103, 2e-06, -0.027234, -2e-06, 0.00377, -0.999993, 2.058088, -0.00103, 0.999993, 0.00377, 0.670588, 0.0, 0.0, 0.0, 1.0],
                [0.999999, 0.001262, 2e-06, -0.041041, -2e-06, 0.003699, -0.999993, 2.078152, -0.001262, 0.999993, 0.003699, 0.682062, 0.0, 0.0, 0.0, 1.0],
                [0.999999, 0.001441, 3e-06, -0.0582, -3e-06, 0.003633, -0.999993, 2.102404, -0.001441, 0.999992, 0.003633, 0.678372, 0.0, 0.0, 0.0, 1.0],
                [0.999999, 0.001594, 3e-06, -0.077731, -3e-06, 0.003568, -0.999994, 2.129004, -0.001594, 0.999992, 0.003568, 0.664377, 0.0, 0.0, 0.0, 1.0],
                [0.999998, 0.001721, 3e-06, -0.097281, -3e-06, 0.003508, -0.999993, 2.156931, -0.001721, 0.999993, 0.003508, 0.643726, 0.0, 0.0, 0.0, 1.0],
                [0.999999, 0.001825, 3e-06, -0.116846, -3e-06, 0.003456, -0.999994, 2.18517, -0.001825, 0.999992, 0.003456, 0.620337, 0.0, 0.0, 0.0, 1.0],
                [0.999998, 0.001907, 3e-06, -0.132992, -3e-06, 0.003411, -0.999994, 2.212699, -0.001907, 0.999992, 0.003411, 0.596948, 0.0, 0.0, 0.0, 1.0],
                [0.999998, 0.001968, 3e-06, -0.144534, -3e-06, 0.003377, -0.999994, 2.238501, -0.001968, 0.999993, 0.003377, 0.578083, 0.0, 0.0, 0.0, 1.0],
                [0.999998, 0.001956, 3e-06, -0.143975, -3e-06, 0.003384, -0.999994, 2.262001, -0.001956, 0.999993, 0.003384, 0.563101, 0.0, 0.0, 0.0, 1.0],
                [0.999998, 0.001864, 3e-06, -0.131441, -4e-06, 0.003435, -0.999994, 2.282664, -0.001864, 0.999993, 0.003435, 0.550512, 0.0, 0.0, 0.0, 1.0],
                [0.999999, 0.00176, 3e-06, -0.118906, -3e-06, 0.003489, -0.999994, 2.29953, -0.00176, 0.999992, 0.003489, 0.542218, 0.0, 0.0, 0.0, 1.0],
                [0.999999, 0.001667, 3e-06, -0.107697, -3e-06, 0.003536, -0.999994, 2.314081, -0.001667, 0.999992, 0.003536, 0.535794, 0.0, 0.0, 0.0, 1.0],
                [0.999999, 0.001572, 2e-06, -0.096487, -3e-06, 0.003578, -0.999994, 2.328383, -0.001572, 0.999993, 0.003578, 0.52937, 0.0, 0.0, 0.0, 1.0],
                [0.999999, 0.00147, 3e-06, -0.085276, -3e-06, 0.003622, -0.999993, 2.342363, -0.00147, 0.999993, 0.003622, 0.529067, 0.0, 0.0, 0.0, 1.0],
                [0.999998, 0.001366, 3e-06, -0.073987, -2e-06, 0.003661, -0.999993, 2.356018, -0.001366, 0.999993, 0.003661, 0.53966, 0.0, 0.0, 0.0, 1.0],
                [0.999999, 0.001264, 2e-06, -0.06283, -2e-06, 0.003699, -0.999993, 2.369027, -0.001264, 0.999993, 0.003699, 0.564868, 0.0, 0.0, 0.0, 1.0],
                [0.999999, 0.00116, 2e-06, -0.0516, -2e-06, 0.003732, -0.999993, 2.381538, -0.00116, 0.999993, 0.003732, 0.60103, 0.0, 0.0, 0.0, 1.0],
                [0.999999, 0.001064, 2e-06, -0.041717, -2e-06, 0.00376, -0.999991, 2.393369, -0.001064, 0.999994, 0.00376, 0.640501, 0.0, 0.0, 0.0, 1.0],
                [1.0, 0.000976, 2e-06, -0.031837, -2e-06, 0.003784, -0.999992, 2.404416, -0.000976, 0.999993, 0.003784, 0.675799, 0.0, 0.0, 0.0, 1.0],
                [1.0, 0.000898, 2e-06, -0.024568, -2e-06, 0.003803, -0.999993, 2.414577, -0.000898, 0.999992, 0.003803, 0.69943, 0.0, 0.0, 0.0, 1.0],
                [1.0, 0.000836, 2e-06, -0.017299, -2e-06, 0.003818, -0.999993, 2.423201, -0.000836, 0.999992, 0.003818, 0.711568, 0.0, 0.0, 0.0, 1.0],
                [1.0, 0.000788, 2e-06, -0.012719, -1e-06, 0.003828, -0.999993, 2.43003, -0.000788, 0.999993, 0.003828, 0.718353, 0.0, 0.0, 0.0, 1.0],
                [1.0, 0.000752, 1e-06, -0.010115, -1e-06, 0.003835, -0.999993, 2.435554, -0.000752, 0.999993, 0.003835, 0.721255, 0.0, 0.0, 0.0, 1.0],
                [1.0, 0.000723, 1e-06, -0.007509, -1e-06, 0.003841, -0.999992, 2.440261, -0.000723, 0.999992, 0.003841, 0.721231, 0.0, 0.0, 0.0, 1.0],
                [1.0, 0.000695, 1e-06, -0.004902, -1e-06, 0.003846, -0.999992, 2.444643, -0.000695, 0.999993, 0.003846, 0.721208, 0.0, 0.0, 0.0, 1.0],
                [1.0, 0.000666, 1e-06, -0.002296, -1e-06, 0.003851, -0.999993, 2.449187, -0.000666, 0.999992, 0.003851, 0.721184, 0.0, 0.0, 0.0, 1.0],
                [0.999999, 0.000632, 1e-06, 0.000309, -1e-06, 0.003856, -0.999992, 2.454384, -0.000632, 0.999993, 0.003856, 0.723112, 0.0, 0.0, 0.0, 1.0]
            ]
        },
        {
            "name": "Thigh_R",
            "time": [0.0, 0.0333, 0.0667, 0.1, 0.1333, 0.1667, 0.2, 0.2333, 0.2667, 0.3, 0.3333, 0.3667, 0.4, 0.4333, 0.4667, 0.5, 0.5333, 0.5667, 0.6, 0.6333, 0.6667, 0.7, 0.7333, 0.7667, 0.8, 0.8333, 0.8667, 0.9, 0.9333, 0.9667, 1.0, 1.0333, 1.0667, 1.1, 1.1333, 1.1667, 1.2, 1.2333, 1.2667, 1.3, 1.3333, 1.3667, 1.4, 1.4333, 1.4667, 1.5, 1.5333, 1.5667, 1.6, 1.6333, 1.6667, 1.7, 1.7333, 1.7667, 1.8, 1.8333, 1.8667, 1.9, 1.9333, 1.9667, 2.0, 2.0333, 2.0667, 2.1, 2.1333, 2.1667, 2.2, 2.2333, 2.2667, 2.3, 2.3333, 2.3667, 2.4, 2.4333, 2.4667, 2.5, 2.5333, 2.5667, 2.6, 2.6333, 2.6667, 2.7, 2.7333, 2.7667],
            "transform": [
                [0.812085, 0.313262, 0.492327, 0.098141, 0.240077, -0.948336, 0.207415, -0.003908, 0.531868, -0.050242, -0.845335, 0.032119, 0.0, 0.0, 0.0, 1.0],
                [0.711674, 0.378849, 0.591603, 0.091973, 0.240177, -0.922594, 0.301886, -0.005237, 0.660179, -0.072755, -0.747577, 0.046823, 0.0, 0.0, 0.0, 1.0],
                [0.570552, 0.445786, 0.689743, 0.082811, 0.26764, -0.894934, 0.357015, -0.006563, 0.776428, -0.019092, -0.629918, 0.061468, 0.0, 0.0, 0.0, 1.0],
                [0.407548, 0.520327, 0.750442, 0.070868, 0.327743, -0.850377, 0.411632, -0.00782, 0.852347, 0.078193, -0.517102, 0.074806, 0.0, 0.0, 0.0, 1.0],
                [0.248261, 0.60798, 0.754139, 0.057101, 0.415338, -0.770128, 0.484145, -0.008771, 0.875137, 0.193027, -0.44371, 0.085687, 0.0, 0.0, 0.0, 1.0],
                [0.150219, 0.657821, 0.738041, 0.042665, 0.512936, -0.690035, 0.510634, -0.009337, 0.845184, 0.30186, -0.441076, 0.093662, 0.0, 0.0, 0.0, 1.0],
                [0.0635, 0.667367, 0.742015, 0.028854, 0.611587, -0.613563, 0.499502, -0.00932, 0.788627, 0.422087, -0.447114, 0.098797, 0.0, 0.0, 0.0, 1.0],
                [-0.066944, 0.668747, 0.740469, 0.017188, 0.676887, -0.514794, 0.526129, -0.00888, 0.733038, 0.536434, -0.418204, 0.10152, 0.0, 0.0, 0.0, 1.0],
                [-0.183437, 0.662106, 0.726613, 0.008802, 0.707178, -0.424544, 0.565386, -0.007812, 0.682825, 0.617557, -0.390351, 0.102675, 0.0, 0.0, 0.0, 1.0],
                [-0.230573, 0.667404, 0.708102, 0.008439, 0.704204, -0.387749, 0.594767, -0.006107, 0.671516, 0.635785, -0.380584, 0.102821, 0.0, 0.0, 0.0, 1.0],
                [-0.198905, 0.644837, 0.737984, 0.017832, 0.702745, -0.431013, 0.566019, -0.003804, 0.683071, 0.631199, -0.367426, 0.101726, 0.0, 0.0, 0.0, 1.0],
                [-0.115943, 0.555707, 0.823254, 0.033149, 0.721356, -0.522659, 0.454394, -0.001041, 0.682792, 0.646542, -0.340264, 0.097879, 0.0, 0.0, 0.0, 1.0],
                [0.02765, 0.620323, 0.783858, 0.049899, 0.735523, -0.543653, 0.404288, 0.002206, 0.676938, 0.565366, -0.471293, 0.090471, 0.0, 0.0, 0.0, 1.0],
                [0.243943, 0.62593, 0.740745, 0.066823, 0.722475, -0.626828, 0.291748, 0.007823, 0.646936, 0.463997, -0.605129, 0.07844, 0.0, 0.0, 0.0, 1.0],
                [0.525328, 0.5044, 0.685282, 0.082421, 0.596691, -0.792528, 0.125924, 0.016075, 0.606622, 0.34275, -0.717309, 0.060228, 0.0, 0.0, 0.0, 1.0],
                [0.741501, 0.294995, 0.602623, 0.092898, 0.367798, -0.929902, 0.002645, 0.025633, 0.56116, 0.219683, -0.798022, 0.037306, 0.0, 0.0, 0.0, 1.0],
                [0.851017, 0.11003, 0.513481, 0.096905, 0.150991, -0.987783, -0.038581, 0.033681, 0.502961, 0.110365, -0.857234, 0.012397, 0.0, 0.0, 0.0, 1.0],
                [0.91318, 0.021276, 0.407001, 0.095851, 0.024736, -0.999689, -0.00324, 0.036974, 0.406805, 0.013027, -0.913422, -0.011147, 0.0, 0.0, 0.0, 1.0],
                [0.969184, 0.008568, 0.246193, 0.093863, -0.033705, -0.985384, 0.166978, 0.028599, 0.244025, -0.170129, -0.954729, -0.032412, 0.0, 0.0, 0.0, 1.0],
                [0.999231, 0.001816, 0.039186, 0.090023, -0.01811, -0.864738, 0.501897, 0.009662, 0.034797, -0.50222, -0.86404, -0.049814, 0.0, 0.0, 0.0, 1.0],
                [0.933064, -0.045173, -0.356856, 0.081907, 0.346917, -0.149157, 0.925958, -0.009419, -0.095056, -0.987785, -0.123502, -0.062303, 0.0, 0.0, 0.0, 1.0],
                [0.928464, -0.029078, -0.370278, 0.070542, 0.370406, -0.001037, 0.928868, -0.024651, -0.027394, -0.999579, 0.009808, -0.071383, 0.0, 0.0, 0.0, 1.0],
                [0.914827, -0.134406, -0.38082, 0.058012, 0.380683, -0.027739, 0.924289, -0.037546, -0.134794, -0.990541, 0.025789, -0.076841, 0.0, 0.0, 0.0, 1.0],
                [0.917466, -0.172227, -0.358599, 0.047547, 0.362585, -0.008838, 0.931909, -0.042557, -0.163668, -0.985019, 0.054338, -0.08129, 0.0, 0.0, 0.0, 1.0],
                [0.926859, -0.165133, -0.337137, 0.039705, 0.340364, -0.009224, 0.940248, -0.03719, -0.158375, -0.986231, 0.047655, -0.087866, 0.0, 0.0, 0.0, 1.0],
                [0.890404, -0.242113, -0.385439, 0.032869, 0.35724, -0.153038, 0.92139, -0.025657, -0.282068, -0.958103, -0.049774, -0.09456, 0.0, 0.0, 0.0, 1.0],
                [0.880009, -0.253899, -0.401395, 0.027125, 0.330676, -0.279124, 0.901522, -0.012147, -0.340934, -0.926082, -0.161673, -0.09898, 0.0, 0.0, 0.0, 1.0],
                [0.875982, -0.262472, -0.40468, 0.0238, 0.294137, -0.374262, 0.879438, -0.003465, -0.382285, -0.889401, -0.250645, -0.100509, 0.0, 0.0, 0.0, 1.0],
                [0.886703, -0.255561, -0.385289, 0.025005, 0.262719, -0.407224, 0.874726, -0.000939, -0.380445, -0.876845, -0.293946, -0.100271, 0.0, 0.0, 0.0, 1.0],
                [0.909781, -0.224253, -0.349299, 0.030001, 0.237081, -0.410012, 0.880727, -0.001487, -0.340723, -0.884083, -0.319855, -0.098884, 0.0, 0.0, 0.0, 1.0],
                [0.931894, -0.187592, -0.310461, 0.035855, 0.214405, -0.40551, 0.888589, -0.003171, -0.292588, -0.894635, -0.337671, -0.096874, 0.0, 0.0, 0.0, 1.0],
                [0.946662, -0.159253, -0.280126, 0.039901, 0.196322, -0.404311, 0.893303, -0.003953, -0.25552, -0.90065, -0.35148, -0.095249, 0.0, 0.0, 0.0, 1.0],
                [0.954151, -0.141154, -0.263957, 0.04187, 0.186639, -0.408869, 0.893304, -0.003712, -0.234017, -0.901611, -0.363778, -0.094409, 0.0, 0.0, 0.0, 1.0],
                [0.959548, -0.124709, -0.252422, 0.04337, 0.181643, -0.410804, 0.893445, -0.003319, -0.215117, -0.903154, -0.371533, -0.093745, 0.0, 0.0, 0.0, 1.0],
                [0.963501, -0.109215, -0.24442, 0.044493, 0.179804, -0.412429, 0.893069, -0.002857, -0.198343, -0.904418, -0.377738, -0.093232, 0.0, 0.0, 0.0, 1.0],
                [0.967166, -0.093748, -0.236223, 0.045609, 0.177906, -0.414028, 0.892709, -0.002396, -0.181493, -0.905425, -0.383755, -0.092704, 0.0, 0.0, 0.0, 1.0],
                [0.970008, -0.075228, -0.231142, 0.046718, 0.180029, -0.416592, 0.891089, -0.001935, -0.163327, -0.905975, -0.390554, -0.092161, 0.0, 0.0, 0.0, 1.0],
                [0.971606, -0.058928, -0.229154, 0.047819, 0.184312, -0.418811, 0.889171, -0.001475, -0.14837, -0.906159, -0.396058, -0.091603, 0.0, 0.0, 0.0, 1.0],
                [0.973765, -0.040986, -0.223828, 0.049172, 0.186195, -0.421929, 0.887303, -0.001231, -0.130806, -0.905703, -0.403229, -0.090887, 0.0, 0.0, 0.0, 1.0],
                [0.97524, -0.025291, -0.219702, 0.05097, 0.187979, -0.428548, 0.883748, -0.001054, -0.116504, -0.903166, -0.413182, -0.089892, 0.0, 0.0, 0.0, 1.0],
                [0.974852, -0.012738, -0.222496, 0.053161, 0.194646, -0.437551, 0.877873, -0.001099, -0.108536, -0.899103, -0.424068, -0.088614, 0.0, 0.0, 0.0, 1.0],
                [0.973414, -0.000373, -0.229052, 0.055762, 0.204555, -0.448547, 0.870036, -0.001323, -0.103066, -0.89376, -0.436546, -0.086998, 0.0, 0.0, 0.0, 1.0],
                [0.973973, 0.012907, -0.226302, 0.05866, 0.207049, -0.456977, 0.865044, -0.001828, -0.092251, -0.889383, -0.447756, -0.085061, 0.0, 0.0, 0.0, 1.0],
                [0.978281, 0.031493, -0.204882, 0.061946, 0.196186, -0.459803, 0.866078, -0.002366, -0.066931, -0.887461, -0.455995, -0.082684, 0.0, 0.0, 0.0, 1.0],
                [0.988492, 0.06344, -0.13733, 0.065424, 0.151053, -0.463175, 0.8733, -0.002961, -0.008206, -0.883993, -0.467428, -0.07994, 0.0, 0.0, 0.0, 1.0],
                [0.993402, 0.105293, -0.045457, 0.069402, 0.089436, -0.463123, 0.881769, -0.003765, 0.071792, -0.880018, -0.469485, -0.076475, 0.0, 0.0, 0.0, 1.0],
                [0.989417, 0.144825, 0.009017, 0.074127, 0.05913, -0.459148, 0.88639, -0.004786, 0.132512, -0.876473, -0.462853, -0.071844, 0.0, 0.0, 0.0, 1.0],
                [0.983505, 0.178675, 0.028149, 0.079599, 0.058789, -0.462937, 0.884439, -0.006042, 0.171058, -0.868198, -0.465805, -0.065624, 0.0, 0.0, 0.0, 1.0],
                [0.976097, 0.21076, 0.053061, 0.085071, 0.056903, -0.48345, 0.87352, -0.008282, 0.209756, -0.84962, -0.483888, -0.058081, 0.0, 0.0, 0.0, 1.0],
                [0.967554, 0.243598, 0.06706, 0.089906, 0.06969, -0.512423, 0.855901, -0.010138, 0.242859, -0.823457, -0.512775, -0.049929, 0.0, 0.0, 0.0, 1.0],
                [0.957658, 0.275991, 0.081984, 0.094062, 0.088075, -0.551934, 0.829223, -0.012143, 0.274109, -0.78689, -0.552872, -0.041031, 0.0, 0.0, 0.0, 1.0],
                [0.945588, 0.308198, 0.104295, 0.097509, 0.109008, -0.602103, 0.790942, -0.014149, 0.306563, -0.736536, -0.602938, -0.031152, 0.0, 0.0, 0.0, 1.0],
                [0.930867, 0.339009, 0.136235, 0.100045, 0.130411, -0.656617, 0.742864, -0.015981, 0.341292, -0.673741, -0.655433, -0.020351, 0.0, 0.0, 0.0, 1.0],
                [0.911246, 0.371216, 0.178415, 0.101505, 0.147587, -0.698724, 0.700001, -0.017451, 0.384515, -0.611539, -0.691496, -0.008408, 0.0, 0.0, 0.0, 1.0],
                [0.886264, 0.402306, 0.229537, 0.101472, 0.159379, -0.730181, 0.664404, -0.018703, 0.434898, -0.552253, -0.711252, 0.005677, 0.0, 0.0, 0.0, 1.0],
                [0.855113, 0.42827, 0.292174, 0.099027, 0.167136, -0.761199, 0.626612, -0.019977, 0.490761, -0.486991, -0.722491, 0.021754, 0.0, 0.0, 0.0, 1.0],
                [0.817535, 0.449472, 0.360017, 0.093939, 0.174435, -0.789066, 0.589021, -0.020921, 0.548827, -0.418745, -0.723493, 0.037637, 0.0, 0.0, 0.0, 1.0],
                [0.772425, 0.466571, 0.430896, 0.086998, 0.180306, -0.811646, 0.555627, -0.021544, 0.608973, -0.351487, -0.711062, 0.05144, 0.0, 0.0, 0.0, 1.0],
                [0.719284, 0.489421, 0.493049, 0.079946, 0.187638, -0.8202, 0.54043, -0.021518, 0.668897, -0.296208, -0.681791, 0.061844, 0.0, 0.0, 0.0, 1.0],
                [0.65797, 0.529148, 0.535797, 0.073635, 0.198031, -0.808047, 0.554836, -0.020617, 0.726541, -0.25896, -0.636459, 0.069513, 0.0, 0.0, 0.0, 1.0],
                [0.592992, 0.580048, 0.558484, 0.067663, 0.210485, -0.781138, 0.587809, -0.01914, 0.77721, -0.231013, -0.585301, 0.075729, 0.0, 0.0, 0.0, 1.0],
                [0.525531, 0.638388, 0.562385, 0.062266, 0.225622, -0.741934, 0.631368, -0.017135, 0.820314, -0.204917, -0.533943, 0.080678, 0.0, 0.0, 0.0, 1.0],
                [0.459365, 0.693864, 0.554559, 0.057545, 0.238345, -0.697719, 0.675558, -0.015051, 0.855673, -0.178151, -0.485887, 0.084508, 0.0, 0.0, 0.0, 1.0],
                [0.396681, 0.74254, 0.539701, 0.053624, 0.249274, -0.652978, 0.715178, -0.013104, 0.883465, -0.149163, -0.444121, 0.087364, 0.0, 0.0, 0.0, 1.0],
                [0.339872, 0.77982, 0.525705, 0.05055, 0.255265, -0.614486, 0.746489, -0.011656, 0.905168, -0.119516, -0.407908, 0.089379, 0.0, 0.0, 0.0, 1.0],
                [0.313391, 0.798821, 0.513488, 0.051164, 0.266436, -0.592973, 0.759865, -0.01098, 0.911483, -0.101322, -0.398667, 0.089116, 0.0, 0.0, 0.0, 1.0],
                [0.326487, 0.79901, 0.504963, 0.05596, 0.287217, -0.592841, 0.752359, -0.010847, 0.900507, -0.100601, -0.423045, 0.0862, 0.0, 0.0, 0.0, 1.0],
                [0.355096, 0.787797, 0.50327, 0.06117, 0.309925, -0.607115, 0.731681, -0.010782, 0.881963, -0.10384, -0.459742, 0.082592, 0.0, 0.0, 0.0, 1.0],
                [0.38512, 0.773002, 0.504133, 0.065371, 0.334491, -0.626041, 0.704406, -0.010614, 0.860117, -0.102652, -0.499663, 0.079331, 0.0, 0.0, 0.0, 1.0],
                [0.423355, 0.757406, 0.497097, 0.06976, 0.360272, -0.644189, 0.674702, -0.010422, 0.83125, -0.106548, -0.545594, 0.075527, 0.0, 0.0, 0.0, 1.0],
                [0.466445, 0.732176, 0.496334, 0.073931, 0.383965, -0.673088, 0.632079, -0.010126, 0.796871, -0.104255, -0.595088, 0.07149, 0.0, 0.0, 0.0, 1.0],
                [0.513273, 0.691426, 0.50841, 0.077964, 0.399716, -0.716816, 0.571315, -0.009726, 0.759459, -0.09002, -0.644297, 0.067128, 0.0, 0.0, 0.0, 1.0],
                [0.562526, 0.628835, 0.536779, 0.081695, 0.403795, -0.775499, 0.485335, -0.009226, 0.721469, -0.056264, -0.690158, 0.062609, 0.0, 0.0, 0.0, 1.0],
                [0.609603, 0.542836, 0.57768, 0.084982, 0.397166, -0.839827, 0.370063, -0.008754, 0.686037, 0.003844, -0.727557, 0.058141, 0.0, 0.0, 0.0, 1.0],
                [0.653636, 0.447965, 0.609991, 0.088023, 0.383778, -0.890875, 0.243009, -0.008199, 0.652289, 0.075261, -0.754226, 0.053512, 0.0, 0.0, 0.0, 1.0],
                [0.689984, 0.40475, 0.600084, 0.090516, 0.363676, -0.910655, 0.196072, -0.007567, 0.625832, 0.08295, -0.775536, 0.04928, 0.0, 0.0, 0.0, 1.0],
                [0.719645, 0.378768, 0.581933, 0.092511, 0.337634, -0.92324, 0.183386, -0.006891, 0.606725, 0.064508, -0.792291, 0.045529, 0.0, 0.0, 0.0, 1.0],
                [0.743196, 0.359352, 0.564382, 0.094028, 0.313846, -0.932203, 0.180271, -0.006384, 0.5909, 0.043153, -0.805591, 0.042387, 0.0, 0.0, 0.0, 1.0],
                [0.76117, 0.347444, 0.547635, 0.095109, 0.29128, -0.93758, 0.18999, -0.005897, 0.579464, 0.0149, -0.814862, 0.039976, 0.0, 0.0, 0.0, 1.0],
                [0.774977, 0.33858, 0.533642, 0.095895, 0.271612, -0.940861, 0.202503, -0.005435, 0.570646, -0.011991, -0.821109, 0.038122, 0.0, 0.0, 0.0, 1.0],
                [0.785838, 0.333088, 0.521067, 0.096465, 0.253403, -0.942009, 0.22001, -0.005061, 0.564134, -0.040852, -0.824672, 0.036708, 0.0, 0.0, 0.0, 1.0],
                [0.796128, 0.33333, 0.505048, 0.097013, 0.238552, -0.9399, 0.244295, -0.004682, 0.556127, -0.074009, -0.827796, 0.035288, 0.0, 0.0, 0.0, 1.0],
                [0.803346, 0.326974, 0.497718, 0.097538, 0.240459, -0.942723, 0.231202, -0.004298, 0.544806, -0.066054, -0.835956, 0.033859, 0.0, 0.0, 0.0, 1.0],
                [0.812085, 0.313262, 0.492328, 0.098141, 0.240077, -0.948336, 0.207415, -0.003908, 0.531868, -0.050242, -0.845336, 0.032118, 0.0, 0.0, 0.0, 1.0]
            ]
        },
        {
            "name": "Leg_R",
            "time": [0.0, 0.0333, 0.0667, 0.1, 0.1333, 0.1667, 0.2, 0.2333, 0.2667, 0.3, 0.3333, 0.3667, 0.4, 0.4333, 0.4667, 0.5, 0.5333, 0.5667, 0.6, 0.6333, 0.6667, 0.7, 0.7333, 0.7667, 0.8, 0.8333, 0.8667, 0.9, 0.9333, 0.9667, 1.0, 1.0333, 1.0667, 1.1, 1.1333, 1.1667, 1.2, 1.2333, 1.2667, 1.3, 1.3333, 1.3667, 1.4, 1.4333, 1.4667, 1.5, 1.5333, 1.5667, 1.6, 1.6333, 1.6667, 1.7, 1.7333, 1.7667, 1.8, 1.8333, 1.8667, 1.9, 1.9333, 1.9667, 2.0, 2.0333, 2.0667, 2.1, 2.1333, 2.1667, 2.2, 2.2333, 2.2667, 2.3, 2.3333, 2.3667, 2.4, 2.4333, 2.4667, 2.5, 2.5333, 2.5667, 2.6, 2.6333, 2.6667, 2.7, 2.7333, 2.7667],
            "transform": [
                [0.999999, -0.001666, 0.001023, -0.0, 0.001021, 0.891262, 0.453486, 0.37472, -0.001667, -0.453484, 0.891263, -0.0, 0.0, 0.0, 0.0, 1.0],
                [0.999997, -0.001812, 0.000736, 0.0, 0.000733, 0.696343, 0.71771, 0.37472, -0.001813, -0.717709, 0.696342, -0.0, 0.0, 0.0, 0.0, 1.0],
                [0.999996, -0.001882, 0.000533, 0.0, 0.000532, 0.524189, 0.851603, 0.37472, -0.001882, -0.851601, 0.524189, 0.0, 0.0, 0.0, 0.0, 1.0],
                [0.999998, -0.00192, 0.000373, -0.0, 0.000371, 0.37368, 0.927557, 0.37472, -0.001921, -0.927556, 0.37368, -0.0, 0.0, 0.0, 0.0, 1.0],
                [0.999997, -0.001942, 0.000233, 0.0, 0.000232, 0.236188, 0.971708, 0.37472, -0.001942, -0.971705, 0.236189, -0.0, 0.0, 0.0, 0.0, 1.0],
                [0.999997, -0.001946, 0.000189, 0.0, 0.000187, 0.19114, 0.981563, 0.37472, -0.001946, -0.981562, 0.19114, -0.0, 0.0, 0.0, 0.0, 1.0],
                [0.999997, -0.001943, 0.000214, 0.0, 0.000212, 0.216422, 0.9763, 0.37472, -0.001944, -0.976299, 0.216422, -0.0, 0.0, 0.0, 0.0, 1.0],
                [0.999997, -0.001938, 0.000262, 0.0, 0.00026, 0.264945, 0.964265, 0.37472, -0.001938, -0.964262, 0.264945, 0.0, 0.0, 0.0, 0.0, 1.0],
                [0.999997, -0.001927, 0.000328, 0.0, 0.000327, 0.330431, 0.943831, 0.37472, -0.001927, -0.943829, 0.330431, -0.0, 0.0, 0.0, 0.0, 1.0],
                [0.999998, -0.001912, 0.000412, -0.0, 0.00041, 0.410995, 0.911637, 0.37472, -0.001912, -0.911636, 0.410995, 0.0, 0.0, 0.0, 0.0, 1.0],
                [0.999998, -0.001871, 0.00057, 0.0, 0.000567, 0.555988, 0.831191, 0.37472, -0.001872, -0.83119, 0.555987, -0.0, 0.0, 0.0, 0.0, 1.0],
                [0.999998, -0.001769, 0.000832, -0.0, 0.000828, 0.768922, 0.639341, 0.37472, -0.001771, -0.639339, 0.768923, 0.0, 0.0, 0.0, 0.0, 1.0],
                [0.999998, -0.001852, 0.000626, 0.0, 0.000623, 0.605317, 0.795984, 0.37472, -0.001853, -0.795983, 0.605316, 0.0, 0.0, 0.0, 0.0, 1.0],
                [0.999997, -0.001915, 0.000393, 0.0, 0.000391, 0.392863, 0.919598, 0.37472, -0.001915, -0.919595, 0.392864, 0.0, 0.0, 0.0, 0.0, 1.0],
                [0.999997, -0.00194, 0.000246, -0.0, 0.000246, 0.249791, 0.9683, 0.37472, -0.00194, -0.968299, 0.249791, 0.0, 0.0, 0.0, 0.0, 1.0],
                [0.999997, -0.001946, 0.000191, 0.0, 0.000191, 0.194653, 0.980873, 0.37472, -0.001946, -0.980872, 0.194653, -0.0, 0.0, 0.0, 0.0, 1.0],
                [0.999998, -0.001947, 0.000184, 0.0, 0.00018, 0.185403, 0.982662, 0.37472, -0.001947, -0.982662, 0.185403, 0.0, 0.0, 0.0, 0.0, 1.0],
                [0.999997, -0.001948, 0.000175, -0.0, 0.000171, 0.176152, 0.984362, 0.37472, -0.001949, -0.984363, 0.176151, 0.0, 0.0, 0.0, 0.0, 1.0],
                [0.999997, -0.001955, 3.5e-05, 0.0, 3.3e-05, 0.03486, 0.999392, 0.37472, -0.001955, -0.999391, 0.03486, -0.0, 0.0, 0.0, 0.0, 1.0],
                [0.999997, -0.00194, -0.000255, 0.0, -0.000256, -0.25907, 0.965859, 0.37472, -0.00194, -0.965859, -0.25907, 0.0, 0.0, 0.0, 0.0, 1.0],
                [0.999996, -0.001935, -0.00028, 0.0, -0.000283, -0.284914, 0.958552, 0.37472, -0.001935, -0.958556, -0.284912, -0.0, 0.0, 0.0, 0.0, 1.0],
                [0.999998, -0.001953, -0.000112, 0.0, -0.000115, -0.115646, 0.993289, 0.37472, -0.001953, -0.99329, -0.115646, 0.0, 0.0, 0.0, 0.0, 1.0],
                [0.999999, -0.00195, -0.000155, 0.0, -0.000157, -0.1592, 0.987245, 0.37472, -0.00195, -0.987245, -0.1592, 0.0, 0.0, 0.0, 0.0, 1.0],
                [0.999998, -0.001927, -0.000336, 0.0, -0.000338, -0.339198, 0.940715, 0.37472, -0.001926, -0.940714, -0.339198, 0.0, 0.0, 0.0, 0.0, 1.0],
                [0.999996, -0.001902, -0.000455, 0.0, -0.000457, -0.453686, 0.891161, 0.37472, -0.001902, -0.891162, -0.453685, -0.0, 0.0, 0.0, 0.0, 1.0],
                [0.999998, -0.001901, -0.000462, 0.0, -0.000463, -0.459447, 0.888205, 0.37472, -0.0019, -0.888203, -0.459447, 0.0, 0.0, 0.0, 0.0, 1.0],
                [0.999996, -0.001909, -0.000426, -0.0, -0.000429, -0.426639, 0.904422, 0.37472, -0.001909, -0.904422, -0.426638, 0.0, 0.0, 0.0, 0.0, 1.0],
                [0.999998, -0.001919, -0.000377, -0.0, -0.000379, -0.379082, 0.925364, 0.37472, -0.001919, -0.925361, -0.379082, -0.0, 0.0, 0.0, 0.0, 1.0],
                [0.999998, -0.001924, -0.000355, 0.0, -0.000359, -0.358827, 0.933403, 0.37472, -0.001923, -0.933402, -0.358827, -0.0, 0.0, 0.0, 0.0, 1.0],
                [0.999999, -0.001928, -0.000335, 0.0, -0.000337, -0.338403, 0.941001, 0.37472, -0.001927, -0.941, -0.338403, -0.0, 0.0, 0.0, 0.0, 1.0],
                [0.999997, -0.001931, -0.000313, -0.0, -0.000315, -0.316681, 0.948532, 0.37472, -0.001931, -0.948531, -0.31668, -0.0, 0.0, 0.0, 0.0, 1.0],
                [0.999999, -0.001935, -0.000291, -0.0, -0.000293, -0.294792, 0.955561, 0.37472, -0.001935, -0.955559, -0.294792, -0.0, 0.0, 0.0, 0.0, 1.0],
                [0.999997, -0.001938, -0.000263, 0.0, -0.000267, -0.268293, 0.963338, 0.37472, -0.001938, -0.963336, -0.268293, 0.0, 0.0, 0.0, 0.0, 1.0],
                [0.999998, -0.001943, -0.000231, -0.0, -0.000234, -0.23605, 0.971741, 0.37472, -0.001943, -0.97174, -0.236049, -0.0, 0.0, 0.0, 0.0, 1.0],
                [0.999997, -0.001946, -0.000199, -0.0, -0.000201, -0.203536, 0.979068, 0.37472, -0.001946, -0.979066, -0.203536, 0.0, 0.0, 0.0, 0.0, 1.0],
                [0.999998, -0.001949, -0.000166, -0.0, -0.000169, -0.170804, 0.985304, 0.37472, -0.001949, -0.985304, -0.170804, -0.0, 0.0, 0.0, 0.0, 1.0],
                [0.999998, -0.001952, -0.000131, 0.0, -0.000134, -0.134868, 0.990864, 0.37472, -0.001952, -0.990861, -0.134868, -0.0, 0.0, 0.0, 0.0, 1.0],
                [0.999999, -0.001955, -9.6e-05, -0.0, -9.8e-05, -0.098742, 0.995113, 0.37472, -0.001954, -0.99511, -0.098742, 0.0, 0.0, 0.0, 0.0, 1.0],
                [0.999997, -0.001955, -6e-05, 0.0, -6.2e-05, -0.062497, 0.998045, 0.37472, -0.001955, -0.998045, -0.062497, -0.0, 0.0, 0.0, 0.0, 1.0],
                [0.999998, -0.001956, -2.7e-05, -0.0, -3e-05, -0.029094, 0.999576, 0.37472, -0.001956, -0.999576, -0.029094, -0.0, 0.0, 0.0, 0.0, 1.0],
                [0.999998, -0.001956, 5e-06, 0.0, 2e-06, 0.0039, 0.999992, 0.37472, -0.001956, -0.999991, 0.0039, 0.0, 0.0, 0.0, 0.0, 1.0],
                [0.999998, -0.001956, 2.5e-05, 0.0, 2.2e-05, 0.024273, 0.999705, 0.37472, -0.001956, -0.999705, 0.024273, 0.0, 0.0, 0.0, 0.0, 1.0],
                [0.999997, -0.001956, 3.8e-05, 0.0, 3.6e-05, 0.037738, 0.999288, 0.37472, -0.001956, -0.999286, 0.037738, 0.0, 0.0, 0.0, 0.0, 1.0],
                [0.999998, -0.001956, 3.8e-05, -0.0, 3.6e-05, 0.037665, 0.999291, 0.37472, -0.001956, -0.999289, 0.037665, -0.0, 0.0, 0.0, 0.0, 1.0],
                [0.999998, -0.001956, 1.5e-05, 0.0, 1.3e-05, 0.014598, 0.999894, 0.37472, -0.001956, -0.999892, 0.014598, 0.0, 0.0, 0.0, 0.0, 1.0],
                [0.999997, -0.001956, -1.8e-05, -0.0, -2e-05, -0.019443, 0.999811, 0.37472, -0.001956, -0.999811, -0.019443, 0.0, 0.0, 0.0, 0.0, 1.0],
                [0.999997, -0.001956, -4.1e-05, -0.0, -4.2e-05, -0.042525, 0.999097, 0.37472, -0.001956, -0.999093, -0.042525, 0.0, 0.0, 0.0, 0.0, 1.0],
                [0.999998, -0.001956, -5.8e-05, 0.0, -6.1e-05, -0.060998, 0.998137, 0.37472, -0.001955, -0.998138, -0.060998, -0.0, 0.0, 0.0, 0.0, 1.0],
                [0.999998, -0.001955, -7.7e-05, -0.0, -7.9e-05, -0.079448, 0.996839, 0.37472, -0.001955, -0.996837, -0.079448, 0.0, 0.0, 0.0, 0.0, 1.0],
                [0.999996, -0.001954, -8.9e-05, -0.0, -9.1e-05, -0.091594, 0.995797, 0.37472, -0.001954, -0.995796, -0.091594, 0.0, 0.0, 0.0, 0.0, 1.0],
                [0.999998, -0.001954, -7.5e-05, 0.0, -7.8e-05, -0.078511, 0.996914, 0.37472, -0.001954, -0.996912, -0.078511, 0.0, 0.0, 0.0, 0.0, 1.0],
                [0.999997, -0.001957, -2.7e-05, -0.0, -3e-05, -0.029094, 0.999577, 0.37472, -0.001957, -0.999576, -0.029094, -0.0, 0.0, 0.0, 0.0, 1.0],
                [0.999996, -0.001955, 5.2e-05, -0.0, 5.1e-05, 0.053012, 0.998594, 0.37472, -0.001955, -0.998595, 0.053012, 0.0, 0.0, 0.0, 0.0, 1.0],
                [0.999997, -0.001951, 0.000142, -0.0, 0.000141, 0.143897, 0.989593, 0.37472, -0.001951, -0.989591, 0.143897, -0.0, 0.0, 0.0, 0.0, 1.0],
                [0.999997, -0.001941, 0.000247, -0.0, 0.000245, 0.249789, 0.9683, 0.37472, -0.001941, -0.9683, 0.249789, -0.0, 0.0, 0.0, 0.0, 1.0],
                [0.999995, -0.001919, 0.000378, 0.0, 0.000378, 0.379082, 0.925364, 0.37472, -0.001919, -0.925364, 0.379081, 0.0, 0.0, 0.0, 0.0, 1.0],
                [0.999998, -0.001886, 0.000518, -0.0, 0.000517, 0.510612, 0.859811, 0.37472, -0.001886, -0.859811, 0.510611, 0.0, 0.0, 0.0, 0.0, 1.0],
                [0.999997, -0.001846, 0.000643, 0.0, 0.00064, 0.619911, 0.784672, 0.37472, -0.001847, -0.784671, 0.61991, 0.0, 0.0, 0.0, 0.0, 1.0],
                [0.999997, -0.00182, 0.000713, 0.0, 0.000711, 0.678313, 0.734772, 0.37472, -0.001821, -0.734771, 0.678313, 0.0, 0.0, 0.0, 0.0, 1.0],
                [0.999998, -0.001821, 0.000714, -0.0, 0.000712, 0.678866, 0.734262, 0.37472, -0.001822, -0.734259, 0.678867, 0.0, 0.0, 0.0, 0.0, 1.0],
                [0.999997, -0.001836, 0.000671, 0.0, 0.000668, 0.643623, 0.765343, 0.37472, -0.001837, -0.765341, 0.643623, -0.0, 0.0, 0.0, 0.0, 1.0],
                [0.999999, -0.00186, 0.000605, -0.0, 0.000603, 0.587314, 0.809358, 0.37472, -0.00186, -0.809357, 0.587314, 0.0, 0.0, 0.0, 0.0, 1.0],
                [0.999997, -0.001882, 0.000531, -0.0, 0.000529, 0.521488, 0.85326, 0.37472, -0.001883, -0.853257, 0.521489, -0.0, 0.0, 0.0, 0.0, 1.0],
                [1.0, -0.001901, 0.000461, 0.0, 0.000459, 0.457288, 0.889319, 0.37472, -0.001901, -0.889315, 0.457289, 0.0, 0.0, 0.0, 0.0, 1.0],
                [0.999999, -0.001914, 0.000403, 0.0, 0.0004, 0.401962, 0.915656, 0.37472, -0.001914, -0.915654, 0.401962, 0.0, 0.0, 0.0, 0.0, 1.0],
                [0.999998, -0.001927, 0.000341, -0.0, 0.000339, 0.342079, 0.939671, 0.37472, -0.001927, -0.93967, 0.342079, 0.0, 0.0, 0.0, 0.0, 1.0],
                [0.999998, -0.001936, 0.000278, 0.0, 0.000276, 0.280773, 0.959774, 0.37472, -0.001936, -0.959772, 0.280772, 0.0, 0.0, 0.0, 0.0, 1.0],
                [0.999998, -0.001941, 0.000238, 0.0, 0.000236, 0.240451, 0.970662, 0.37472, -0.001942, -0.970659, 0.240451, 0.0, 0.0, 0.0, 0.0, 1.0],
                [0.999997, -0.001944, 0.000217, 0.0, 0.000215, 0.21979, 0.975547, 0.37472, -0.001944, -0.975546, 0.21979, -0.0, 0.0, 0.0, 0.0, 1.0],
                [0.999996, -0.001946, 0.000196, 0.0, 0.000195, 0.19903, 0.979995, 0.37472, -0.001946, -0.979992, 0.19903, -0.0, 0.0, 0.0, 0.0, 1.0],
                [0.999997, -0.001945, 0.000199, 0.0, 0.000197, 0.20165, 0.979458, 0.37472, -0.001946, -0.979457, 0.20165, -0.0, 0.0, 0.0, 0.0, 1.0],
                [0.999996, -0.00194, 0.000246, -0.0, 0.000244, 0.248585, 0.96861, 0.37472, -0.001941, -0.968609, 0.248584, 0.0, 0.0, 0.0, 0.0, 1.0],
                [0.999997, -0.001922, 0.000356, 0.0, 0.000354, 0.357338, 0.933976, 0.37472, -0.001922, -0.933974, 0.357338, -0.0, 0.0, 0.0, 0.0, 1.0],
                [0.999998, -0.001882, 0.000533, 0.0, 0.00053, 0.522839, 0.852432, 0.37472, -0.001883, -0.852429, 0.52284, -0.0, 0.0, 0.0, 0.0, 1.0],
