{
    "animation": [
        {
            "name": "Root",
            "time": [0.0, 0.0333, 0.1333, 0.1667, 0.2, 0.2333, 0.2667, 0.3, 0.3333, 0.3667, 0.4, 0.4333, 0.4667, 0.5, 0.5667, 0.6333, 0.6667, 0.7, 0.7333, 0.7667, 0.8, 0.8333, 0.8667, 0.9, 0.9333, 0.9667, 1.0, 1.0333, 1.0667, 1.1, 1.1333, 1.1667, 1.2, 1.2333, 1.2667, 1.3, 1.3333, 1.3667, 1.4, 1.4333, 1.4667, 1.5, 1.5333, 1.5667, 1.6, 1.6333, 1.6667, 1.7, 1.7333, 1.7667, 1.8, 1.8333, 1.8667, 1.9, 1.9333, 1.9667, 2.0, 2.0333, 2.0667, 2.1, 2.1333, 2.1667, 2.2, 2.2333, 2.2667, 2.3, 2.3333, 2.3667, 2.4, 2.4333, 2.4667, 2.5, 2.5333, 2.5667, 2.6, 2.6333, 2.6667, 2.7, 2.7333, 2.7667],
            "transform": [
                [0.999994, 0.001708, -0.002926, 0.085297, -0.00292, -0.003516, -0.999988, 0.000541, -0.001718, 0.999993, -0.003511, 0.417372, 0.0, 0.0, 0.0, 1.0],
                [0.99999, -0.003354, 0.002845, 0.012117, 0.002852, 0.002006, -0.999993, 0.002347, 0.003348, 0.999993, 0.002016, 0.416215, 0.0, 0.0, 0.0, 1.0],
                [0.999988, -0.003703, 0.003079, 0.013345, 0.003084, 0.00125, -0.999993, 0.104052, 0.003699, 0.999993, 0.001261, 0.278141, 0.0, 0.0, 0.0, 1.0],
                [0.999988, -0.00375, 0.003144, 0.014032, 0.003148, 0.0011, -0.999993, 0.131508, 0.003747, 0.999993, 0.001112, 0.275073, 0.0, 0.0, 0.0, 1.0],
                [0.999987, -0.003799, 0.003234, 0.01509, 0.003238, 0.000916, -0.999993, 0.167594, 0.003796, 0.999993, 0.000929, 0.27404, 0.0, 0.0, 0.0, 1.0],
                [0.999987, -0.003848, 0.003363, 0.01652, 0.003366, 0.000688, -0.999993, 0.230022, 0.003845, 0.999993, 0.000701, 0.275668, 0.0, 0.0, 0.0, 1.0],
                [0.999986, -0.003899, 0.003659, 0.023533, 0.003661, 0.000268, -0.999992, 0.326058, 0.003898, 0.999993, 0.000282, 0.281978, 0.0, 0.0, 0.0, 1.0],
                [0.999992, -0.003893, 0.0, 0.031966, -1e-06, -0.000356, -0.999999, 0.441487, 0.003893, 0.999993, -0.000356, 0.295154, 0.0, 0.0, 0.0, 1.0],
                [0.999993, -0.003783, 2e-06, 0.04112, -2e-06, -0.000981, -0.999998, 0.562093, 0.003783, 0.999993, -0.000981, 0.316079, 0.0, 0.0, 0.0, 1.0],
                [0.999993, -0.003637, 2e-06, 0.042851, -3e-06, -0.001431, -0.999998, 0.685283, 0.003637, 0.999993, -0.001431, 0.345644, 0.0, 0.0, 0.0, 1.0],
                [0.999994, -0.003549, 3e-06, 0.037943, -3e-06, -0.001637, -0.999998, 0.815865, 0.003549, 0.999993, -0.001637, 0.38359, 0.0, 0.0, 0.0, 1.0],
                [0.999994, -0.003497, 3e-06, 0.025507, -3e-06, -0.001746, -0.999997, 1.018689, 0.003497, 0.999993, -0.001746, 0.451339, 0.0, 0.0, 0.0, 1.0],
                [0.999994, -0.00325, 4e-06, 0.005089, -3e-06, -0.002157, -0.999996, 1.285042, 0.00325, 0.999993, -0.002157, 0.54679, 0.0, 0.0, 0.0, 1.0],
                [0.999996, -0.00263, 4e-06, -0.011151, -4e-06, -0.002891, -0.999995, 1.470236, 0.00263, 0.999993, -0.002891, 0.61417, 0.0, 0.0, 0.0, 1.0],
                [0.999999, -0.001029, 2e-06, -0.061624, -1e-06, -0.003767, -0.999992, 1.898886, 0.001029, 0.999993, -0.003767, 0.720889, 0.0, 0.0, 0.0, 1.0],
                [1.0, -0.000511, 2e-06, -0.086006, -0.0, -0.003874, -0.999991, 2.103683, 0.000511, 0.999993, -0.003874, 0.665391, 0.0, 0.0, 0.0, 1.0],
                [1.0, -0.000133, 1e-06, -0.107527, 0.0, -0.003906, -0.999991, 2.25068, 0.000133, 0.999993, -0.003906, 0.588677, 0.0, 0.0, 0.0, 1.0],
                [0.999993, 0.000246, -0.003678, -0.120286, -0.003677, -0.003901, -0.999984, 2.393087, -0.000261, 0.999993, -0.0039, 0.499397, 0.0, 0.0, 0.0, 1.0],
                [0.999994, 0.00064, -0.003395, -0.109605, -0.003392, -0.003855, -0.999986, 2.541853, -0.000653, 0.999993, -0.003853, 0.412822, 0.0, 0.0, 0.0, 1.0],
                [0.999994, 0.001262, -0.003079, -0.010572, -0.003074, -0.003699, -0.999987, 2.656431, -0.001274, 0.999993, -0.003695, 0.305338, 0.0, 0.0, 0.0, 1.0],
                [0.999994, 0.001807, -0.002899, 0.095022, -0.002892, -0.003465, -0.999989, 2.704222, -0.001817, 0.999993, -0.00346, 0.233524, 0.0, 0.0, 0.0, 1.0],
                [0.999994, 0.001668, -0.002937, 0.112052, -0.002931, -0.003535, -0.999988, 2.723889, -0.001678, 0.999993, -0.00353, 0.254992, 0.0, 0.0, 0.0, 1.0],
                [0.999994, 0.001294, -0.003066, 0.101672, -0.003062, -0.003688, -0.999987, 2.735037, -0.001305, 0.999993, -0.003684, 0.311938, 0.0, 0.0, 0.0, 1.0],
                [0.999994, 0.001032, -0.003181, 0.091306, -0.003177, -0.00377, -0.999987, 2.743602, -0.001044, 0.999993, -0.003766, 0.368883, 0.0, 0.0, 0.0, 1.0],
                [0.999994, 0.000939, -0.003226, 0.091446, -0.003223, -0.003793, -0.999986, 2.743642, -0.000952, 0.999993, -0.00379, 0.421313, 0.0, 0.0, 0.0, 1.0],
                [0.999994, 0.000896, -0.003248, 0.091605, -0.003244, -0.003804, -0.999986, 2.736941, -0.000909, 0.999993, -0.003801, 0.473096, 0.0, 0.0, 0.0, 1.0],
                [0.999994, 0.000885, -0.003254, 0.091771, -0.003251, -0.003806, -0.999986, 2.721367, -0.000898, 0.999993, -0.003803, 0.495846, 0.0, 0.0, 0.0, 1.0],
                [0.999994, 0.000916, -0.003238, 0.091943, -0.003234, -0.003799, -0.999986, 2.699199, -0.000929, 0.999993, -0.003796, 0.47731, 0.0, 0.0, 0.0, 1.0],
                [0.999994, 0.000971, -0.00321, 0.092122, -0.003207, -0.003786, -0.999987, 2.678847, -0.000983, 0.999993, -0.003783, 0.436251, 0.0, 0.0, 0.0, 1.0],
                [0.999994, 0.001026, -0.003184, 0.092306, -0.00318, -0.003771, -0.999987, 2.668717, -0.001038, 0.999993, -0.003767, 0.391498, 0.0, 0.0, 0.0, 1.0],
                [0.999994, 0.001062, -0.003166, 0.0925, -0.003162, -0.003761, -0.999987, 2.667357, -0.001073, 0.999993, -0.003758, 0.361866, 0.0, 0.0, 0.0, 1.0],
                [0.999994, 0.001081, -0.003158, 0.092708, -0.003153, -0.003756, -0.999987, 2.667554, -0.001093, 0.999993, -0.003752, 0.349315, 0.0, 0.0, 0.0, 1.0],
                [0.999994, 0.001091, -0.003152, 0.092927, -0.003148, -0.003753, -0.999987, 2.669092, -0.001103, 0.999993, -0.003749, 0.342229, 0.0, 0.0, 0.0, 1.0],
                [0.999994, 0.001102, -0.003148, 0.093157, -0.003144, -0.003749, -0.999987, 2.671757, -0.001113, 0.999993, -0.003746, 0.339071, 0.0, 0.0, 0.0, 1.0],
                [0.999994, 0.001112, -0.003143, 0.093399, -0.003139, -0.003746, -0.999987, 2.675332, -0.001124, 0.999993, -0.003742, 0.338689, 0.0, 0.0, 0.0, 1.0],
                [0.999994, 0.001132, -0.003134, 0.093653, -0.003129, -0.00374, -0.999987, 2.6796, -0.001144, 0.999993, -0.003737, 0.338307, 0.0, 0.0, 0.0, 1.0],
                [0.999994, 0.001172, -0.003116, 0.093923, -0.003112, -0.003728, -0.999987, 2.684347, -0.001183, 0.999993, -0.003724, 0.337925, 0.0, 0.0, 0.0, 1.0],
                [0.999994, 0.001241, -0.003088, 0.094209, -0.003083, -0.003706, -0.999987, 2.689348, -0.001253, 0.999993, -0.003702, 0.336127, 0.0, 0.0, 0.0, 1.0],
                [0.999994, 0.00134, -0.003049, 0.094555, -0.003044, -0.003671, -0.999987, 2.694378, -0.001352, 0.999993, -0.003667, 0.334329, 0.0, 0.0, 0.0, 1.0],
                [0.999994, 0.001452, -0.003009, 0.095024, -0.003004, -0.00363, -0.999988, 2.69922, -0.001463, 0.999993, -0.003626, 0.33442, 0.0, 0.0, 0.0, 1.0],
                [0.999994, 0.001561, -0.00297, 0.095653, -0.002965, -0.003583, -0.999988, 2.703642, -0.001572, 0.999993, -0.003578, 0.338038, 0.0, 0.0, 0.0, 1.0],
                [0.999994, 0.001647, -0.002944, 0.096481, -0.002938, -0.003544, -0.999988, 2.708247, -0.001657, 0.999993, -0.003539, 0.346872, 0.0, 0.0, 0.0, 1.0],
                [0.999994, 0.001706, -0.002926, 0.097557, -0.00292, -0.003516, -0.999988, 2.715238, -0.001716, 0.999993, -0.003511, 0.372238, 0.0, 0.0, 0.0, 1.0],
                [0.999994, 0.001737, -0.002918, 0.100044, -0.002912, -0.003501, -0.999988, 2.726795, -0.001747, 0.999993, -0.003496, 0.408963, 0.0, 0.0, 0.0, 1.0],
                [0.999994, 0.001725, -0.002921, 0.105108, -0.002915, -0.003507, -0.999988, 2.74187, -0.001736, 0.999993, -0.003502, 0.434019, 0.0, 0.0, 0.0, 1.0],
                [0.999994, 0.001686, -0.002933, 0.112324, -0.002927, -0.003526, -0.999988, 2.75783, -0.001696, 0.999993, -0.003521, 0.44406, 0.0, 0.0, 0.0, 1.0],
                [0.999994, 0.001645, -0.002945, 0.120727, -0.002939, -0.003546, -0.999988, 2.774469, -0.001656, 0.999993, -0.003541, 0.45052, 0.0, 0.0, 0.0, 1.0],
                [0.999994, 0.001605, -0.002958, 0.129644, -0.002952, -0.003564, -0.999988, 2.791588, -0.001615, 0.999993, -0.003559, 0.45698, 0.0, 0.0, 0.0, 1.0],
                [0.999994, 0.001564, -0.00297, 0.138718, -0.002964, -0.003581, -0.999988, 2.808982, -0.001574, 0.999993, -0.003577, 0.46096, 0.0, 0.0, 0.0, 1.0],
                [0.999994, 0.001514, -0.002987, 0.147673, -0.002981, -0.003603, -0.999988, 2.826451, -0.001525, 0.999993, -0.003598, 0.46494, 0.0, 0.0, 0.0, 1.0],
                [0.999994, 0.001464, -0.003003, 0.156239, -0.002998, -0.003623, -0.999988, 2.843792, -0.001475, 0.999993, -0.003619, 0.468921, 0.0, 0.0, 0.0, 1.0],
                [0.999994, 0.001404, -0.003026, 0.164239, -0.003021, -0.003648, -0.999988, 2.860905, -0.001415, 0.999993, -0.003643, 0.4729, 0.0, 0.0, 0.0, 1.0],
                [0.999994, 0.001341, -0.003048, 0.171935, -0.003043, -0.003671, -0.999987, 2.87728, -0.001352, 0.999993, -0.003667, 0.478754, 0.0, 0.0, 0.0, 1.0],
                [0.999994, 0.001267, -0.003077, 0.176408, -0.003073, -0.003696, -0.999987, 2.893023, -0.001278, 0.999993, -0.003692, 0.486567, 0.0, 0.0, 0.0, 1.0],
                [0.999994, 0.001182, -0.003112, 0.18091, -0.003108, -0.003725, -0.999987, 2.908957, -0.001194, 0.999993, -0.003721, 0.497165, 0.0, 0.0, 0.0, 1.0],
                [0.999994, 0.00107, -0.003162, 0.181631, -0.003158, -0.003759, -0.999987, 2.925546, -0.001082, 0.999993, -0.003755, 0.512498, 0.0, 0.0, 0.0, 1.0],
                [0.999994, 0.000926, -0.003233, 0.180762, -0.00323, -0.003796, -0.999986, 2.9419, -0.000938, 0.999993, -0.003793, 0.532828, 0.0, 0.0, 0.0, 1.0],
                [0.999994, 0.000758, -0.003325, 0.177965, -0.003322, -0.003834, -0.999986, 2.957122, -0.000771, 0.999993, -0.003831, 0.556648, 0.0, 0.0, 0.0, 1.0],
                [0.999994, 0.000578, -0.003435, 0.172903, -0.003432, -0.003865, -0.999985, 2.970318, -0.000591, 0.999993, -0.003863, 0.580468, 0.0, 0.0, 0.0, 1.0],
                [0.999993, 0.000398, -0.00356, 0.165587, -0.003558, -0.003888, -0.999985, 2.980592, -0.000412, 0.999993, -0.003886, 0.604288, 0.0, 0.0, 0.0, 1.0],
                [0.999993, 0.000234, -0.003688, 0.156388, -0.003687, -0.003901, -0.999984, 2.987048, -0.000248, 0.999993, -0.0039, 0.6251, 0.0, 0.0, 0.0, 1.0],
                [0.999992, 9.3e-05, -0.003812, 0.145503, -0.003812, -0.003907, -0.999984, 2.989717, -0.000108, 0.999993, -0.003907, 0.641149, 0.0, 0.0, 0.0, 1.0],
                [0.999998, -2.1e-05, -0.001906, 0.129501, -0.001906, -0.00391, -0.999989, 2.989618, 1.4e-05, 0.999993, -0.00391, 0.652226, 0.0, 0.0, 0.0, 1.0],
                [1.0, -0.000135, 1e-06, 0.111627, 0.0, -0.003906, -0.999991, 2.987342, 0.000135, 0.999993, -0.003906, 0.663303, 0.0, 0.0, 0.0, 1.0],
                [1.0, -0.000248, 0.0, 0.089473, -1e-06, -0.0039, -0.999991, 2.983478, 0.000248, 0.999993, -0.0039, 0.671222, 0.0, 0.0, 0.0, 1.0],
                [1.0, -0.000353, 1e-06, 0.067321, -0.0, -0.003892, -0.999991, 2.978617, 0.000353, 0.999993, -0.003892, 0.67914, 0.0, 0.0, 0.0, 1.0],
                [1.0, -0.000446, 1e-06, 0.045172, -0.0, -0.003882, -0.999991, 2.973316, 0.000446, 0.999993, -0.003882, 0.684997, 0.0, 0.0, 0.0, 1.0],
                [1.0, -0.000531, 2e-06, 0.022911, -0.0, -0.003872, -0.999991, 2.968259, 0.000531, 0.999993, -0.003872, 0.690884, 0.0, 0.0, 0.0, 1.0],
                [1.0, -0.000602, 1e-06, 0.004423, -1e-06, -0.003861, -0.999991, 2.963943, 0.000602, 0.999993, -0.003861, 0.695632, 0.0, 0.0, 0.0, 1.0],
                [1.0, -0.000663, 1e-06, -0.012439, -1e-06, -0.003851, -0.999991, 2.960988, 0.000663, 0.999993, -0.003851, 0.700409, 0.0, 0.0, 0.0, 1.0],
                [1.0, -0.00071, 2e-06, -0.022838, -1e-06, -0.003843, -0.999991, 2.959123, 0.00071, 0.999993, -0.003843, 0.705186, 0.0, 0.0, 0.0, 1.0],
                [0.999999, -0.000737, 2e-06, -0.028882, -1e-06, -0.003838, -0.999991, 2.957631, 0.000737, 0.999993, -0.003838, 0.709963, 0.0, 0.0, 0.0, 1.0],
                [0.999999, -0.000746, 2e-06, -0.030084, -1e-06, -0.003837, -0.999991, 2.956423, 0.000746, 0.999993, -0.003837, 0.713027, 0.0, 0.0, 0.0, 1.0],
                [0.999999, -0.000737, 2e-06, -0.027853, -1e-06, -0.003838, -0.999991, 2.955416, 0.000737, 0.999993, -0.003838, 0.716092, 0.0, 0.0, 0.0, 1.0],
                [1.0, -0.000718, 2e-06, -0.022988, -1e-06, -0.003842, -0.999991, 2.954524, 0.000718, 0.999993, -0.003842, 0.718096, 0.0, 0.0, 0.0, 1.0],
                [1.0, -0.000693, 2e-06, -0.016854, -1e-06, -0.003847, -0.999991, 2.95366, 0.000693, 0.999993, -0.003847, 0.720102, 0.0, 0.0, 0.0, 1.0],
                [0.999999, -0.000667, 1e-06, -0.010731, -1e-06, -0.003851, -0.999991, 2.952738, 0.000667, 0.999993, -0.003851, 0.722107, 0.0, 0.0, 0.0, 1.0],
                [1.0, -0.000641, 1e-06, -0.005057, -1e-06, -0.003855, -0.999991, 2.951675, 0.000641, 0.999993, -0.003855, 0.724112, 0.0, 0.0, 0.0, 1.0],
                [1.0, -0.000626, 1e-06, -0.000275, -1e-06, -0.003858, -0.999991, 2.951675, 0.000626, 0.999993, -0.003858, 0.726117, 0.0, 0.0, 0.0, 1.0],
                [1.0, 0.000632, 1e-06, 0.000309, -1e-06, 0.003856, -0.999991, 2.951675, -0.000632, 0.999993, 0.003856, 0.723106, 0.0, 0.0, 0.0, 1.0]
            ]
        },
        {
            "name": "Thigh_R",
            "time": [0.0, 0.0333, 0.1333, 0.1667, 0.2, 0.2333, 0.2667, 0.3, 0.3333, 0.3667, 0.4, 0.4333, 0.4667, 0.5, 0.5667, 0.6333, 0.6667, 0.7, 0.7333, 0.7667, 0.8, 0.8333, 0.8667, 0.9, 0.9333, 0.9667, 1.0, 1.0333, 1.0667, 1.1, 1.1333, 1.1667, 1.2, 1.2333, 1.2667, 1.3, 1.3333, 1.3667, 1.4, 1.4333, 1.4667, 1.5, 1.5333, 1.5667, 1.6, 1.6333, 1.6667, 1.7, 1.7333, 1.7667, 1.8, 1.8333, 1.8667, 1.9, 1.9333, 1.9667, 2.0, 2.0333, 2.0667, 2.1, 2.1333, 2.1667, 2.2, 2.2333, 2.2667, 2.3, 2.3333, 2.3667, 2.4, 2.4333, 2.4667, 2.5, 2.5333, 2.5667, 2.6, 2.6333, 2.6667, 2.7, 2.7333, 2.7667],
            "transform": [
                [-0.195357, -0.324275, -0.92557, 0.060756, 0.661913, -0.739986, 0.119549, -0.031119, -0.72368, -0.589289, 0.359203, -0.077587, 0.0, 0.0, 0.0, 1.0],
                [-0.153878, -0.403221, -0.902071, 0.054355, 0.519477, -0.809607, 0.273276, 0.031804, -0.840518, -0.426553, 0.334043, -0.11795, 0.0, 0.0, 0.0, 1.0],
                [-0.391789, -0.918052, -0.060681, -0.080384, 0.592814, -0.302327, 0.746439, 0.014324, -0.703617, 0.256474, 0.662681, -0.063373, 0.0, 0.0, 0.0, 1.0],
                [-0.477577, -0.878478, -0.013985, -0.085325, 0.613337, -0.344746, 0.710611, 0.014941, -0.62908, 0.330794, 0.703445, -0.056387, 0.0, 0.0, 0.0, 1.0],
                [-0.56286, -0.825564, 0.040425, -0.090493, 0.620433, -0.389676, 0.6806, 0.015543, -0.546128, 0.408162, 0.731539, -0.047461, 0.0, 0.0, 0.0, 1.0],
                [-0.645374, -0.75673, 0.104181, -0.095563, 0.613922, -0.432685, 0.660215, 0.015958, -0.454529, 0.490043, 0.743815, -0.036005, 0.0, 0.0, 0.0, 1.0],
                [-0.728549, -0.660532, 0.181425, -0.101123, 0.588112, -0.467372, 0.660066, 0.015891, -0.351203, 0.587588, 0.72897, -0.014322, 0.0, 0.0, 0.0, 1.0],
                [-0.801658, -0.52004, 0.294796, -0.100962, 0.564728, -0.497109, 0.65876, 0.012056, -0.196037, 0.694579, 0.692192, 0.018568, 0.0, 0.0, 0.0, 1.0],
                [-0.82471, -0.315559, 0.469338, -0.090278, 0.563373, -0.531265, 0.632747, 0.003847, 0.049674, 0.786244, 0.615916, 0.050183, 0.0, 0.0, 0.0, 1.0],
                [-0.756039, -0.110764, 0.645088, -0.075601, 0.577565, -0.576586, 0.577899, -0.00334, 0.307938, 0.809493, 0.499894, 0.0704, 0.0, 0.0, 0.0, 1.0],
                [-0.670335, -0.016835, 0.741869, -0.067028, 0.602769, -0.595456, 0.531132, -0.006481, 0.43281, 0.80321, 0.409302, 0.078409, 0.0, 0.0, 0.0, 1.0],
                [-0.605583, -0.05675, 0.793757, -0.062037, 0.656756, -0.598905, 0.45824, -0.005313, 0.449381, 0.798806, 0.399957, 0.08246, 0.0, 0.0, 0.0, 1.0],
                [-0.476598, -0.171954, 0.862141, -0.039406, 0.6963, -0.672513, 0.250786, 0.013588, 0.536679, 0.719831, 0.440249, 0.093257, 0.0, 0.0, 0.0, 1.0],
                [-0.093053, -0.179308, 0.979382, 0.00922, 0.713256, -0.698324, -0.060084, 0.042549, 0.694702, 0.692957, 0.192873, 0.09373, 0.0, 0.0, 0.0, 1.0],
                [0.875879, 0.423861, 0.230608, 0.079773, -0.065573, -0.368924, 0.927143, 0.045493, 0.478057, -0.827187, -0.295338, 0.046759, 0.0, 0.0, 0.0, 1.0],
                [0.975992, 0.212641, 0.047198, 0.091857, -0.037442, -0.049678, 0.998062, 0.040524, 0.214574, -0.975867, -0.040524, 0.024474, 0.0, 0.0, 0.0, 1.0],
                [0.981324, 0.178893, -0.07074, 0.09666, 0.059437, 0.067784, 0.995927, 0.03596, 0.18296, -0.981531, 0.055884, 0.006513, 0.0, 0.0, 0.0, 1.0],
                [0.96385, 0.194924, -0.18166, 0.098839, 0.196183, -0.057815, 0.97886, 0.027223, 0.180301, -0.979114, -0.093966, -0.01298, 0.0, 0.0, 0.0, 1.0],
                [0.924991, 0.180954, -0.334142, 0.096975, 0.372812, -0.26199, 0.890152, 0.012305, 0.073535, -0.947954, -0.309799, -0.033513, 0.0, 0.0, 0.0, 1.0],
                [0.900021, 0.045803, -0.433435, 0.079722, 0.433637, 0.005982, 0.901067, -0.021517, 0.043865, -0.998933, -0.014478, -0.062132, 0.0, 0.0, 0.0, 1.0],
                [0.930981, -0.036349, -0.363257, 0.052885, 0.363457, 0.185765, 0.912901, -0.045013, 0.034297, -0.981923, 0.186154, -0.076529, 0.0, 0.0, 0.0, 1.0],
                [0.953002, -0.061786, -0.2966, 0.058669, 0.301583, 0.099936, 0.948187, -0.045635, -0.028944, -0.993074, 0.113872, -0.071798, 0.0, 0.0, 0.0, 1.0],
                [0.971889, -0.048801, -0.230333, 0.075398, 0.228123, -0.046927, 0.972499, -0.036093, -0.058268, -0.997705, -0.034475, -0.060758, 0.0, 0.0, 0.0, 1.0],
                [0.982538, -0.024323, -0.184471, 0.085818, 0.177444, -0.175863, 0.968289, -0.026488, -0.055994, -0.984115, -0.168476, -0.051113, 0.0, 0.0, 0.0, 1.0],
                [0.987049, -0.019842, -0.159198, 0.088135, 0.147566, -0.277062, 0.949452, -0.026815, -0.062947, -0.960647, -0.270545, -0.04682, 0.0, 0.0, 0.0, 1.0],
                [0.987644, -0.023909, -0.15489, 0.088057, 0.136089, -0.359354, 0.923224, -0.031034, -0.077734, -0.932895, -0.351659, -0.044291, 0.0, 0.0, 0.0, 1.0],
                [0.987453, -0.026865, -0.155623, 0.087633, 0.133241, -0.387288, 0.912279, -0.033292, -0.08478, -0.921567, -0.378848, -0.043486, 0.0, 0.0, 0.0, 1.0],
                [0.986627, -0.03218, -0.159795, 0.087503, 0.139327, -0.342345, 0.929185, -0.031253, -0.084607, -0.939024, -0.333283, -0.045225, 0.0, 0.0, 0.0, 1.0],
                [0.985387, -0.038861, -0.165848, 0.087144, 0.150994, -0.251396, 0.956032, -0.027465, -0.078846, -0.967104, -0.241855, -0.048276, 0.0, 0.0, 0.0, 1.0],
                [0.983379, -0.045336, -0.175824, 0.08659, 0.167205, -0.151454, 0.974218, -0.023514, -0.070797, -0.987424, -0.141357, -0.051265, 0.0, 0.0, 0.0, 1.0],
                [0.981861, -0.052124, -0.18231, 0.085959, 0.17742, -0.08671, 0.980306, -0.021515, -0.066906, -0.994869, -0.07589, -0.053171, 0.0, 0.0, 0.0, 1.0],
                [0.979821, -0.060331, -0.190562, 0.085355, 0.186951, -0.060775, 0.980486, -0.021732, -0.070735, -0.996327, -0.04827, -0.054048, 0.0, 0.0, 0.0, 1.0],
                [0.9771, -0.069678, -0.201058, 0.084837, 0.198196, -0.045894, 0.979086, -0.022811, -0.077449, -0.996514, -0.031033, -0.054417, 0.0, 0.0, 0.0, 1.0],
                [0.974333, -0.080032, -0.210412, 0.08425, 0.207669, -0.041289, 0.977326, -0.024525, -0.086905, -0.995938, -0.02361, -0.054584, 0.0, 0.0, 0.0, 1.0],
                [0.971769, -0.088426, -0.218744, 0.083444, 0.215861, -0.041081, 0.975558, -0.026727, -0.095252, -0.995236, -0.020834, -0.054789, 0.0, 0.0, 0.0, 1.0],
                [0.970286, -0.090792, -0.224285, 0.082303, 0.221211, -0.042749, 0.974287, -0.029029, -0.098046, -0.994954, -0.021395, -0.05534, 0.0, 0.0, 0.0, 1.0],
                [0.970179, -0.086234, -0.226539, 0.080592, 0.223446, -0.044114, 0.973716, -0.031169, -0.093962, -0.995298, -0.02353, -0.056679, 0.0, 0.0, 0.0, 1.0],
                [0.972197, -0.071771, -0.2229, 0.077883, 0.220355, -0.04172, 0.974526, -0.033315, -0.079243, -0.996549, -0.024745, -0.059191, 0.0, 0.0, 0.0, 1.0],
                [0.974818, -0.048548, -0.217659, 0.074081, 0.21579, -0.040967, 0.975578, -0.035352, -0.056279, -0.997981, -0.02946, -0.062781, 0.0, 0.0, 0.0, 1.0],
                [0.977306, -0.018897, -0.210998, 0.069668, 0.209968, -0.04581, 0.976633, -0.036749, -0.028122, -0.998772, -0.040803, -0.066898, 0.0, 0.0, 0.0, 1.0],
                [0.979355, 0.011519, -0.201829, 0.065255, 0.202156, -0.060321, 0.977492, -0.037466, -0.000915, -0.998113, -0.061404, -0.070835, 0.0, 0.0, 0.0, 1.0],
                [0.98063, 0.038726, -0.192014, 0.061618, 0.194706, -0.085478, 0.977129, -0.037644, 0.021428, -0.995588, -0.091362, -0.073931, 0.0, 0.0, 0.0, 1.0],
                [0.982314, 0.060056, -0.17736, 0.058945, 0.18432, -0.143139, 0.972386, -0.038028, 0.033011, -0.987879, -0.151676, -0.075888, 0.0, 0.0, 0.0, 1.0],
                [0.984801, 0.076296, -0.156041, 0.057449, 0.169385, -0.222938, 0.960002, -0.038486, 0.038457, -0.971842, -0.232473, -0.076799, 0.0, 0.0, 0.0, 1.0],
                [0.987303, 0.087533, -0.132563, 0.058094, 0.15221, -0.282428, 0.947134, -0.037955, 0.045466, -0.955287, -0.292165, -0.076578, 0.0, 0.0, 0.0, 1.0],
                [0.989845, 0.09188, -0.108478, 0.060006, 0.132515, -0.32006, 0.938083, -0.03657, 0.051472, -0.942932, -0.328984, -0.075772, 0.0, 0.0, 0.0, 1.0],
                [0.99194, 0.090563, -0.088638, 0.062036, 0.115303, -0.354835, 0.92779, -0.034956, 0.052572, -0.930532, -0.362417, -0.074894, 0.0, 0.0, 0.0, 1.0],
                [0.994139, 0.081807, -0.070707, 0.064144, 0.097178, -0.389198, 0.916013, -0.033291, 0.047418, -0.917515, -0.394866, -0.07387, 0.0, 0.0, 0.0, 1.0],
                [0.996033, 0.068436, -0.056908, 0.06645, 0.080621, -0.422767, 0.902644, -0.031364, 0.037714, -0.90365, -0.426606, -0.072665, 0.0, 0.0, 0.0, 1.0],
                [0.997857, 0.045892, -0.046661, 0.06868, 0.062517, -0.457396, 0.887062, -0.029379, 0.019366, -0.888079, -0.459283, -0.07141, 0.0, 0.0, 0.0, 1.0],
                [0.998995, 0.019233, -0.040515, 0.071154, 0.044731, -0.492543, 0.869137, -0.027247, -0.00324, -0.870075, -0.492907, -0.069815, 0.0, 0.0, 0.0, 1.0],
                [0.999243, -0.0097, -0.037715, 0.073771, 0.026904, -0.528254, 0.848659, -0.024958, -0.028155, -0.849031, -0.527592, -0.067928, 0.0, 0.0, 0.0, 1.0],
                [0.998604, -0.037977, -0.036758, 0.076556, 0.008879, -0.565061, 0.825, -0.022674, -0.052102, -0.824174, -0.563934, -0.065607, 0.0, 0.0, 0.0, 1.0],
                [0.997467, -0.060792, -0.036959, 0.079527, -0.007015, -0.600995, 0.799221, -0.020315, -0.070798, -0.796938, -0.599898, -0.062785, 0.0, 0.0, 0.0, 1.0],
                [0.996313, -0.077438, -0.036975, 0.082647, -0.021015, -0.637947, 0.769792, -0.018124, -0.0832, -0.766176, -0.637221, -0.059328, 0.0, 0.0, 0.0, 1.0],
                [0.996454, -0.078992, -0.029022, 0.086292, -0.032136, -0.675909, 0.736283, -0.015881, -0.077777, -0.73274, -0.67605, -0.054593, 0.0, 0.0, 0.0, 1.0],
                [0.997981, -0.062887, -0.009069, 0.090426, -0.038874, -0.717241, 0.695739, -0.013755, -0.050258, -0.693981, -0.718237, -0.04809, 0.0, 0.0, 0.0, 1.0],
                [0.999129, -0.03707, 0.019271, 0.094414, -0.040646, -0.755722, 0.65363, -0.012212, -0.009666, -0.653842, -0.756569, -0.040195, 0.0, 0.0, 0.0, 1.0],
                [0.998524, -0.004868, 0.054102, 0.097775, -0.037076, -0.788973, 0.613308, -0.011379, 0.039699, -0.614408, -0.787989, -0.031452, 0.0, 0.0, 0.0, 1.0],
                [0.995498, 0.028528, 0.090411, 0.100226, -0.028761, -0.817834, 0.574734, -0.01127, 0.090337, -0.574745, -0.813331, -0.022502, 0.0, 0.0, 0.0, 1.0],
                [0.990584, 0.058304, 0.123882, 0.101708, -0.018043, -0.841318, 0.540239, -0.011606, 0.135722, -0.537386, -0.832343, -0.014117, 0.0, 0.0, 0.0, 1.0],
                [0.984973, 0.085054, 0.150322, 0.102425, -0.004623, -0.857044, 0.515222, -0.011824, 0.172655, -0.508174, -0.843771, -0.006916, 0.0, 0.0, 0.0, 1.0],
                [0.978533, 0.111937, 0.173052, 0.102671, 0.010852, -0.866471, 0.499107, -0.011693, 0.205814, -0.486513, -0.849084, -0.000639, 0.0, 0.0, 0.0, 1.0],
                [0.969286, 0.143349, 0.199846, 0.10256, 0.027842, -0.871304, 0.489951, -0.011367, 0.244361, -0.469337, -0.848534, 0.005547, 0.0, 0.0, 0.0, 1.0],
                [0.956713, 0.178388, 0.229952, 0.102141, 0.045636, -0.872302, 0.486834, -0.01065, 0.287433, -0.455266, -0.842683, 0.011505, 0.0, 0.0, 0.0, 1.0],
                [0.933979, 0.232486, 0.271357, 0.101472, 0.089409, -0.887293, 0.452457, -0.009609, 0.345964, -0.398323, -0.849499, 0.01702, 0.0, 0.0, 0.0, 1.0],
                [0.896419, 0.294676, 0.331061, 0.100618, 0.148468, -0.903453, 0.402153, -0.008284, 0.417605, -0.311345, -0.853622, 0.022044, 0.0, 0.0, 0.0, 1.0],
                [0.84985, 0.345496, 0.397984, 0.099656, 0.210318, -0.914736, 0.344992, -0.006874, 0.483246, -0.209487, -0.850053, 0.026457, 0.0, 0.0, 0.0, 1.0],
                [0.807042, 0.374751, 0.456342, 0.098653, 0.261434, -0.919699, 0.292921, -0.005376, 0.529472, -0.117096, -0.840208, 0.030289, 0.0, 0.0, 0.0, 1.0],
                [0.793157, 0.383608, 0.473021, 0.097706, 0.270711, -0.917813, 0.290402, -0.003988, 0.545546, -0.102282, -0.831816, 0.033411, 0.0, 0.0, 0.0, 1.0],
                [0.780556, 0.385423, 0.492122, 0.096869, 0.276083, -0.9189, 0.281778, -0.002963, 0.560817, -0.084076, -0.823661, 0.035864, 0.0, 0.0, 0.0, 1.0],
                [0.773266, 0.381453, 0.506513, 0.096325, 0.277388, -0.921818, 0.270749, -0.002359, 0.570193, -0.06886, -0.818621, 0.037344, 0.0, 0.0, 0.0, 1.0],
                [0.772069, 0.374971, 0.513136, 0.096195, 0.276809, -0.925194, 0.259596, -0.002038, 0.572093, -0.058385, -0.818108, 0.037699, 0.0, 0.0, 0.0, 1.0],
                [0.775756, 0.365878, 0.514138, 0.096343, 0.27277, -0.929127, 0.249634, -0.002051, 0.569037, -0.053413, -0.820576, 0.037316, 0.0, 0.0, 0.0, 1.0],
                [0.782664, 0.356408, 0.510306, 0.096706, 0.267435, -0.932856, 0.241362, -0.002292, 0.562068, -0.052431, -0.825428, 0.03635, 0.0, 0.0, 0.0, 1.0],
                [0.79136, 0.346088, 0.503959, 0.097167, 0.26094, -0.936686, 0.233512, -0.002643, 0.552868, -0.053288, -0.831564, 0.035074, 0.0, 0.0, 0.0, 1.0],
                [0.799874, 0.335711, 0.497496, 0.097609, 0.254361, -0.940417, 0.225639, -0.003004, 0.543605, -0.053938, -0.837607, 0.033795, 0.0, 0.0, 0.0, 1.0],
                [0.808203, 0.325282, 0.49092, 0.098032, 0.2477, -0.944051, 0.217739, -0.003373, 0.534281, -0.054376, -0.843556, 0.032511, 0.0, 0.0, 0.0, 1.0],
                [0.813349, 0.316194, 0.48835, 0.098278, 0.243006, -0.94732, 0.20864, -0.003569, 0.528596, -0.051025, -0.847339, 0.031739, 0.0, 0.0, 0.0, 1.0],
                [0.812085, 0.313262, 0.492327, 0.098141, 0.240077, -0.948336, 0.207415, -0.003908, 0.531868, -0.050242, -0.845335, 0.032119, 0.0, 0.0, 0.0, 1.0]
            ]
        },
        {
            "name": "Leg_R",
            "time": [0.0, 0.0333, 0.1333, 0.1667, 0.2, 0.2333, 0.2667, 0.3, 0.3333, 0.3667, 0.4, 0.4333, 0.4667, 0.5, 0.5667, 0.6333, 0.6667, 0.7, 0.7333, 0.7667, 0.8, 0.8333, 0.8667, 0.9, 0.9333, 0.9667, 1.0, 1.0333, 1.0667, 1.1, 1.1333, 1.1667, 1.2, 1.2333, 1.2667, 1.3, 1.3333, 1.3667, 1.4, 1.4333, 1.4667, 1.5, 1.5333, 1.5667, 1.6, 1.6333, 1.6667, 1.7, 1.7333, 1.7667, 1.8, 1.8333, 1.8667, 1.9, 1.9333, 1.9667, 2.0, 2.0333, 2.0667, 2.1, 2.1333, 2.1667, 2.2, 2.2333, 2.2667, 2.3, 2.3333, 2.3667, 2.4, 2.4333, 2.4667, 2.5, 2.5333, 2.5667, 2.6, 2.6333, 2.6667, 2.7, 2.7333, 2.7667],
            "transform": [
                [1.0, -0.001933, 0.000292, -0.0, 0.000289, 0.2938, 0.955867, 0.37472, -0.001933, -0.955863, 0.293801, 0.0, 0.0, 0.0, 0.0, 1.0],
                [1.0, -0.001906, 0.00044, 0.0, -0.000375, 0.033946, 0.999423, 0.37472, -0.00192, -0.99942, 0.033946, 0.0, 0.0, 0.0, 0.0, 1.0],
                [1.0, -0.001902, -0.000454, 0.0, -0.000453, -0.451419, 0.892311, 0.37472, -0.001903, -0.892308, -0.45142, -0.0, 0.0, 0.0, 0.0, 1.0],
                [1.000001, -0.001899, -0.000465, -0.0, -0.000465, -0.46174, 0.887014, 0.37472, -0.0019, -0.887011, -0.46174, 0.0, 0.0, 0.0, 0.0, 1.0],
                [1.000001, -0.001897, -0.000476, 0.0, -0.000476, -0.471997, 0.881599, 0.37472, -0.001897, -0.881596, -0.471997, -0.0, 0.0, 0.0, 0.0, 1.0],
                [1.000001, -0.001894, -0.000488, -0.0, -0.000486, -0.482188, 0.876066, 0.37472, -0.001894, -0.876063, -0.482189, -0.0, 0.0, 0.0, 0.0, 1.0],
                [1.000001, -0.001893, -0.000491, -0.0, -0.000489, -0.484996, 0.874515, 0.37472, -0.001893, -0.874512, -0.484997, 0.0, 0.0, 0.0, 0.0, 1.0],
                [1.0, -0.0019, -0.000465, 0.0, -0.000465, -0.461598, 0.887088, 0.37472, -0.0019, -0.887085, -0.461599, -0.0, 0.0, 0.0, 0.0, 1.0],
                [1.0, -0.001913, -0.000403, 0.0, -0.000401, -0.402718, 0.915323, 0.37472, -0.001913, -0.91532, -0.402719, -0.0, 0.0, 0.0, 0.0, 1.0],
                [1.0, -0.001935, -0.000283, -0.0, -0.000282, -0.285737, 0.958307, 0.37472, -0.001935, -0.958304, -0.285738, -0.0, 0.0, 0.0, 0.0, 1.0],
                [1.000001, -0.001954, -8.3e-05, -0.0, -8.2e-05, -0.084129, 0.996454, 0.37472, -0.001954, -0.996451, -0.084129, 0.0, 0.0, 0.0, 0.0, 1.0],
                [1.000001, -0.001922, 0.00042, -0.0, 0.000421, 0.417773, 0.908551, 0.37472, -0.001922, -0.908547, 0.417773, 0.0, 0.0, 0.0, 0.0, 1.0],
                [1.000001, -0.001612, 0.001126, 0.0, 0.001125, 0.93865, 0.344864, 0.37472, -0.001613, -0.344862, 0.938651, -0.0, 0.0, 0.0, 0.0, 1.0],
                [1.000001, -0.001389, 0.001376, -0.0, 0.001374, 0.999943, 0.010364, 0.37472, -0.00139, -0.010362, 0.999945, -0.0, 0.0, 0.0, 0.0, 1.0],
                [1.000001, -0.001916, -0.000397, -0.0, -0.000397, -0.397623, 0.917547, 0.37472, -0.001915, -0.917545, -0.397623, 0.0, 0.0, 0.0, 0.0, 1.0],
                [1.0, -0.00194, -0.000258, 0.0, -0.000259, -0.26159, 0.965179, 0.37472, -0.00194, -0.965175, -0.26159, -0.0, 0.0, 0.0, 0.0, 1.0],
                [1.0, -0.001952, -0.000127, -0.0, -0.000127, -0.129371, 0.991596, 0.37472, -0.001952, -0.991593, -0.129371, -0.0, 0.0, 0.0, 0.0, 1.0],
                [1.0, -0.00195, 0.000144, 0.0, 0.000145, 0.14751, 0.98906, 0.37472, -0.00195, -0.989058, 0.14751, -0.0, 0.0, 0.0, 0.0, 1.0],
                [1.000001, -0.001914, 0.000399, 0.0, 0.000399, 0.399694, 0.916648, 0.37472, -0.001914, -0.916644, 0.399694, 0.0, 0.0, 0.0, 0.0, 1.0],
                [1.0, -0.001948, -0.000171, 0.0, -0.000171, -0.174358, 0.984682, 0.37472, -0.001948, -0.984678, -0.174359, -0.0, 0.0, 0.0, 0.0, 1.0],
                [1.0, -0.001848, -0.00064, -0.0, -0.000639, -0.618102, 0.786097, 0.37472, -0.001848, -0.786095, -0.618102, 0.0, 0.0, 0.0, 0.0, 1.0],
                [1.0, -0.001831, -0.000686, -0.0, -0.000684, -0.656339, 0.754464, 0.374721, -0.001832, -0.754462, -0.65634, 0.0, 0.0, 0.0, 0.0, 1.0],
                [1.0, -0.001869, -0.000572, -0.0, -0.000571, -0.559236, 0.829008, 0.37472, -0.00187, -0.829004, -0.559237, -0.0, 0.0, 0.0, 0.0, 1.0],
                [1.0, -0.001907, -0.000431, -0.0, -0.00043, -0.429593, 0.903022, 0.37472, -0.001907, -0.90302, -0.429593, -0.0, 0.0, 0.0, 0.0, 1.0],
                [1.0, -0.001931, -0.00031, 0.0, -0.00031, -0.312785, 0.949824, 0.37472, -0.001931, -0.94982, -0.312786, -0.0, 0.0, 0.0, 0.0, 1.0],
                [1.0, -0.001947, -0.000185, 0.0, -0.000185, -0.188502, 0.982072, 0.37472, -0.001947, -0.98207, -0.188502, -0.0, 0.0, 0.0, 0.0, 1.0],
                [1.0, -0.001951, -0.000122, 0.0, -0.000122, -0.124808, 0.992181, 0.37472, -0.001951, -0.992177, -0.124809, 0.0, 0.0, 0.0, 0.0, 1.0],
                [1.0, -0.00195, -0.000152, -0.0, -0.000153, -0.15561, 0.987818, 0.37472, -0.00195, -0.987816, -0.15561, 0.0, 0.0, 0.0, 0.0, 1.0],
                [1.0, -0.001942, -0.000228, -0.0, -0.000228, -0.231912, 0.972736, 0.37472, -0.001942, -0.972733, -0.231913, 0.0, 0.0, 0.0, 0.0, 1.0],
                [1.0, -0.001931, -0.000307, -0.0, -0.000306, -0.309483, 0.950905, 0.37472, -0.001931, -0.950901, -0.309483, 0.0, 0.0, 0.0, 0.0, 1.0],
                [1.0, -0.001922, -0.000359, -0.0, -0.000358, -0.360466, 0.932772, 0.37472, -0.001922, -0.932768, -0.360467, -0.0, 0.0, 0.0, 0.0, 1.0],
                [1.0, -0.001917, -0.000387, 0.0, -0.000385, -0.386756, 0.922181, 0.37472, -0.001917, -0.922178, -0.386756, -0.0, 0.0, 0.0, 0.0, 1.0],
                [1.0, -0.001913, -0.000404, 0.0, -0.000404, -0.404227, 0.914658, 0.37472, -0.001913, -0.914655, -0.404228, 0.0, 0.0, 0.0, 0.0, 1.0],
                [1.0, -0.001911, -0.000415, -0.0, -0.000415, -0.414701, 0.909957, 0.37472, -0.001911, -0.909955, -0.414701, -0.0, 0.0, 0.0, 0.0, 1.0],
                [1.0, -0.001908, -0.000426, -0.0, -0.000426, -0.425118, 0.905137, 0.37472, -0.001908, -0.905134, -0.425119, 0.0, 0.0, 0.0, 0.0, 1.0],
                [1.0, -0.001906, -0.000437, -0.0, -0.000437, -0.435482, 0.900196, 0.37472, -0.001906, -0.900195, -0.435481, 0.0, 0.0, 0.0, 0.0, 1.0],
                [1.000001, -0.001903, -0.000449, 0.0, -0.000449, -0.447165, 0.89445, 0.37472, -0.001903, -0.894447, -0.447166, -0.0, 0.0, 0.0, 0.0, 1.0],
                [1.0, -0.001899, -0.000468, 0.0, -0.000467, -0.464056, 0.885805, 0.37472, -0.001899, -0.885802, -0.464057, 0.0, 0.0, 0.0, 0.0, 1.0],
                [1.0, -0.001894, -0.000485, 0.0, -0.000485, -0.480781, 0.876839, 0.37472, -0.001894, -0.876837, -0.480781, -0.0, 0.0, 0.0, 0.0, 1.0],
                [1.0, -0.00189, -0.000499, 0.0, -0.000499, -0.493376, 0.869815, 0.37472, -0.00189, -0.869812, -0.493377, -0.0, 0.0, 0.0, 0.0, 1.0],
                [1.0, -0.00189, -0.000502, -0.0, -0.000501, -0.49546, 0.86863, 0.37472, -0.00189, -0.868627, -0.495461, 0.0, 0.0, 0.0, 0.0, 1.0],
                [1.0, -0.001892, -0.00049, -0.0, -0.000489, -0.484996, 0.874515, 0.37472, -0.001893, -0.874512, -0.484997, -0.0, 0.0, 0.0, 0.0, 1.0],
                [1.000001, -0.001905, -0.000441, 0.0, -0.000441, -0.439144, 0.898415, 0.37472, -0.001905, -0.898412, -0.439145, 0.0, 0.0, 0.0, 0.0, 1.0],
                [1.0, -0.001921, -0.000364, -0.0, -0.000363, -0.365145, 0.93095, 0.37472, -0.001922, -0.930946, -0.365146, 0.0, 0.0, 0.0, 0.0, 1.0],
                [1.0, -0.00193, -0.000314, 0.0, -0.000312, -0.315963, 0.948771, 0.37472, -0.00193, -0.948769, -0.315963, 0.0, 0.0, 0.0, 0.0, 1.0],
                [1.000001, -0.001932, -0.000301, -0.0, -0.0003, -0.303787, 0.952739, 0.37472, -0.001932, -0.952736, -0.303788, -0.0, 0.0, 0.0, 0.0, 1.0],
                [1.0, -0.001933, -0.000294, -0.0, -0.000293, -0.296431, 0.955054, 0.37472, -0.001933, -0.95505, -0.296431, -0.0, 0.0, 0.0, 0.0, 1.0],
                [1.0, -0.001934, -0.00029, -0.0, -0.000288, -0.292321, 0.95632, 0.37472, -0.001935, -0.956317, -0.292321, 0.0, 0.0, 0.0, 0.0, 1.0],
                [1.0, -0.001934, -0.000286, -0.0, -0.000284, -0.288205, 0.957568, 0.37472, -0.001934, -0.957565, -0.288205, -0.0, 0.0, 0.0, 0.0, 1.0],
                [1.0, -0.001935, -0.00028, -0.0, -0.000281, -0.284085, 0.958798, 0.37472, -0.001935, -0.958796, -0.284085, -0.0, 0.0, 0.0, 0.0, 1.0],
                [1.0, -0.001936, -0.000273, -0.0, -0.000272, -0.275794, 0.961216, 0.37472, -0.001936, -0.961214, -0.275794, 0.0, 0.0, 0.0, 0.0, 1.0],
                [1.0, -0.001938, -0.000258, -0.0, -0.000258, -0.26159, 0.965178, 0.37472, -0.001938, -0.965176, -0.26159, 0.0, 0.0, 0.0, 0.0, 1.0],
                [1.0, -0.001941, -0.000235, -0.0, -0.000235, -0.23858, 0.971122, 0.37472, -0.001941, -0.971119, -0.238581, 0.0, 0.0, 0.0, 0.0, 1.0],
                [1.0, -0.001945, -0.000205, -0.0, -0.000204, -0.207749, 0.978181, 0.37472, -0.001945, -0.978179, -0.207749, -0.0, 0.0, 0.0, 0.0, 1.0],
                [1.000001, -0.001949, -0.000162, -0.0, -0.000162, -0.165456, 0.986216, 0.37472, -0.001949, -0.986214, -0.165456, -0.0, 0.0, 0.0, 0.0, 1.0],
                [1.0, -0.001953, -0.000105, -0.0, -0.000103, -0.106432, 0.994318, 0.37472, -0.001954, -0.994317, -0.106432, 0.0, 0.0, 0.0, 0.0, 1.0],
                [1.0, -0.001955, -2.9e-05, -0.0, -2.8e-05, -0.029093, 0.999576, 0.37472, -0.001955, -0.999573, -0.029093, 0.0, 0.0, 0.0, 0.0, 1.0],
                [1.000001, -0.001954, 6.1e-05, -0.0, 6.2e-05, 0.062497, 0.998045, 0.37472, -0.001954, -0.998042, 0.062497, -0.0, 0.0, 0.0, 0.0, 1.0],
                [1.0, -0.001952, 0.000145, -0.0, 0.000146, 0.148182, 0.988958, 0.37472, -0.001952, -0.988958, 0.148182, -0.0, 0.0, 0.0, 0.0, 1.0],
                [1.0, -0.001942, 0.000229, -0.0, 0.00023, 0.232768, 0.972532, 0.37472, -0.001942, -0.972528, 0.232769, 0.0, 0.0, 0.0, 0.0, 1.0],
                [1.0, -0.001931, 0.000306, -0.0, 0.000307, 0.309483, 0.950904, 0.37472, -0.001931, -0.950902, 0.309483, -0.0, 0.0, 0.0, 0.0, 1.0],
                [1.0, -0.00192, 0.000371, -0.0, 0.000372, 0.372907, 0.927867, 0.37472, -0.00192, -0.927865, 0.372907, 0.0, 0.0, 0.0, 0.0, 1.0],
                [1.000001, -0.001909, 0.000424, -0.0, 0.000423, 0.422931, 0.906161, 0.37472, -0.001909, -0.906157, 0.422932, 0.0, 0.0, 0.0, 0.0, 1.0],
                [1.000001, -0.001899, 0.000469, 0.0, 0.000468, 0.464884, 0.88537, 0.37472, -0.001899, -0.885368, 0.464884, -0.0, 0.0, 0.0, 0.0, 1.0],
                [0.999999, -0.001887, 0.000512, 0.0, 0.000513, 0.505817, 0.862639, 0.37472, -0.001887, -0.862638, 0.505817, 0.0, 0.0, 0.0, 0.0, 1.0],
                [1.0, -0.001872, 0.000563, 0.0, 0.000564, 0.552073, 0.833794, 0.37472, -0.001872, -0.833792, 0.552073, 0.0, 0.0, 0.0, 0.0, 1.0],
                [1.000001, -0.001851, 0.000632, -0.0, 0.00063, 0.610822, 0.791767, 0.37472, -0.001851, -0.791764, 0.610822, 0.0, 0.0, 0.0, 0.0, 1.0],
                [1.000002, -0.001818, 0.00072, -0.0, 0.000719, 0.6843, 0.729198, 0.37472, -0.001818, -0.729194, 0.684302, 0.0, 0.0, 0.0, 0.0, 1.0],
                [1.0, -0.001776, 0.000819, 0.0, 0.000818, 0.760391, 0.649464, 0.37472, -0.001776, -0.649461, 0.760391, 0.0, 0.0, 0.0, 0.0, 1.0],
                [1.0, -0.001752, 0.00087, -0.0, 0.000869, 0.796078, 0.605191, 0.37472, -0.001753, -0.605189, 0.796079, -0.0, 0.0, 0.0, 0.0, 1.0],
                [1.000001, -0.001726, 0.000919, 0.0, 0.000917, 0.82919, 0.558963, 0.37472, -0.001726, -0.55896, 0.829191, -0.0, 0.0, 0.0, 0.0, 1.0],
                [1.0, -0.001703, 0.000961, 0.0, 0.00096, 0.855546, 0.517723, 0.37472, -0.001703, -0.51772, 0.855547, 0.0, 0.0, 0.0, 0.0, 1.0],
                [1.000001, -0.001687, 0.000988, -0.0, 0.000987, 0.871773, 0.489907, 0.37472, -0.001688, -0.489904, 0.871774, 0.0, 0.0, 0.0, 0.0, 1.0],
                [1.000001, -0.001678, 0.001003, -0.0, 0.001003, 0.880708, 0.473655, 0.37472, -0.001678, -0.473653, 0.880709, 0.0, 0.0, 0.0, 0.0, 1.0],
                [1.000001, -0.001675, 0.00101, 0.0, 0.001009, 0.884057, 0.467374, 0.37472, -0.001675, -0.467371, 0.884059, 0.0, 0.0, 0.0, 0.0, 1.0],
                [1.0, -0.001675, 0.001009, 0.0, 0.001009, 0.884059, 0.467371, 0.37472, -0.001675, -0.467369, 0.884059, -0.0, 0.0, 0.0, 0.0, 1.0],
                [1.000001, -0.001675, 0.00101, 0.0, 0.001008, 0.884057, 0.467374, 0.37472, -0.001675, -0.467371, 0.884059, -0.0, 0.0, 0.0, 0.0, 1.0],
                [1.0, -0.001672, 0.001012, 0.0, 0.001011, 0.885717, 0.464223, 0.37472, -0.001673, -0.46422, 0.885717, -0.0, 0.0, 0.0, 0.0, 1.0],
                [1.0, -0.001666, 0.001023, -0.0, 0.001021, 0.891263, 0.453484, 0.37472, -0.001667, -0.453482, 0.891263, 0.0, 0.0, 0.0, 0.0, 1.0],
                [0.999999, -0.001666, 0.001023, 0.0, 0.001021, 0.891262, 0.453486, 0.37472, -0.001667, -0.453484, 0.891263, 0.0, 0.0, 0.0, 0.0, 1.0]
            ]
        },
        {
            "name": "Knee_R",
            "time": [0.0, 2.7667],
            "transform": [
                [1.0, 0.0, -0.0, -0.0, -0.0, 1e-06, -1.0, 0.37472, -0.0, 1.0, 1e-06, 0.0, 0.0, 0.0, 0.0, 1.0],
