{
    "animation": [
        {
            "name": "Root",
            "time": [0.0, 0.0333, 0.0667, 0.1, 0.1333, 0.1667, 0.2, 0.2333, 0.2667, 0.3, 0.3333, 0.3667, 0.4, 0.4333, 0.4667, 0.5, 0.5333, 0.5667, 0.6, 0.6333, 0.6667, 0.7, 0.7333, 0.7667, 0.8, 0.8333, 0.8667, 0.9, 0.9333, 0.9667, 1.0, 1.0333, 1.0667, 1.1, 1.1333, 1.1667, 1.2, 1.2333, 1.2667, 1.3, 1.3333, 1.3667, 1.4, 1.4333, 1.4667, 1.5, 1.5333, 1.5667, 1.6, 1.6333, 1.6667, 1.7, 1.7333, 1.7667, 1.8, 1.8333, 1.8667, 1.9, 1.9333, 1.9667, 2.0, 2.0333, 2.0667, 2.1, 2.1333, 2.1667, 2.2, 2.2333, 2.2667, 2.3, 2.3333, 2.3667, 2.4, 2.4333, 2.4667, 2.5, 2.5333, 2.5667, 2.6, 2.6333, 2.6667],
            "transform": [
                [0.999994, 0.001132, -0.003134, 0.093653, -0.003129, -0.00374, -0.999987, 0.001032, -0.001144, 0.999993, -0.003737, 0.338307, 0.0, 0.0, 0.0, 1.0],
                [0.999994, 0.001132, -0.003134, 0.093653, -0.003129, -0.00374, -0.999987, 0.001032, -0.001144, 0.999993, -0.003737, 0.338307, 0.0, 0.0, 0.0, 1.0],
                [0.999994, 0.001132, -0.003134, 0.093653, -0.003129, -0.00374, -0.999987, 0.001032, -0.001144, 0.999993, -0.003737, 0.338307, 0.0, 0.0, 0.0, 1.0],
                [0.999994, 0.001132, -0.003134, 0.093653, -0.003129, -0.00374, -0.999987, 0.001032, -0.001144, 0.999993, -0.003737, 0.338307, 0.0, 0.0, 0.0, 1.0],
                [0.999994, -0.002171, 0.002814, 0.189673, 0.002822, 0.00325, -0.99999, 0.001032, 0.002162, 0.999993, 0.003256, 0.398924, 0.0, 0.0, 0.0, 1.0],
                [0.999993, -0.002224, 0.002806, 0.176794, 0.002813, 0.003214, -0.99999, 0.034891, 0.002215, 0.999993, 0.00322, 0.384617, 0.0, 0.0, 0.0, 1.0],
                [0.999993, -0.002269, 0.002799, 0.162355, 0.002806, 0.003182, -0.99999, 0.070491, 0.00226, 0.999993, 0.003188, 0.37283, 0.0, 0.0, 0.0, 1.0],
                [0.999993, -0.002271, 0.002798, 0.135156, 0.002806, 0.003181, -0.99999, 0.125933, 0.002262, 0.999993, 0.003187, 0.380305, 0.0, 0.0, 0.0, 1.0],
                [0.999993, -0.002249, 0.002801, 0.093073, 0.002808, 0.003196, -0.99999, 0.197811, 0.00224, 0.999993, 0.003202, 0.405716, 0.0, 0.0, 0.0, 1.0],
                [0.999993, -0.002206, 0.002809, 0.049532, 0.002816, 0.003226, -0.99999, 0.278509, 0.002197, 0.999993, 0.003233, 0.438029, 0.0, 0.0, 0.0, 1.0],
                [0.999994, -0.002132, 0.002821, 0.018793, 0.002828, 0.003275, -0.99999, 0.357982, 0.002123, 0.999993, 0.003281, 0.464152, 0.0, 0.0, 0.0, 1.0],
                [0.999994, -0.002001, 0.002848, 0.019837, 0.002855, 0.003357, -0.999989, 0.42659, 0.001991, 0.999993, 0.003362, 0.472702, 0.0, 0.0, 0.0, 1.0],
                [0.999994, -0.001808, 0.002895, 0.036653, 0.002901, 0.003465, -0.999989, 0.497153, 0.001798, 0.999993, 0.00347, 0.474318, 0.0, 0.0, 0.0, 1.0],
                [0.999994, -0.001508, 0.002988, 0.050066, 0.002993, 0.003604, -0.999988, 0.608654, 0.001497, 0.999993, 0.003608, 0.476762, 0.0, 0.0, 0.0, 1.0],
                [0.999994, -0.001103, 0.003148, 0.056604, 0.003152, 0.003749, -0.999987, 0.771408, 0.001091, 0.999993, 0.003753, 0.47999, 0.0, 0.0, 0.0, 1.0],
                [0.999994, -0.000682, 0.003378, 0.046504, 0.00338, 0.003846, -0.999986, 0.879104, 0.000669, 0.999993, 0.003848, 0.469813, 0.0, 0.0, 0.0, 1.0],
                [0.999993, -0.000363, 0.003595, 0.034817, 0.003596, 0.003892, -0.999985, 0.97501, 0.000349, 0.999993, 0.003893, 0.456997, 0.0, 0.0, 0.0, 1.0],
                [0.999998, -9.2e-05, 0.001862, 0.023872, 0.001862, 0.003906, -0.999989, 1.120683, 8.4e-05, 0.999993, 0.003906, 0.43564, 0.0, 0.0, 0.0, 1.0],
                [1.0, 0.000307, -0.0, 0.015431, -1e-06, 0.003897, -0.999991, 1.310569, -0.000307, 0.999993, 0.003897, 0.40523, 0.0, 0.0, 0.0, 1.0],
                [1.0, 0.000625, 1e-06, 0.014775, -2e-06, 0.003858, -0.999991, 1.42833, -0.000625, 0.999993, 0.003858, 0.388587, 0.0, 0.0, 0.0, 1.0],
                [0.999999, 0.000958, 2e-06, 0.014118, -2e-06, 0.003789, -0.999992, 1.540819, -0.000958, 0.999993, 0.003789, 0.371943, 0.0, 0.0, 0.0, 1.0],
                [0.999999, 0.001284, 3e-06, 0.013458, -2e-06, 0.003692, -0.999992, 1.627508, -0.001284, 0.999993, 0.003691, 0.363739, 0.0, 0.0, 0.0, 1.0],
                [0.999999, 0.001586, 3e-06, 0.015998, -3e-06, 0.003572, -0.999992, 1.648302, -0.001586, 0.999993, 0.003572, 0.365986, 0.0, 0.0, 0.0, 1.0],
                [0.999998, 0.001849, 3e-06, 0.01855, -4e-06, 0.003443, -0.999993, 1.645314, -0.001849, 0.999993, 0.003443, 0.393958, 0.0, 0.0, 0.0, 1.0],
                [0.999998, 0.002071, 3e-06, 0.01853, -4e-06, 0.003314, -0.999993, 1.683182, -0.002071, 0.999993, 0.003314, 0.453404, 0.0, 0.0, 0.0, 1.0],
                [0.999997, 0.002259, 4e-06, 0.018525, -4e-06, 0.003189, -0.999994, 1.704954, -0.002259, 0.999993, 0.003189, 0.525638, 0.0, 0.0, 0.0, 1.0],
                [0.999997, 0.002414, 4e-06, 0.022847, -4e-06, 0.003074, -0.999994, 1.682853, -0.002414, 0.999993, 0.003074, 0.597872, 0.0, 0.0, 0.0, 1.0],
                [0.999997, 0.002534, 3e-06, 0.027151, -4e-06, 0.002976, -0.999994, 1.647442, -0.002534, 0.999993, 0.002976, 0.658924, 0.0, 0.0, 0.0, 1.0],
                [0.999996, 0.002616, 4e-06, 0.031415, -4e-06, 0.002904, -0.999995, 1.606605, -0.002616, 0.999993, 0.002904, 0.695941, 0.0, 0.0, 0.0, 1.0],
                [0.999996, 0.002666, 3e-06, 0.031945, -4e-06, 0.002858, -0.999995, 1.568238, -0.002666, 0.999993, 0.002858, 0.701963, 0.0, 0.0, 0.0, 1.0],
                [0.999996, 0.002696, 3e-06, 0.02075, -4e-06, 0.00283, -0.999995, 1.531975, -0.002696, 0.999993, 0.00283, 0.672755, 0.0, 0.0, 0.0, 1.0],
                [0.999996, 0.00272, 4e-06, 0.006686, -4e-06, 0.002807, -0.999995, 1.498115, -0.002719, 0.999993, 0.002807, 0.616287, 0.0, 0.0, 0.0, 1.0],
                [0.999996, 0.002742, 4e-06, 0.000262, -4e-06, 0.002784, -0.999995, 1.468288, -0.002742, 0.999993, 0.002784, 0.541068, 0.0, 0.0, 0.0, 1.0],
                [0.999996, 0.002753, 4e-06, -0.004689, -4e-06, 0.002774, -0.999995, 1.439269, -0.002753, 0.999993, 0.002774, 0.45543, 0.0, 0.0, 0.0, 1.0],
                [0.999996, 0.002756, 4e-06, -0.009638, -4e-06, 0.002771, -0.999995, 1.41267, -0.002756, 0.999993, 0.002771, 0.373879, 0.0, 0.0, 0.0, 1.0],
                [0.999996, 0.002759, 4e-06, -0.014562, -4e-06, 0.002768, -0.999995, 1.390099, -0.002759, 0.999993, 0.002768, 0.310923, 0.0, 0.0, 0.0, 1.0],
                [0.999996, 0.002762, 4e-06, -0.02397, -4e-06, 0.002765, -0.999995, 1.378601, -0.002762, 0.999993, 0.002765, 0.300602, 0.0, 0.0, 0.0, 1.0],
                [0.999996, 0.002767, 3e-06, -0.033332, -4e-06, 0.002761, -0.999995, 1.377985, -0.002767, 0.999993, 0.002761, 0.323407, 0.0, 0.0, 0.0, 1.0],
                [0.999996, 0.002772, 4e-06, -0.037623, -4e-06, 0.002755, -0.999995, 1.379683, -0.002772, 0.999993, 0.002755, 0.34355, 0.0, 0.0, 0.0, 1.0],
                [0.999996, 0.002777, 4e-06, -0.041908, -4e-06, 0.00275, -0.999995, 1.381454, -0.002777, 0.999993, 0.00275, 0.367721, 0.0, 0.0, 0.0, 1.0],
                [0.999996, 0.002782, 4e-06, -0.046218, -4e-06, 0.002745, -0.999995, 1.383563, -0.002782, 0.999993, 0.002745, 0.394107, 0.0, 0.0, 0.0, 1.0],
                [0.999996, 0.002781, 4e-06, -0.050475, -4e-06, 0.002746, -0.999995, 1.386211, -0.002781, 0.999993, 0.002746, 0.420168, 0.0, 0.0, 0.0, 1.0],
                [0.999996, 0.00278, 3e-06, -0.054762, -4e-06, 0.002747, -0.999995, 1.389696, -0.00278, 0.999993, 0.002747, 0.444449, 0.0, 0.0, 0.0, 1.0],
                [0.999996, 0.002772, 4e-06, -0.059057, -4e-06, 0.002755, -0.999995, 1.394252, -0.002772, 0.999993, 0.002755, 0.464767, 0.0, 0.0, 0.0, 1.0],
                [0.999996, 0.002759, 4e-06, -0.064405, -4e-06, 0.002768, -0.999995, 1.400128, -0.002759, 0.999993, 0.002768, 0.479135, 0.0, 0.0, 0.0, 1.0],
                [0.999996, 0.002737, 3e-06, -0.069767, -4e-06, 0.00279, -0.999995, 1.407576, -0.002737, 0.999993, 0.00279, 0.485552, 0.0, 0.0, 0.0, 1.0],
                [0.999996, 0.002706, 4e-06, -0.077238, -4e-06, 0.002821, -0.999995, 1.418221, -0.002706, 0.999993, 0.002821, 0.482826, 0.0, 0.0, 0.0, 1.0],
                [0.999996, 0.002668, 4e-06, -0.086622, -4e-06, 0.002856, -0.999995, 1.43248, -0.002668, 0.999993, 0.002856, 0.47244, 0.0, 0.0, 0.0, 1.0],
                [0.999996, 0.002624, 3e-06, -0.096015, -4e-06, 0.002897, -0.999995, 1.448792, -0.002624, 0.999993, 0.002897, 0.456389, 0.0, 0.0, 0.0, 1.0],
                [0.999996, 0.002572, 4e-06, -0.105416, -4e-06, 0.002944, -0.999994, 1.465595, -0.002572, 0.999993, 0.002944, 0.43571, 0.0, 0.0, 0.0, 1.0],
                [0.999997, 0.002517, 4e-06, -0.114817, -4e-06, 0.00299, -0.999994, 1.481324, -0.002517, 0.999993, 0.00299, 0.415031, 0.0, 0.0, 0.0, 1.0],
                [0.999997, 0.002453, 3e-06, -0.121429, -4e-06, 0.003044, -0.999994, 1.49442, -0.002453, 0.999993, 0.003044, 0.394353, 0.0, 0.0, 0.0, 1.0],
                [0.999997, 0.002388, 4e-06, -0.124208, -4e-06, 0.003094, -0.999994, 1.502877, -0.002388, 0.999993, 0.003094, 0.375724, 0.0, 0.0, 0.0, 1.0],
                [0.999997, 0.002314, 4e-06, -0.122509, -4e-06, 0.003151, -0.999994, 1.507059, -0.002314, 0.999993, 0.003151, 0.361466, 0.0, 0.0, 0.0, 1.0],
                [0.999997, 0.002238, 3e-06, -0.117099, -4e-06, 0.003204, -0.999994, 1.508954, -0.002238, 0.999993, 0.003204, 0.35358, 0.0, 0.0, 0.0, 1.0],
                [0.999998, 0.002141, 3e-06, -0.108436, -4e-06, 0.00327, -0.999993, 1.509686, -0.002141, 0.999993, 0.00327, 0.356669, 0.0, 0.0, 0.0, 1.0],
                [0.999998, 0.002017, 3e-06, -0.0971, -3e-06, 0.003347, -0.999993, 1.509326, -0.002017, 0.999993, 0.003347, 0.370706, 0.0, 0.0, 0.0, 1.0],
                [0.999998, 0.001879, 3e-06, -0.085764, -4e-06, 0.003432, -0.999993, 1.508297, -0.001879, 0.999993, 0.003432, 0.39129, 0.0, 0.0, 0.0, 1.0],
                [0.999998, 0.001733, 3e-06, -0.074433, -3e-06, 0.003503, -0.999993, 1.507009, -0.001733, 0.999993, 0.003503, 0.411874, 0.0, 0.0, 0.0, 1.0],
                [0.999999, 0.001601, 3e-06, -0.065335, -3e-06, 0.003565, -0.999992, 1.505887, -0.001601, 0.999993, 0.003565, 0.429136, 0.0, 0.0, 0.0, 1.0],
                [0.999999, 0.001486, 2e-06, -0.060646, -3e-06, 0.003615, -0.999992, 1.502628, -0.001486, 0.999993, 0.003615, 0.437981, 0.0, 0.0, 0.0, 1.0],
                [0.999999, 0.001386, 3e-06, -0.058621, -2e-06, 0.003655, -0.999992, 1.499052, -0.001386, 0.999993, 0.003655, 0.446825, 0.0, 0.0, 0.0, 1.0],
                [0.999999, 0.001302, 3e-06, -0.056586, -2e-06, 0.003685, -0.999992, 1.501743, -0.001302, 0.999993, 0.003685, 0.463077, 0.0, 0.0, 0.0, 1.0],
                [0.999999, 0.001227, 2e-06, -0.051635, -3e-06, 0.003713, -0.999992, 1.511962, -0.001227, 0.999993, 0.003713, 0.49013, 0.0, 0.0, 0.0, 1.0],
                [0.999999, 0.001152, 2e-06, -0.046684, -3e-06, 0.003738, -0.999992, 1.525442, -0.001152, 0.999993, 0.003738, 0.522141, 0.0, 0.0, 0.0, 1.0],
                [0.999999, 0.001075, 2e-06, -0.041735, -2e-06, 0.00376, -0.999992, 1.540491, -0.001075, 0.999993, 0.00376, 0.555769, 0.0, 0.0, 0.0, 1.0],
                [0.999999, 0.000997, 2e-06, -0.036788, -2e-06, 0.003779, -0.999992, 1.555412, -0.000997, 0.999993, 0.003779, 0.589397, 0.0, 0.0, 0.0, 1.0],
                [0.999999, 0.000927, 2e-06, -0.031843, -2e-06, 0.003797, -0.999992, 1.56851, -0.000927, 0.999993, 0.003797, 0.618818, 0.0, 0.0, 0.0, 1.0],
                [1.0, 0.000868, 2e-06, -0.027817, -2e-06, 0.003811, -0.999992, 1.578129, -0.000868, 0.999993, 0.003811, 0.641676, 0.0, 0.0, 0.0, 1.0],
                [0.999999, 0.00082, 2e-06, -0.02384, -2e-06, 0.003822, -0.999991, 1.584494, -0.00082, 0.999993, 0.003822, 0.65838, 0.0, 0.0, 0.0, 1.0],
                [1.0, 0.00078, 1e-06, -0.019836, -2e-06, 0.003829, -0.999991, 1.589397, -0.00078, 0.999993, 0.003829, 0.672262, 0.0, 0.0, 0.0, 1.0],
                [0.999999, 0.00075, 1e-06, -0.01583, -1e-06, 0.003836, -0.999992, 1.593083, -0.00075, 0.999993, 0.003836, 0.683704, 0.0, 0.0, 0.0, 1.0],
                [1.0, 0.00072, 1e-06, -0.011825, -2e-06, 0.003842, -0.999991, 1.595837, -0.00072, 0.999993, 0.003842, 0.692448, 0.0, 0.0, 0.0, 1.0],
                [1.0, 0.000698, 2e-06, -0.00879, -1e-06, 0.003846, -0.999991, 1.59795, -0.000698, 0.999993, 0.003846, 0.701192, 0.0, 0.0, 0.0, 1.0],
                [1.0, 0.000676, 1e-06, -0.005757, -1e-06, 0.00385, -0.999991, 1.599703, -0.000676, 0.999993, 0.00385, 0.707862, 0.0, 0.0, 0.0, 1.0],
                [0.999999, 0.000654, 1e-06, -0.002723, -2e-06, 0.003853, -0.999991, 1.601385, -0.000654, 0.999993, 0.003853, 0.714531, 0.0, 0.0, 0.0, 1.0],
                [1.0, 0.000632, 1e-06, 0.00031, -2e-06, 0.003857, -0.999991, 1.603282, -0.000632, 0.999993, 0.003857, 0.7212, 0.0, 0.0, 0.0, 1.0],
                [1.0, 0.000621, 1e-06, 0.001609, -2e-06, 0.003859, -0.999991, 1.604463, -0.000621, 0.999993, 0.003859, 0.724936, 0.0, 0.0, 0.0, 1.0],
                [1.0, 0.000624, 1e-06, 0.001176, -2e-06, 0.003858, -0.999991, 1.60433, -0.000624, 0.999993, 0.003858, 0.723693, 0.0, 0.0, 0.0, 1.0],
                [1.0, 0.000628, 1e-06, 0.000743, -1e-06, 0.003858, -0.999991, 1.603675, -0.000628, 0.999993, 0.003858, 0.722449, 0.0, 0.0, 0.0, 1.0],
                [1.0, 0.000632, 1e-06, 0.00031, -2e-06, 0.003857, -0.999991, 1.603282, -0.000632, 0.999993, 0.003857, 0.721206, 0.0, 0.0, 0.0, 1.0]
            ]
        },
        {
            "name": "Thigh_R",
            "time": [0.0, 0.0333, 0.0667, 0.1, 0.1333, 0.1667, 0.2, 0.2333, 0.2667, 0.3, 0.3333, 0.3667, 0.4, 0.4333, 0.4667, 0.5, 0.5333, 0.5667, 0.6, 0.6333, 0.6667, 0.7, 0.7333, 0.7667, 0.8, 0.8333, 0.8667, 0.9, 0.9333, 0.9667, 1.0, 1.0333, 1.0667, 1.1, 1.1333, 1.1667, 1.2, 1.2333, 1.2667, 1.3, 1.3333, 1.3667, 1.4, 1.4333, 1.4667, 1.5, 1.5333, 1.5667, 1.6, 1.6333, 1.6667, 1.7, 1.7333, 1.7667, 1.8, 1.8333, 1.8667, 1.9, 1.9333, 1.9667, 2.0, 2.0333, 2.0667, 2.1, 2.1333, 2.1667, 2.2, 2.2333, 2.2667, 2.3, 2.3333, 2.3667, 2.4, 2.4333, 2.4667, 2.5, 2.5333, 2.5667, 2.6, 2.6333, 2.6667],
            "transform": [
                [0.970286, -0.090792, -0.224285, 0.082303, 0.221211, -0.042749, 0.974287, -0.029029, -0.098046, -0.994954, -0.021395, -0.05534, 0.0, 0.0, 0.0, 1.0],
                [0.970263, -0.090739, -0.224406, 0.082303, 0.217211, -0.082752, 0.972609, -0.029029, -0.106823, -0.992432, -0.060581, -0.05534, 0.0, 0.0, 0.0, 1.0],
                [0.970241, -0.090681, -0.224525, 0.082303, 0.212858, -0.122652, 0.969353, -0.029029, -0.11544, -0.9883, -0.0997, -0.05534, 0.0, 0.0, 0.0, 1.0],
                [0.970209, -0.090584, -0.224699, 0.082303, 0.205687, -0.1821, 0.961525, -0.029029, -0.128017, -0.9791, -0.158043, -0.05534, 0.0, 0.0, 0.0, 1.0],
                [0.940147, -0.129163, -0.315344, 0.0399, 0.237724, -0.414438, 0.87848, -0.003954, -0.244158, -0.900866, -0.358927, -0.095249, 0.0, 0.0, 0.0, 1.0],
                [0.879371, -0.201799, -0.431261, 0.036794, 0.283919, -0.504867, 0.815167, 0.001543, -0.382231, -0.839277, -0.38667, -0.096531, 0.0, 0.0, 0.0, 1.0],
                [0.875257, -0.178434, -0.449542, 0.034001, 0.30358, -0.520889, 0.797817, 0.00675, -0.37652, -0.834767, -0.401742, -0.097358, 0.0, 0.0, 0.0, 1.0],
                [0.886925, -0.105223, -0.449771, 0.033948, 0.354751, -0.468451, 0.809138, 0.005376, -0.295837, -0.877201, -0.378153, -0.097448, 0.0, 0.0, 0.0, 1.0],
                [0.834033, -0.074394, -0.546677, 0.035447, 0.495798, -0.333608, 0.801803, -0.001503, -0.242026, -0.939772, -0.241356, -0.097064, 0.0, 0.0, 0.0, 1.0],
                [0.808816, -0.008647, -0.587998, 0.037857, 0.537666, -0.394121, 0.745374, -0.011528, -0.238188, -0.919018, -0.314122, -0.095392, 0.0, 0.0, 0.0, 1.0],
                [0.807843, 0.033605, -0.58844, 0.041586, 0.53201, -0.471295, 0.703453, -0.02032, -0.25369, -0.881336, -0.398609, -0.0924, 0.0, 0.0, 0.0, 1.0],
                [0.816378, 0.026914, -0.576891, 0.048052, 0.507354, -0.510636, 0.694148, -0.025958, -0.2759, -0.859376, -0.430526, -0.087659, 0.0, 0.0, 0.0, 1.0],
                [0.83832, 0.002109, -0.545176, 0.057127, 0.459876, -0.539817, 0.705061, -0.029733, -0.292809, -0.84178, -0.453509, -0.080821, 0.0, 0.0, 0.0, 1.0],
                [0.881949, 0.020324, -0.470908, 0.069709, 0.379132, -0.624184, 0.68312, -0.029656, -0.28005, -0.781013, -0.558203, -0.06998, 0.0, 0.0, 0.0, 1.0],
                [0.935766, 0.083131, -0.342685, 0.084495, 0.276615, -0.775769, 0.567156, -0.025481, -0.218697, -0.625517, -0.748933, -0.053762, 0.0, 0.0, 0.0, 1.0],
                [0.968407, 0.144168, -0.203486, 0.095553, 0.226929, -0.847799, 0.479311, -0.017728, -0.103414, -0.510344, -0.85373, -0.034349, 0.0, 0.0, 0.0, 1.0],
                [0.971579, 0.226261, -0.069592, 0.101143, 0.235664, -0.896719, 0.37464, -0.010322, 0.022362, -0.380392, -0.924555, -0.018496, 0.0, 0.0, 0.0, 1.0],
                [0.938616, 0.330526, 0.098771, 0.102996, 0.313799, -0.936992, 0.15354, -0.003357, 0.143297, -0.11312, -0.983194, -0.004637, 0.0, 0.0, 0.0, 1.0],
                [0.839174, 0.407546, 0.360131, 0.101987, 0.468371, -0.878118, -0.097657, 0.004232, 0.276438, 0.250626, -0.927776, 0.0161, 0.0, 0.0, 0.0, 1.0],
                [0.711542, 0.416335, 0.566015, 0.097788, 0.588938, -0.792731, -0.157258, 0.007824, 0.383227, 0.445243, -0.809256, 0.032478, 0.0, 0.0, 0.0, 1.0],
                [0.541652, 0.406445, 0.73581, 0.090507, 0.697939, -0.705311, -0.124173, 0.009885, 0.468507, 0.580807, -0.665706, 0.048884, 0.0, 0.0, 0.0, 1.0],
                [0.399409, 0.372559, 0.837658, 0.080587, 0.765086, -0.638856, -0.080664, 0.009953, 0.505092, 0.673098, -0.540204, 0.06392, 0.0, 0.0, 0.0, 1.0],
                [0.321978, 0.637326, 0.700104, 0.068907, 0.713418, -0.649462, 0.263126, 0.008178, 0.62239, 0.414745, -0.663791, 0.076578, 0.0, 0.0, 0.0, 1.0],
                [0.317067, 0.790323, 0.524268, 0.056745, 0.500273, -0.609001, 0.615503, 0.005232, 0.805728, 0.067122, -0.588471, 0.086211, 0.0, 0.0, 0.0, 1.0],
                [0.353726, 0.795393, 0.492165, 0.044971, 0.260207, -0.589092, 0.765024, 0.001613, 0.898429, -0.142543, -0.415344, 0.093032, 0.0, 0.0, 0.0, 1.0],
                [0.24177, 0.757836, 0.605994, 0.033972, 0.250754, -0.652103, 0.715459, -0.002193, 0.937376, -0.021021, -0.347689, 0.097578, 0.0, 0.0, 0.0, 1.0],
                [0.04668, 0.753575, 0.655701, 0.024194, 0.121383, -0.65583, 0.745084, -0.005395, 0.99151, 0.044811, -0.122086, 0.100329, 0.0, 0.0, 0.0, 1.0],
                [-0.124673, 0.754784, 0.644015, 0.016157, 0.008339, -0.648259, 0.761373, -0.007612, 0.992166, 0.100293, 0.074525, 0.101792, 0.0, 0.0, 0.0, 1.0],
                [-0.211835, 0.751859, 0.624366, 0.010357, 0.01729, -0.635882, 0.771592, -0.00842, 0.977154, 0.174245, 0.121702, 0.102482, 0.0, 0.0, 0.0, 1.0],
                [-0.255266, 0.781545, 0.569231, 0.006801, 0.079863, -0.56968, 0.817976, -0.007812, 0.963569, 0.254262, 0.083003, 0.102828, 0.0, 0.0, 0.0, 1.0],
                [-0.287303, 0.787648, 0.545039, 0.004549, 0.177127, -0.515526, 0.838366, -0.006778, 0.941322, 0.337406, 0.008599, 0.103026, 0.0, 0.0, 0.0, 1.0],
                [-0.309508, 0.758032, 0.5741, 0.002768, 0.277731, -0.505356, 0.816993, -0.00609, 0.909437, 0.41231, -0.054118, 0.103132, 0.0, 0.0, 0.0, 1.0],
                [-0.309965, 0.72831, 0.611135, 0.00126, 0.356995, -0.506601, 0.784799, -0.006043, 0.881181, 0.461431, -0.102974, 0.103165, 0.0, 0.0, 0.0, 1.0],
                [-0.288109, 0.834784, 0.469178, 0.000468, 0.373061, -0.353398, 0.857866, -0.006192, 0.881942, 0.422191, -0.209608, 0.103162, 0.0, 0.0, 0.0, 1.0],
                [-0.267706, 0.906973, 0.325166, 0.000102, 0.394849, -0.204573, 0.89568, -0.006537, 0.878881, 0.36817, -0.303352, 0.103143, 0.0, 0.0, 0.0, 1.0],
                [-0.25321, 0.946348, 0.200779, 1.6e-05, 0.411268, -0.082553, 0.907768, -0.00706, 0.875641, 0.312429, -0.368298, 0.103108, 0.0, 0.0, 0.0, 1.0],
                [-0.238191, 0.957668, 0.16167, -0.000209, 0.404348, -0.053566, 0.913034, -0.007552, 0.883046, 0.282847, -0.374472, 0.103073, 0.0, 0.0, 0.0, 1.0],
                [-0.223469, 0.956392, 0.188083, -0.000583, 0.390753, -0.088875, 0.916194, -0.007967, 0.89296, 0.278234, -0.353852, 0.10304, 0.0, 0.0, 0.0, 1.0],
                [-0.212174, 0.952172, 0.219889, -0.000957, 0.383685, -0.125776, 0.914857, -0.008381, 0.898761, 0.278477, -0.338647, 0.103004, 0.0, 0.0, 0.0, 1.0],
                [-0.203021, 0.944764, 0.2573, -0.001331, 0.372828, -0.168395, 0.912492, -0.008892, 0.905421, 0.281183, -0.318046, 0.102957, 0.0, 0.0, 0.0, 1.0],
                [-0.194545, 0.933755, 0.300421, -0.001705, 0.363147, -0.215947, 0.90636, -0.009408, 0.911197, 0.285425, -0.297078, 0.102906, 0.0, 0.0, 0.0, 1.0],
                [-0.184941, 0.921193, 0.342343, -0.001637, 0.355488, -0.262055, 0.897192, -0.010012, 0.916204, 0.287626, -0.279008, 0.10285, 0.0, 0.0, 0.0, 1.0],
                [-0.178096, 0.906696, 0.382338, -0.001567, 0.351457, -0.304309, 0.885366, -0.010619, 0.91911, 0.292055, -0.264468, 0.10279, 0.0, 0.0, 0.0, 1.0],
                [-0.16816, 0.893208, 0.417014, -0.000934, 0.351502, -0.340897, 0.871914, -0.01142, 0.920963, 0.293202, -0.256639, 0.102712, 0.0, 0.0, 0.0, 1.0],
                [-0.158956, 0.882995, 0.441646, 0.000118, 0.356551, -0.365802, 0.859685, -0.012348, 0.920656, 0.294121, -0.256686, 0.102609, 0.0, 0.0, 0.0, 1.0],
                [-0.14675, 0.877918, 0.455766, 0.001792, 0.369485, -0.378755, 0.848543, -0.013464, 0.917578, 0.292922, -0.268795, 0.102452, 0.0, 0.0, 0.0, 1.0],
                [-0.133509, 0.879505, 0.456777, 0.004118, 0.390877, -0.37681, 0.839778, -0.014903, 0.910711, 0.290662, -0.29347, 0.102185, 0.0, 0.0, 0.0, 1.0],
                [-0.121939, 0.886378, 0.446612, 0.006884, 0.421783, -0.361043, 0.831712, -0.016587, 0.898462, 0.289791, -0.329834, 0.101776, 0.0, 0.0, 0.0, 1.0],
                [-0.110599, 0.896605, 0.428797, 0.010012, 0.460208, -0.336202, 0.821691, -0.01851, 0.880898, 0.288213, -0.37544, 0.101183, 0.0, 0.0, 0.0, 1.0],
                [-0.098953, 0.907235, 0.408818, 0.013442, 0.501969, -0.309224, 0.807718, -0.020724, 0.859209, 0.285139, -0.424804, 0.100352, 0.0, 0.0, 0.0, 1.0],
                [-0.084615, 0.918412, 0.386469, 0.017341, 0.545435, -0.281897, 0.789325, -0.023069, 0.833874, 0.277582, -0.47708, 0.099236, 0.0, 0.0, 0.0, 1.0],
                [-0.070038, 0.927791, 0.366466, 0.021126, 0.58768, -0.258473, 0.766697, -0.025486, 0.806059, 0.269062, -0.52714, 0.097901, 0.0, 0.0, 0.0, 1.0],
                [-0.050713, 0.935883, 0.348642, 0.025237, 0.625049, -0.242528, 0.741953, -0.027937, 0.778938, 0.255544, -0.572673, 0.096244, 0.0, 0.0, 0.0, 1.0],
                [-0.029385, 0.941299, 0.336291, 0.029469, 0.654749, -0.236086, 0.71803, -0.030269, 0.755276, 0.241286, -0.609377, 0.094317, 0.0, 0.0, 0.0, 1.0],
                [-0.00404, 0.942474, 0.334254, 0.033785, 0.677394, -0.243305, 0.694219, -0.032399, 0.735611, 0.229226, -0.637443, 0.092136, 0.0, 0.0, 0.0, 1.0],
                [0.026063, 0.935697, 0.35184, 0.038968, 0.689831, -0.271564, 0.671109, -0.034263, 0.723503, 0.225219, -0.652549, 0.089374, 0.0, 0.0, 0.0, 1.0],
                [0.062927, 0.920185, 0.386393, 0.045386, 0.691219, -0.319454, 0.648203, -0.035729, 0.719902, 0.226292, -0.65615, 0.085694, 0.0, 0.0, 0.0, 1.0],
                [0.105144, 0.896801, 0.429758, 0.052204, 0.686821, -0.378016, 0.620792, -0.036542, 0.719184, 0.229894, -0.655686, 0.081358, 0.0, 0.0, 0.0, 1.0],
                [0.15979, 0.86797, 0.470207, 0.05877, 0.680202, -0.442009, 0.584768, -0.036941, 0.715398, 0.226396, -0.661023, 0.076558, 0.0, 0.0, 0.0, 1.0],
                [0.228618, 0.836339, 0.498267, 0.064414, 0.675462, -0.504851, 0.537473, -0.036815, 0.701062, 0.213684, -0.680333, 0.071937, 0.0, 0.0, 0.0, 1.0],
                [0.301426, 0.808937, 0.50474, 0.069097, 0.672202, -0.555716, 0.489208, -0.036266, 0.676233, 0.191826, -0.711276, 0.067748, 0.0, 0.0, 0.0, 1.0],
                [0.375267, 0.781235, 0.498844, 0.073136, 0.664751, -0.601886, 0.442539, -0.034887, 0.645977, 0.165536, -0.745193, 0.064135, 0.0, 0.0, 0.0, 1.0],
                [0.450757, 0.736403, 0.504508, 0.076823, 0.649374, -0.658309, 0.380714, -0.031925, 0.612482, 0.156005, -0.774938, 0.061304, 0.0, 0.0, 0.0, 1.0],
                [0.526093, 0.667293, 0.527206, 0.080369, 0.623067, -0.724367, 0.295095, -0.027232, 0.578806, 0.173237, -0.796852, 0.058976, 0.0, 0.0, 0.0, 1.0],
                [0.591578, 0.583012, 0.556897, 0.083855, 0.592101, -0.782971, 0.190717, -0.021523, 0.547225, 0.216915, -0.808389, 0.056427, 0.0, 0.0, 0.0, 1.0],
                [0.64253, 0.536344, 0.547259, 0.086987, 0.560371, -0.81601, 0.141816, -0.015441, 0.522633, 0.215546, -0.824861, 0.053607, 0.0, 0.0, 0.0, 1.0],
                [0.678073, 0.526812, 0.51253, 0.08961, 0.518507, -0.83709, 0.174441, -0.009843, 0.520933, 0.147467, -0.840764, 0.050517, 0.0, 0.0, 0.0, 1.0],
                [0.705165, 0.533162, 0.467421, 0.091677, 0.470447, -0.845034, 0.254159, -0.005395, 0.530495, 0.040673, -0.846712, 0.047382, 0.0, 0.0, 0.0, 1.0],
                [0.729386, 0.535253, 0.426029, 0.093183, 0.426994, -0.842752, 0.327785, -0.0025, 0.534487, -0.057169, -0.843242, 0.044602, 0.0, 0.0, 0.0, 1.0],
                [0.747685, 0.533751, 0.395068, 0.094297, 0.395587, -0.835852, 0.380606, -0.001292, 0.533368, -0.128289, -0.836099, 0.04225, 0.0, 0.0, 0.0, 1.0],
                [0.762491, 0.51738, 0.388493, 0.095167, 0.366504, -0.840215, 0.399639, -0.000854, 0.533184, -0.162336, -0.830278, 0.040264, 0.0, 0.0, 0.0, 1.0],
                [0.776854, 0.477929, 0.40998, 0.095902, 0.336721, -0.865482, 0.370889, -0.000992, 0.53209, -0.150077, -0.833281, 0.038477, 0.0, 0.0, 0.0, 1.0],
                [0.789414, 0.431564, 0.436555, 0.096504, 0.304294, -0.89274, 0.332292, -0.001509, 0.533137, -0.129474, -0.836063, 0.036924, 0.0, 0.0, 0.0, 1.0],
                [0.799645, 0.386504, 0.459548, 0.096983, 0.272019, -0.915439, 0.296606, -0.00231, 0.535329, -0.112173, -0.837162, 0.035603, 0.0, 0.0, 0.0, 1.0],
                [0.807012, 0.34513, 0.479184, 0.097448, 0.246161, -0.934182, 0.258275, -0.003067, 0.536786, -0.090474, -0.838854, 0.034251, 0.0, 0.0, 0.0, 1.0],
                [0.808317, 0.322921, 0.492288, 0.097812, 0.238836, -0.944118, 0.227147, -0.00363, 0.53813, -0.06603, -0.840272, 0.03314, 0.0, 0.0, 0.0, 1.0],
                [0.809604, 0.31444, 0.495653, 0.098183, 0.239872, -0.947917, 0.209549, -0.003925, 0.535731, -0.050757, -0.842863, 0.031988, 0.0, 0.0, 0.0, 1.0],
                [0.811959, 0.302532, 0.499198, 0.098373, 0.238368, -0.952498, 0.18954, -0.00396, 0.532829, -0.034905, -0.845504, 0.031396, 0.0, 0.0, 0.0, 1.0],
                [0.812516, 0.303569, 0.497659, 0.098339, 0.23847, -0.952095, 0.19143, -0.003962, 0.531932, -0.036863, -0.845985, 0.031503, 0.0, 0.0, 0.0, 1.0],
                [0.812495, 0.30981, 0.493834, 0.09824, 0.238895, -0.949647, 0.202722, -0.003937, 0.531776, -0.046735, -0.845595, 0.031811, 0.0, 0.0, 0.0, 1.0],
                [0.812085, 0.313263, 0.492327, 0.098141, 0.240077, -0.948334, 0.207417, -0.003908, 0.531869, -0.050243, -0.845336, 0.032119, 0.0, 0.0, 0.0, 1.0]
            ]
        },
        {
            "name": "Leg_R",
            "time": [0.0, 0.0333, 0.0667, 0.1, 0.1333, 0.1667, 0.2, 0.2333, 0.2667, 0.3, 0.3333, 0.3667, 0.4, 0.4333, 0.4667, 0.5, 0.5333, 0.5667, 0.6, 0.6333, 0.6667, 0.7, 0.7333, 0.7667, 0.8, 0.8333, 0.8667, 0.9, 0.9333, 0.9667, 1.0, 1.0333, 1.0667, 1.1, 1.1333, 1.1667, 1.2, 1.2333, 1.2667, 1.3, 1.3333, 1.3667, 1.4, 1.4333, 1.4667, 1.5, 1.5333, 1.5667, 1.6, 1.6333, 1.6667, 1.7, 1.7333, 1.7667, 1.8, 1.8333, 1.8667, 1.9, 1.9333, 1.9667, 2.0, 2.0333, 2.0667, 2.1, 2.1333, 2.1667, 2.2, 2.2333, 2.2667, 2.3, 2.3333, 2.3667, 2.4, 2.4333, 2.4667, 2.5, 2.5333, 2.5667, 2.6, 2.6333, 2.6667],
            "transform": [
                [1.0, -0.001906, -0.000437, 0.0, -0.000437, -0.435482, 0.900196, 0.37472, -0.001906, -0.900195, -0.435481, 0.0, 0.0, 0.0, 0.0, 1.0],
                [1.0, -0.001938, -0.000262, 0.0, -0.000437, -0.352086, 0.935967, 0.37472, -0.001906, -0.935965, -0.352086, 0.0, 0.0, 0.0, 0.0, 1.0],
                [1.0, -0.001953, -8.5e-05, -0.0, -0.000437, -0.265427, 0.96413, 0.37472, -0.001906, -0.964128, -0.265427, -0.0, 0.0, 0.0, 0.0, 1.0],
                [1.0, -0.001947, 0.000182, 0.0, -0.000437, -0.131653, 0.991295, 0.37472, -0.001906, -0.991293, -0.131654, 0.0, 0.0, 0.0, 0.0, 1.0],
                [1.0, -0.001935, -0.000282, 0.0, -0.000282, -0.285737, 0.958307, 0.37472, -0.001935, -0.958305, -0.285737, -0.0, 0.0, 0.0, 0.0, 1.0],
                [1.0, -0.001932, -0.000304, -0.0, -0.000303, -0.306621, 0.95183, 0.37472, -0.001932, -0.951828, -0.306621, 0.0, 0.0, 0.0, 0.0, 1.0],
                [1.0, -0.001923, -0.000361, -0.0, -0.000361, -0.362809, 0.931863, 0.37472, -0.001922, -0.931861, -0.362809, 0.0, 0.0, 0.0, 0.0, 1.0],
                [1.0, -0.00193, -0.000321, -0.0, -0.000321, -0.323669, 0.946169, 0.37472, -0.00193, -0.946167, -0.323669, 0.0, 0.0, 0.0, 0.0, 1.0],
                [1.0, -0.001955, 5e-05, 0.0, 5e-05, 0.051109, 0.998693, 0.37472, -0.001955, -0.998689, 0.051109, -0.0, 0.0, 0.0, 0.0, 1.0],
                [1.0, -0.001937, 0.000272, -0.0, 0.00027, 0.274353, 0.961628, 0.37472, -0.001937, -0.961626, 0.274353, 0.0, 0.0, 0.0, 0.0, 1.0],
                [1.0, -0.001943, 0.000216, 0.0, 0.000216, 0.219878, 0.975526, 0.37472, -0.001943, -0.975525, 0.219878, -0.0, 0.0, 0.0, 0.0, 1.0],
                [1.0, -0.001952, 0.000124, -0.0, 0.000123, 0.126324, 0.991988, 0.37472, -0.001952, -0.991986, 0.126324, -0.0, 0.0, 0.0, 0.0, 1.0],
                [1.0, -0.001955, 1.1e-05, -0.0, 8e-06, 0.009743, 0.999952, 0.37472, -0.001955, -0.99995, 0.009744, 0.0, 0.0, 0.0, 0.0, 1.0],
                [1.0, -0.001954, -8.2e-05, -0.0, -8.2e-05, -0.08355, 0.996503, 0.37472, -0.001954, -0.996501, -0.08355, -0.0, 0.0, 0.0, 0.0, 1.0],
                [1.000001, -0.001953, -9.9e-05, 0.0, -0.000101, -0.101805, 0.994804, 0.37472, -0.001953, -0.994801, -0.101805, 0.0, 0.0, 0.0, 0.0, 1.0],
                [1.0, -0.001953, -8.9e-05, -0.0, -9.1e-05, -0.092051, 0.995753, 0.37472, -0.001953, -0.995752, -0.092051, -0.0, 0.0, 0.0, 0.0, 1.0],
                [1.0, -0.001955, -4.2e-05, 0.0, -4.3e-05, -0.043481, 0.999053, 0.37472, -0.001955, -0.999051, -0.043481, 0.0, 0.0, 0.0, 0.0, 1.0],
                [1.0, -0.001953, 0.000124, -0.0, 0.000122, 0.125592, 0.992081, 0.37472, -0.001953, -0.992079, 0.125592, 0.0, 0.0, 0.0, 0.0, 1.0],
                [0.999999, -0.001913, 0.000404, 0.0, 0.000402, 0.403473, 0.91499, 0.37472, -0.001913, -0.914989, 0.403473, 0.0, 0.0, 0.0, 0.0, 1.0],
                [1.0, -0.001868, 0.000577, 0.0, 0.000575, 0.563119, 0.826375, 0.37472, -0.001868, -0.826372, 0.563119, -0.0, 0.0, 0.0, 0.0, 1.0],
                [1.000001, -0.001824, 0.000703, 0.0, 0.0007, 0.669947, 0.742407, 0.37472, -0.001825, -0.742404, 0.669948, 0.0, 0.0, 0.0, 0.0, 1.0],
                [1.0, -0.001763, 0.000843, 0.0, 0.000841, 0.777759, 0.62856, 0.37472, -0.001764, -0.628558, 0.777759, 0.0, 0.0, 0.0, 0.0, 1.0],
                [0.999999, -0.001935, 0.00028, 0.0, 0.000278, 0.28243, 0.959287, 0.37472, -0.001935, -0.959286, 0.28243, 0.0, 0.0, 0.0, 0.0, 1.0],
                [1.0, -0.001951, -0.000129, -0.0, -0.00013, -0.132105, 0.991234, 0.37472, -0.001951, -0.991233, -0.132105, 0.0, 0.0, 0.0, 0.0, 1.0],
                [1.0, -0.001952, -0.000125, 0.0, -0.000127, -0.128461, 0.991714, 0.37472, -0.001952, -0.991712, -0.128461, 0.0, 0.0, 0.0, 0.0, 1.0],
                [1.0, -0.001952, 0.000107, 0.0, 0.000104, 0.107355, 0.99422, 0.37472, -0.001952, -0.994217, 0.107355, 0.0, 0.0, 0.0, 0.0, 1.0],
                [1.000001, -0.001944, 0.000207, 0.0, 0.000204, 0.208618, 0.977997, 0.37472, -0.001945, -0.977993, 0.208619, 0.0, 0.0, 0.0, 0.0, 1.0],
                [1.0, -0.001937, 0.000266, -0.0, 0.000262, 0.267455, 0.96357, 0.37472, -0.001938, -0.963566, 0.267455, -0.0, 0.0, 0.0, 0.0, 1.0],
                [1.0, -0.001938, 0.000265, 0.0, 0.000263, 0.267455, 0.963569, 0.37472, -0.001938, -0.963568, 0.267455, -0.0, 0.0, 0.0, 0.0, 1.0],
                [1.0, -0.001947, 0.000175, 0.0, 0.000172, 0.177019, 0.984207, 0.37472, -0.001947, -0.984205, 0.177019, 0.0, 0.0, 0.0, 0.0, 1.0],
                [1.0, -0.001952, 0.000122, 0.0, 0.000121, 0.123893, 0.992295, 0.37472, -0.001952, -0.992292, 0.123893, 0.0, 0.0, 0.0, 0.0, 1.0],
                [1.000001, -0.00194, 0.000243, 0.0, 0.00024, 0.245551, 0.969383, 0.37472, -0.00194, -0.96938, 0.245551, -0.0, 0.0, 0.0, 0.0, 1.0],
                [1.0, -0.001929, 0.000323, 0.0, 0.000321, 0.324821, 0.945774, 0.37472, -0.00193, -0.945772, 0.324821, -0.0, 0.0, 0.0, 0.0, 1.0],
                [1.0, -0.001955, 3.1e-05, -0.0, 3e-05, 0.031017, 0.999518, 0.37472, -0.001955, -0.999516, 0.031017, 0.0, 0.0, 0.0, 0.0, 1.0],
                [1.0, -0.001945, -0.000211, -0.0, -0.000213, -0.215557, 0.97649, 0.37472, -0.001944, -0.976488, -0.215557, -0.0, 0.0, 0.0, 0.0, 1.0],
                [1.0, -0.00192, -0.000374, -0.0, -0.000375, -0.375998, 0.926619, 0.37472, -0.00192, -0.926618, -0.375998, -0.0, 0.0, 0.0, 0.0, 1.0],
                [1.0, -0.001915, -0.000399, 0.0, -0.000399, -0.399695, 0.916647, 0.37472, -0.001915, -0.916646, -0.399695, -0.0, 0.0, 0.0, 0.0, 1.0],
                [1.0, -0.001926, -0.00034, -0.0, -0.000343, -0.343953, 0.938986, 0.37472, -0.001926, -0.938983, -0.343954, 0.0, 0.0, 0.0, 0.0, 1.0],
                [1.000001, -0.001934, -0.000288, -0.0, -0.00029, -0.292329, 0.956317, 0.37472, -0.001934, -0.956315, -0.292329, 0.0, 0.0, 0.0, 0.0, 1.0],
                [1.0, -0.001942, -0.000226, 0.0, -0.000229, -0.231057, 0.97294, 0.37472, -0.001942, -0.972937, -0.231057, 0.0, 0.0, 0.0, 0.0, 1.0],
                [1.0, -0.001949, -0.000157, 0.0, -0.000159, -0.161444, 0.986881, 0.37472, -0.001949, -0.986879, -0.161444, -0.0, 0.0, 0.0, 0.0, 1.0],
                [1.0, -0.001954, -8.7e-05, -0.0, -8.9e-05, -0.089931, 0.995947, 0.37472, -0.001954, -0.995945, -0.089931, 0.0, 0.0, 0.0, 0.0, 1.0],
                [1.000001, -0.001956, -1.6e-05, -0.0, -1.8e-05, -0.017507, 0.999846, 0.37472, -0.001956, -0.999843, -0.017507, -0.0, 0.0, 0.0, 0.0, 1.0],
                [1.0, -0.001955, 5.1e-05, 0.0, 5.1e-05, 0.052061, 0.998643, 0.37472, -0.001955, -0.998641, 0.052061, 0.0, 0.0, 0.0, 0.0, 1.0],
                [1.000001, -0.001953, 0.000103, -0.0, 0.0001, 0.103658, 0.994612, 0.37472, -0.001953, -0.994609, 0.103658, 0.0, 0.0, 0.0, 0.0, 1.0],
                [0.999999, -0.001951, 0.000133, -0.0, 0.000131, 0.134833, 0.990868, 0.37472, -0.001951, -0.990866, 0.134833, -0.0, 0.0, 0.0, 0.0, 1.0],
                [1.0, -0.00195, 0.000144, -0.0, 0.000142, 0.145705, 0.989327, 0.37472, -0.00195, -0.989325, 0.145705, 0.0, 0.0, 0.0, 0.0, 1.0],
                [1.000001, -0.00195, 0.00014, 0.0, 0.000138, 0.142088, 0.989854, 0.37472, -0.001951, -0.989851, 0.142088, 0.0, 0.0, 0.0, 0.0, 1.0],
                [1.0, -0.001952, 0.000126, -0.0, 0.000124, 0.127547, 0.991832, 0.37472, -0.001952, -0.991829, 0.127547, -0.0, 0.0, 0.0, 0.0, 1.0],
                [0.999999, -0.001952, 0.000106, 0.0, 0.000104, 0.107355, 0.99422, 0.37472, -0.001952, -0.994218, 0.107355, 0.0, 0.0, 0.0, 0.0, 1.0],
                [1.0, -0.001954, 8.1e-05, -0.0, 7.9e-05, 0.081636, 0.996661, 0.37472, -0.001954, -0.996659, 0.081636, -0.0, 0.0, 0.0, 0.0, 1.0],
                [1.0, -0.001954, 5.5e-05, -0.0, 5.4e-05, 0.055862, 0.998438, 0.37472, -0.001954, -0.998436, 0.055862, 0.0, 0.0, 0.0, 0.0, 1.0],
                [0.999999, -0.001955, 2e-05, -0.0, 1.9e-05, 0.02016, 0.999796, 0.37472, -0.001955, -0.999794, 0.02016, -0.0, 0.0, 0.0, 0.0, 1.0],
                [1.0, -0.001955, -1.5e-05, 0.0, -1.6e-05, -0.015569, 0.999877, 0.37472, -0.001955, -0.999877, -0.015569, 0.0, 0.0, 0.0, 0.0, 1.0],
                [1.0, -0.001955, -4.2e-05, 0.0, -4.3e-05, -0.043481, 0.999054, 0.37472, -0.001955, -0.999051, -0.043481, -0.0, 0.0, 0.0, 0.0, 1.0],
                [1.0, -0.001955, -5.1e-05, 0.0, -5.2e-05, -0.053013, 0.998593, 0.37472, -0.001955, -0.998591, -0.053013, -0.0, 0.0, 0.0, 0.0, 1.0],
                [1.0, -0.001956, -4e-05, -0.0, -4.2e-05, -0.041569, 0.999135, 0.37472, -0.001956, -0.999133, -0.041569, 0.0, 0.0, 0.0, 0.0, 1.0],
                [1.0, -0.001956, -1.4e-05, 0.0, -1.5e-05, -0.014599, 0.999893, 0.37472, -0.001955, -0.999891, -0.014599, 0.0, 0.0, 0.0, 0.0, 1.0],
                [1.0, -0.001955, 2.4e-05, 0.0, 2.2e-05, 0.023493, 0.999723, 0.37472, -0.001955, -0.999721, 0.023493, -0.0, 0.0, 0.0, 0.0, 1.0],
                [1.0, -0.001955, 6.1e-05, -0.0, 5.9e-05, 0.06155, 0.998103, 0.37472, -0.001955, -0.998101, 0.06155, -0.0, 0.0, 0.0, 0.0, 1.0],
                [1.0, -0.001954, 8.2e-05, -0.0, 8e-05, 0.083086, 0.996542, 0.37472, -0.001954, -0.996539, 0.083086, 0.0, 0.0, 0.0, 0.0, 1.0],
                [1.000001, -0.001953, 0.000104, -0.0, 0.000101, 0.104583, 0.994516, 0.37472, -0.001953, -0.994512, 0.104583, -0.0, 0.0, 0.0, 0.0, 1.0],
                [1.0, -0.001949, 0.000163, 0.0, 0.00016, 0.164563, 0.986366, 0.37472, -0.001949, -0.986364, 0.164563, 0.0, 0.0, 0.0, 0.0, 1.0],
                [1.0, -0.001935, 0.000279, 0.0, 0.000276, 0.280774, 0.959773, 0.37472, -0.001936, -0.959772, 0.280773, -0.0, 0.0, 0.0, 0.0, 1.0],
                [1.0, -0.001905, 0.00044, 0.0, 0.000437, 0.436947, 0.899486, 0.37472, -0.001906, -0.899484, 0.436947, 0.0, 0.0, 0.0, 0.0, 1.0],
                [1.0, -0.001883, 0.000526, 0.0, 0.000523, 0.516745, 0.856138, 0.37472, -0.001884, -0.856135, 0.516745, 0.0, 0.0, 0.0, 0.0, 1.0],
                [1.0, -0.001883, 0.000528, 0.0, 0.000525, 0.51878, 0.854907, 0.37472, -0.001883, -0.854905, 0.51878, -0.0, 0.0, 0.0, 0.0, 1.0],
                [1.0, -0.001894, 0.000487, 0.0, 0.000485, 0.481486, 0.876453, 0.37472, -0.001894, -0.87645, 0.481486, 0.0, 0.0, 0.0, 0.0, 1.0],
                [1.0, -0.001901, 0.000457, -0.0, 0.000455, 0.453576, 0.891217, 0.37472, -0.001902, -0.891214, 0.453576, 0.0, 0.0, 0.0, 0.0, 1.0],
                [1.0, -0.001902, 0.00045, 0.0, 0.000448, 0.447164, 0.894451, 0.37472, -0.001903, -0.894448, 0.447165, 0.0, 0.0, 0.0, 0.0, 1.0],
                [1.0, -0.001893, 0.00049, -0.0, 0.000488, 0.484296, 0.874903, 0.37472, -0.001893, -0.8749, 0.484296, -0.0, 0.0, 0.0, 0.0, 1.0],
                [1.0, -0.001863, 0.000593, 0.0, 0.000591, 0.577211, 0.816593, 0.37472, -0.001864, -0.816591, 0.577212, 0.0, 0.0, 0.0, 0.0, 1.0],
                [1.0, -0.001818, 0.000719, -0.0, 0.000716, 0.682732, 0.730667, 0.37472, -0.001819, -0.730664, 0.682733, 0.0, 0.0, 0.0, 0.0, 1.0],
                [1.0, -0.001768, 0.000834, 0.0, 0.000832, 0.771265, 0.636513, 0.37472, -0.001769, -0.636511, 0.771265, 0.0, 0.0, 0.0, 0.0, 1.0],
                [1.0, -0.001712, 0.000944, 0.0, 0.000943, 0.845345, 0.534218, 0.37472, -0.001713, -0.534215, 0.845346, 0.0, 0.0, 0.0, 0.0, 1.0],
                [1.0, -0.001677, 0.001005, 0.0, 0.001002, 0.881046, 0.473027, 0.37472, -0.001678, -0.473025, 0.881046, 0.0, 0.0, 0.0, 0.0, 1.0],
                [1.000001, -0.001667, 0.00102, -0.0, 0.001018, 0.889969, 0.456017, 0.37472, -0.001668, -0.456015, 0.88997, 0.0, 0.0, 0.0, 0.0, 1.0],
                [1.0, -0.001649, 0.001051, 0.0, 0.001048, 0.905878, 0.423535, 0.37472, -0.00165, -0.423533, 0.905878, -0.0, 0.0, 0.0, 0.0, 1.0],
                [0.999999, -0.00165, 0.001048, 0.0, 0.001045, 0.904373, 0.426739, 0.37472, -0.001652, -0.426737, 0.904373, -0.0, 0.0, 0.0, 0.0, 1.0],
                [1.0, -0.00166, 0.001032, -0.0, 0.001029, 0.896041, 0.443968, 0.37472, -0.001662, -0.443965, 0.896042, 0.0, 0.0, 0.0, 0.0, 1.0],
                [1.0, -0.001666, 0.001023, 0.0, 0.001021, 0.891263, 0.453484, 0.37472, -0.001667, -0.453482, 0.891263, 0.0, 0.0, 0.0, 0.0, 1.0]
            ]
        },
        {
            "name": "Knee_R",
            "time": [0.0, 2.6667],
            "transform": [
                [1.0, 0.0, -0.0, 0.0, -0.0, 1e-06, -1.0, 0.37472, -0.0, 1.0, 1e-06, 0.0, 0.0, 0.0, 0.0, 1.0],
                [1.0, 0.0, -0.0, 0.0, -0.0, 1e-06, -1.0, 0.37472, -0.0, 1.0, 1e-06, 0.0, 0.0, 0.0, 0.0, 1.0]
            ]
        },
        {
            "name": "Thigh_L",
