{
    "animation": [
        {
            "name": "Root",
            "time": [0.0, 0.1667, 0.2, 0.2333, 0.3667, 0.4, 0.4333, 0.4667, 0.5, 0.5333, 0.5667, 0.6, 0.6333, 0.6667, 0.7, 0.7333, 0.7667, 0.8, 0.8333, 0.8667, 0.9, 0.9333, 0.9667, 1.0, 1.0333, 1.0667, 1.1, 1.1333, 1.1667, 1.2, 1.2333, 1.2667, 1.3, 1.3333, 1.3667, 1.4, 1.4333, 1.4667, 1.5, 1.5333, 1.5667, 1.6, 1.6333, 1.6667, 1.7, 1.7333, 1.7667, 1.8, 1.8333, 1.8667, 1.9, 1.9333, 1.9667, 2.0, 2.0333, 2.0667, 2.1, 2.1333, 2.1667, 2.2, 2.2333, 2.2667, 2.3, 2.3333, 2.3667, 2.4, 2.4333, 2.4667, 2.5, 2.5333, 2.5667, 2.6, 2.6333, 2.6667, 2.7, 2.7333, 2.7667, 2.8, 2.8333, 2.8667, 2.9, 2.9333, 2.9667, 3.0, 3.0333, 3.0667, 3.1, 3.1333, 3.1667, 3.2],
            "transform": [
                [0.999996, 0.002772, 4e-06, -0.03762, -4e-06, 0.002755, -0.999995, -0.012182, -0.002772, 0.999993, 0.002755, 0.345733, 0.0, 0.0, 0.0, 1.0],
                [0.999999, 0.000885, 0.0, -0.269592, -1e-06, 0.000959, -0.999998, 0.012664, -0.000885, 1.0, 0.000959, 0.397642, 0.0, 0.0, 0.0, 1.0],
                [0.999996, -0.002872, 3e-06, -0.327632, -4e-06, -0.002651, -0.999995, 0.068662, 0.002872, 0.999993, -0.002651, 0.433788, 0.0, 0.0, 0.0, 1.0],
                [0.999996, -0.002859, 3e-06, -0.327293, -4e-06, -0.002665, -0.999995, 0.07265, 0.002859, 0.999993, -0.002665, 0.42434, 0.0, 0.0, 0.0, 1.0],
                [0.999998, -0.002134, 3e-06, -0.178957, -4e-06, -0.003274, -0.999993, 0.249662, 0.002134, 0.999993, -0.003274, 0.288509, 0.0, 0.0, 0.0, 1.0],
                [0.999998, -0.002036, 3e-06, -0.16223, -4e-06, -0.003336, -0.999993, 0.284716, 0.002036, 0.999993, -0.003336, 0.283276, 0.0, 0.0, 0.0, 1.0],
                [0.999998, -0.001917, 2e-06, -0.14483, -4e-06, -0.003406, -0.999993, 0.323727, 0.001917, 0.999993, -0.003406, 0.281389, 0.0, 0.0, 0.0, 1.0],
                [0.999998, -0.00177, 2e-06, -0.125661, -4e-06, -0.003485, -0.999993, 0.366959, 0.00177, 0.999993, -0.003485, 0.282596, 0.0, 0.0, 0.0, 1.0],
                [0.999999, -0.001593, 2e-06, -0.104256, -4e-06, -0.003569, -0.999992, 0.414667, 0.001593, 0.999993, -0.003569, 0.290564, 0.0, 0.0, 0.0, 1.0],
                [0.999999, -0.001379, 2e-06, -0.080882, -3e-06, -0.003657, -0.999992, 0.467122, 0.001379, 0.999993, -0.003657, 0.302428, 0.0, 0.0, 0.0, 1.0],
                [0.999999, -0.001128, 2e-06, -0.055811, -2e-06, -0.003742, -0.999992, 0.524579, 0.001128, 0.999993, -0.003742, 0.321983, 0.0, 0.0, 0.0, 1.0],
                [1.0, -0.000492, 1e-06, 0.007185, -1e-06, -0.003878, -0.999991, 0.659791, 0.000492, 0.999993, -0.003878, 0.416722, 0.0, 0.0, 0.0, 1.0],
                [0.999994, 0.0005, -0.003487, 0.099808, -0.003485, -0.003876, -0.999985, 0.862549, -0.000514, 0.999993, -0.003875, 0.576544, 0.0, 0.0, 0.0, 1.0],
                [0.999994, 0.001365, -0.003039, 0.158462, -0.003034, -0.003662, -0.999987, 1.008631, -0.001376, 0.999993, -0.003658, 0.684466, 0.0, 0.0, 0.0, 1.0],
                [0.999993, 0.002264, -0.002805, 0.135347, -0.002798, -0.003186, -0.99999, 1.073833, -0.002273, 0.999993, -0.00318, 0.684866, 0.0, 0.0, 0.0, 1.0],
                [0.999993, 0.002493, -0.00278, 0.104483, -0.002772, -0.00301, -0.99999, 1.067302, -0.002501, 0.999993, -0.003003, 0.652271, 0.0, 0.0, 0.0, 1.0],
                [0.999993, 0.002595, -0.002772, 0.086211, -0.002765, -0.002922, -0.999991, 1.058172, -0.002604, 0.999993, -0.002915, 0.622871, 0.0, 0.0, 0.0, 1.0],
                [0.999993, 0.002605, -0.002772, 0.082541, -0.002765, -0.002914, -0.999991, 1.051402, -0.002613, 0.999993, -0.002907, 0.601211, 0.0, 0.0, 0.0, 1.0],
                [0.999993, 0.002568, -0.002774, 0.080328, -0.002767, -0.002946, -0.999991, 1.040898, -0.002576, 0.999993, -0.002939, 0.577807, 0.0, 0.0, 0.0, 1.0],
                [0.999993, 0.002496, -0.002779, 0.079467, -0.002771, -0.003008, -0.99999, 1.02769, -0.002504, 0.999993, -0.003001, 0.553812, 0.0, 0.0, 0.0, 1.0],
                [0.999993, 0.002394, -0.002789, 0.079848, -0.002782, -0.003089, -0.99999, 1.012808, -0.002403, 0.999993, -0.003083, 0.529658, 0.0, 0.0, 0.0, 1.0],
                [0.999993, 0.00227, -0.002805, 0.080937, -0.002798, -0.003181, -0.99999, 0.997285, -0.002279, 0.999993, -0.003175, 0.505598, 0.0, 0.0, 0.0, 1.0],
                [0.999994, 0.002138, -0.002829, 0.082233, -0.002822, -0.003276, -0.999989, 0.982149, -0.002147, 0.999993, -0.00327, 0.482828, 0.0, 0.0, 0.0, 1.0],
                [0.999994, 0.001997, -0.002854, 0.08368, -0.002848, -0.003359, -0.999989, 0.96836, -0.002006, 0.999993, -0.003354, 0.462295, 0.0, 0.0, 0.0, 1.0],
                [0.999994, 0.001878, -0.002882, 0.085191, -0.002875, -0.003428, -0.999989, 0.957156, -0.001887, 0.999993, -0.003423, 0.445388, 0.0, 0.0, 0.0, 1.0],
                [0.999994, 0.001794, -0.002903, 0.085199, -0.002896, -0.003472, -0.999988, 0.949353, -0.001804, 0.999993, -0.003467, 0.43284, 0.0, 0.0, 0.0, 1.0],
                [0.999994, 0.001747, -0.002915, 0.085223, -0.002909, -0.003496, -0.999988, 0.944715, -0.001757, 0.999993, -0.003491, 0.424755, 0.0, 0.0, 0.0, 1.0],
                [0.999994, 0.001719, -0.002924, 0.085256, -0.002917, -0.00351, -0.999988, 0.942025, -0.001729, 0.999993, -0.003505, 0.420078, 0.0, 0.0, 0.0, 1.0],
                [0.999994, 0.001708, -0.002926, 0.085297, -0.00292, -0.003516, -0.999988, 0.940939, -0.001718, 0.999993, -0.003511, 0.417372, 0.0, 0.0, 0.0, 1.0],
                [0.999994, 0.001709, -0.002926, 0.085344, -0.00292, -0.003516, -0.999988, 0.941109, -0.001719, 0.999993, -0.003511, 0.418573, 0.0, 0.0, 0.0, 1.0],
                [0.999994, 0.00172, -0.002923, 0.085396, -0.002917, -0.00351, -0.999988, 0.942197, -0.00173, 0.999993, -0.003505, 0.420381, 0.0, 0.0, 0.0, 1.0],
                [0.999994, 0.001739, -0.002918, 0.08545, -0.002912, -0.003501, -0.999988, 0.943857, -0.001749, 0.999993, -0.003495, 0.422827, 0.0, 0.0, 0.0, 1.0],
                [0.999994, 0.001757, -0.002913, 0.085505, -0.002907, -0.003491, -0.999989, 0.945747, -0.001767, 0.999993, -0.003486, 0.4255, 0.0, 0.0, 0.0, 1.0],
                [0.999994, 0.001775, -0.002909, 0.085559, -0.002902, -0.003482, -0.999989, 0.947522, -0.001785, 0.999993, -0.003477, 0.428324, 0.0, 0.0, 0.0, 1.0],
                [0.999994, 0.001789, -0.002904, 0.085612, -0.002898, -0.003475, -0.999988, 0.948839, -0.001799, 0.999993, -0.00347, 0.431226, 0.0, 0.0, 0.0, 1.0],
                [0.999994, 0.001792, -0.002904, 0.08566, -0.002897, -0.003474, -0.999989, 0.949354, -0.001802, 0.999993, -0.003469, 0.431676, 0.0, 0.0, 0.0, 1.0],
                [0.999994, 0.001794, -0.002903, 0.085708, -0.002896, -0.003472, -0.999988, 0.949354, -0.001804, 0.999993, -0.003467, 0.432126, 0.0, 0.0, 0.0, 1.0],
                [0.999994, 0.001737, -0.00292, 0.083505, -0.002914, -0.003503, -0.999988, 0.967809, -0.001748, 0.999993, -0.003498, 0.440805, 0.0, 0.0, 0.0, 1.0],
                [0.999994, 0.00168, -0.002937, 0.081287, -0.002931, -0.003531, -0.999988, 0.986681, -0.00169, 0.999993, -0.003526, 0.449593, 0.0, 0.0, 0.0, 1.0],
                [0.999994, 0.001622, -0.002953, 0.079095, -0.002947, -0.003558, -0.999988, 1.005583, -0.001632, 0.999993, -0.003553, 0.458318, 0.0, 0.0, 0.0, 1.0],
                [0.999994, 0.001563, -0.00297, 0.076888, -0.002964, -0.003583, -0.999988, 1.024839, -0.001573, 0.999993, -0.003578, 0.467134, 0.0, 0.0, 0.0, 1.0],
                [0.999994, 0.001504, -0.002992, 0.074678, -0.002986, -0.003609, -0.999988, 1.044298, -0.001515, 0.999993, -0.003605, 0.475981, 0.0, 0.0, 0.0, 1.0],
                [0.999994, 0.001444, -0.003012, 0.072465, -0.003007, -0.003634, -0.999988, 1.063931, -0.001455, 0.999993, -0.00363, 0.484849, 0.0, 0.0, 0.0, 1.0],
                [0.999994, 0.001384, -0.003034, 0.070248, -0.003029, -0.003657, -0.999988, 1.08371, -0.001395, 0.999993, -0.003652, 0.493733, 0.0, 0.0, 0.0, 1.0],
                [0.999994, 0.001323, -0.003055, 0.068027, -0.00305, -0.003678, -0.999987, 1.103599, -0.001335, 0.999993, -0.003674, 0.50263, 0.0, 0.0, 0.0, 1.0],
                [0.999994, 0.001263, -0.003082, 0.065802, -0.003077, -0.003701, -0.999987, 1.123568, -0.001274, 0.999993, -0.003697, 0.511541, 0.0, 0.0, 0.0, 1.0],
                [0.999994, 0.001201, -0.003107, 0.063572, -0.003103, -0.003721, -0.999987, 1.143589, -0.001213, 0.999993, -0.003718, 0.520465, 0.0, 0.0, 0.0, 1.0],
                [0.999994, 0.001139, -0.003133, 0.061337, -0.003129, -0.003741, -0.999987, 1.163629, -0.001151, 0.999993, -0.003737, 0.529401, 0.0, 0.0, 0.0, 1.0],
                [0.999994, 0.001077, -0.00316, 0.059095, -0.003156, -0.003757, -0.999987, 1.183659, -0.001088, 0.999993, -0.003754, 0.53835, 0.0, 0.0, 0.0, 1.0],
                [0.999994, 0.001014, -0.003192, 0.056847, -0.003188, -0.003777, -0.999987, 1.203645, -0.001026, 0.999993, -0.003773, 0.54731, 0.0, 0.0, 0.0, 1.0],
                [0.999994, 0.000951, -0.003224, 0.054593, -0.00322, -0.003793, -0.999986, 1.223559, -0.000963, 0.999993, -0.00379, 0.556283, 0.0, 0.0, 0.0, 1.0],
                [0.999994, 0.000887, -0.003256, 0.052331, -0.003253, -0.003808, -0.999986, 1.243368, -0.0009, 0.999993, -0.003805, 0.565267, 0.0, 0.0, 0.0, 1.0],
                [0.999994, 0.000823, -0.003288, 0.050061, -0.003284, -0.003821, -0.999986, 1.263044, -0.000836, 0.999993, -0.003818, 0.574263, 0.0, 0.0, 0.0, 1.0],
                [0.999994, 0.000758, -0.003327, 0.047769, -0.003324, -0.003836, -0.999986, 1.282673, -0.000771, 0.999993, -0.003834, 0.583326, 0.0, 0.0, 0.0, 1.0],
                [0.999994, 0.000694, -0.003367, 0.045496, -0.003364, -0.003849, -0.999986, 1.301866, -0.000706, 0.999993, -0.003846, 0.592287, 0.0, 0.0, 0.0, 1.0],
                [0.999994, 0.000628, -0.003407, 0.043199, -0.003404, -0.003859, -0.999986, 1.320953, -0.000641, 0.999993, -0.003857, 0.600514, 0.0, 0.0, 0.0, 1.0],
                [0.999994, 0.000563, -0.003444, 0.040893, -0.003442, -0.003868, -0.999985, 1.339783, -0.000576, 0.999993, -0.003866, 0.60874, 0.0, 0.0, 0.0, 1.0],
                [0.999994, 0.000497, -0.003494, 0.038577, -0.003492, -0.003879, -0.999985, 1.358323, -0.00051, 0.999993, -0.003877, 0.616967, 0.0, 0.0, 0.0, 1.0],
                [0.999993, 0.00043, -0.003541, 0.036222, -0.00354, -0.003887, -0.999985, 1.376541, -0.000444, 0.999993, -0.003886, 0.625194, 0.0, 0.0, 0.0, 1.0],
                [0.999993, 0.000363, -0.003589, 0.033807, -0.003587, -0.003893, -0.999985, 1.394414, -0.000377, 0.999993, -0.003892, 0.63236, 0.0, 0.0, 0.0, 1.0],
                [0.999993, 0.000296, -0.003637, 0.031339, -0.003636, -0.003897, -0.999985, 1.411905, -0.00031, 0.999993, -0.003896, 0.639504, 0.0, 0.0, 0.0, 1.0],
                [0.999993, 0.000228, -0.003696, 0.028828, -0.003695, -0.003903, -0.999984, 1.428981, -0.000243, 0.999993, -0.003902, 0.646604, 0.0, 0.0, 0.0, 1.0],
                [0.999993, 0.00016, -0.003754, 0.026283, -0.003753, -0.003906, -0.999984, 1.445616, -0.000175, 0.999993, -0.003906, 0.653636, 0.0, 0.0, 0.0, 1.0],
                [0.999992, 9.3e-05, -0.003813, 0.023711, -0.003812, -0.003907, -0.999984, 1.461777, -0.000107, 0.999993, -0.003907, 0.660577, 0.0, 0.0, 0.0, 1.0],
                [0.999992, 1.9e-05, -0.003883, 0.021119, -0.003882, -0.003909, -0.999983, 1.476785, -3.4e-05, 0.999993, -0.003909, 0.665734, 0.0, 0.0, 0.0, 1.0],
                [0.999998, -6.1e-05, -0.001941, 0.018515, -0.001941, -0.003909, -0.999989, 1.490066, 5.3e-05, 0.999993, -0.003909, 0.669422, 0.0, 0.0, 0.0, 1.0],
                [1.0, -0.000141, 0.0, 0.014462, -0.0, -0.003906, -0.999991, 1.501755, 0.000141, 0.999993, -0.003906, 0.672705, 0.0, 0.0, 0.0, 1.0],
                [1.0, -0.000232, 0.0, 0.010556, -1e-06, -0.003904, -0.999991, 1.511988, 0.000232, 0.999993, -0.003904, 0.673212, 0.0, 0.0, 0.0, 1.0],
                [1.0, -0.000323, 1e-06, 0.006801, -1e-06, -0.003898, -0.999991, 1.520897, 0.000323, 0.999993, -0.003898, 0.673632, 0.0, 0.0, 0.0, 1.0],
                [1.0, -0.000413, 1e-06, 0.003198, -1e-06, -0.003887, -0.999991, 1.528615, 0.000413, 0.999993, -0.003887, 0.673988, 0.0, 0.0, 0.0, 1.0],
                [1.0, -0.000496, 1e-06, -0.000252, -1e-06, -0.003878, -0.999991, 1.535273, 0.000496, 0.999993, -0.003878, 0.6743, 0.0, 0.0, 0.0, 1.0],
                [1.0, -0.000578, 1e-06, -0.003549, -1e-06, -0.003866, -0.999991, 1.54101, 0.000578, 0.999993, -0.003866, 0.674585, 0.0, 0.0, 0.0, 1.0],
                [1.0, -0.000645, 1e-06, -0.00669, -1e-06, -0.003855, -0.999991, 1.545956, 0.000645, 0.999993, -0.003855, 0.674865, 0.0, 0.0, 0.0, 1.0],
                [1.0, -0.000699, 1e-06, -0.00827, -1e-06, -0.003846, -0.999991, 1.550244, 0.000699, 0.999993, -0.003846, 0.675597, 0.0, 0.0, 0.0, 1.0],
                [1.0, -0.000736, 1e-06, -0.009419, -2e-06, -0.003839, -0.999991, 1.554008, 0.000736, 0.999993, -0.003839, 0.676863, 0.0, 0.0, 0.0, 1.0],
                [1.0, -0.00076, 1e-06, -0.01014, -2e-06, -0.003834, -0.999992, 1.557094, 0.00076, 0.999993, -0.003834, 0.679859, 0.0, 0.0, 0.0, 1.0],
                [1.0, -0.000776, 1e-06, -0.010433, -2e-06, -0.003831, -0.999991, 1.559328, 0.000776, 0.999993, -0.003831, 0.682879, 0.0, 0.0, 0.0, 1.0],
                [1.0, -0.00078, 0.0, -0.010393, -3e-06, -0.00383, -0.999992, 1.560805, 0.00078, 0.999993, -0.00383, 0.685921, 0.0, 0.0, 0.0, 1.0],
                [1.0, -0.000784, 2e-06, -0.010122, -1e-06, -0.003829, -0.999991, 1.56162, 0.000784, 0.999993, -0.003829, 0.688987, 0.0, 0.0, 0.0, 1.0],
                [1.0, -0.000777, 1e-06, -0.009612, -2e-06, -0.003831, -0.999991, 1.561864, 0.000777, 0.999993, -0.003831, 0.692096, 0.0, 0.0, 0.0, 1.0],
                [0.999999, -0.000769, 0.0, -0.00888, -2e-06, -0.003832, -0.999991, 1.561638, 0.000769, 0.999993, -0.003832, 0.695189, 0.0, 0.0, 0.0, 1.0],
                [1.0, -0.000754, 1e-06, -0.008013, -2e-06, -0.003835, -0.999991, 1.561031, 0.000754, 0.999993, -0.003835, 0.698325, 0.0, 0.0, 0.0, 1.0],
                [0.999999, -0.000739, 2e-06, -0.007125, -1e-06, -0.003838, -0.999991, 1.560142, 0.000739, 0.999993, -0.003838, 0.701484, 0.0, 0.0, 0.0, 1.0],
                [1.0, -0.000721, 1e-06, -0.006213, -2e-06, -0.003842, -0.999991, 1.559061, 0.000721, 0.999993, -0.003842, 0.704667, 0.0, 0.0, 0.0, 1.0],
                [1.0, -0.000702, 0.0, -0.005278, -2e-06, -0.003845, -0.999991, 1.557888, 0.000702, 0.999993, -0.003845, 0.707872, 0.0, 0.0, 0.0, 1.0],
                [1.0, -0.000684, 1e-06, -0.004321, -1e-06, -0.003849, -0.999991, 1.556713, 0.000684, 0.999993, -0.003849, 0.7111, 0.0, 0.0, 0.0, 1.0],
                [1.0, -0.000665, 1e-06, -0.003341, -1e-06, -0.003852, -0.999991, 1.555633, 0.000665, 0.999993, -0.003852, 0.714352, 0.0, 0.0, 0.0, 1.0],
                [1.0, -0.000652, 1e-06, -0.002342, -2e-06, -0.003854, -0.999991, 1.554742, 0.000652, 0.999993, -0.003854, 0.717627, 0.0, 0.0, 0.0, 1.0],
                [1.0, -0.000639, 1e-06, -0.001319, -1e-06, -0.003856, -0.999991, 1.554136, 0.000639, 0.999993, -0.003856, 0.720925, 0.0, 0.0, 0.0, 1.0],
                [1.0, 0.000632, 1e-06, 0.000309, -1e-06, 0.003856, -0.999991, 1.553908, -0.000632, 0.999993, 0.003856, 0.723106, 0.0, 0.0, 0.0, 1.0]
            ]
        },
        {
            "name": "Thigh_R",
            "time": [0.0, 0.1667, 0.2, 0.2333, 0.3667, 0.4, 0.4333, 0.4667, 0.5, 0.5333, 0.5667, 0.6, 0.6333, 0.6667, 0.7, 0.7333, 0.7667, 0.8, 0.8333, 0.8667, 0.9, 0.9333, 0.9667, 1.0, 1.0333, 1.0667, 1.1, 1.1333, 1.1667, 1.2, 1.2333, 1.2667, 1.3, 1.3333, 1.3667, 1.4, 1.4333, 1.4667, 1.5, 1.5333, 1.5667, 1.6, 1.6333, 1.6667, 1.7, 1.7333, 1.7667, 1.8, 1.8333, 1.8667, 1.9, 1.9333, 1.9667, 2.0, 2.0333, 2.0667, 2.1, 2.1333, 2.1667, 2.2, 2.2333, 2.2667, 2.3, 2.3333, 2.3667, 2.4, 2.4333, 2.4667, 2.5, 2.5333, 2.5667, 2.6, 2.6333, 2.6667, 2.7, 2.7333, 2.7667, 2.8, 2.8333, 2.8667, 2.9, 2.9333, 2.9667, 3.0, 3.0333, 3.0667, 3.1, 3.1333, 3.1667, 3.2],
            "transform": [
                [-0.212174, 0.952172, 0.219889, -0.000957, 0.383685, -0.125776, 0.914857, -0.008381, 0.898761, 0.278477, -0.338647, 0.103004, 0.0, 0.0, 0.0, 1.0],
                [0.212642, 0.532221, 0.819465, -0.003778, 0.771856, -0.605754, 0.193134, -0.008624, 0.599186, 0.591441, -0.539606, 0.102841, 0.0, 0.0, 0.0, 1.0],
                [0.223986, 0.605977, 0.763296, -0.008259, 0.774779, -0.585832, 0.237736, -0.009966, 0.591228, 0.538135, -0.600716, 0.102536, 0.0, 0.0, 0.0, 1.0],
                [0.276257, 0.606271, 0.745732, -0.007242, 0.779762, -0.594983, 0.194853, -0.010531, 0.561835, 0.527663, -0.637114, 0.102557, 0.0, 0.0, 0.0, 1.0],
                [0.756401, 0.235157, 0.610377, 0.04099, 0.577465, -0.678367, -0.45426, 0.020399, 0.307238, 0.696073, -0.648911, 0.092648, 0.0, 0.0, 0.0, 1.0],
                [0.722468, 0.283544, 0.63059, 0.046063, 0.598795, -0.712572, -0.36563, 0.024092, 0.345669, 0.641749, -0.684594, 0.089318, 0.0, 0.0, 0.0, 1.0],
                [0.691286, 0.37194, 0.619503, 0.051825, 0.603469, -0.768726, -0.21186, 0.027253, 0.39743, 0.520306, -0.755863, 0.085154, 0.0, 0.0, 0.0, 1.0],
                [0.67911, 0.450527, 0.579513, 0.058411, 0.575659, -0.816727, -0.039647, 0.029836, 0.455443, 0.360526, -0.813998, 0.07986, 0.0, 0.0, 0.0, 1.0],
                [0.694496, 0.4969, 0.520351, 0.065847, 0.503558, -0.85225, 0.141763, 0.031412, 0.513913, 0.163573, -0.842103, 0.07319, 0.0, 0.0, 0.0, 1.0],
                [0.724977, 0.521808, 0.449584, 0.073893, 0.366534, -0.844909, 0.38959, 0.031835, 0.583151, -0.117655, -0.803799, 0.06485, 0.0, 0.0, 0.0, 1.0],
                [0.79547, 0.484588, 0.363873, 0.08225, 0.089941, -0.688214, 0.719909, 0.030769, 0.599285, -0.539938, -0.591037, 0.054472, 0.0, 0.0, 0.0, 1.0],
                [0.950668, 0.135259, 0.279173, 0.098956, -0.167051, -0.535096, 0.828109, 0.015303, 0.261394, -0.833893, -0.486102, 0.025535, 0.0, 0.0, 0.0, 1.0],
                [0.948957, -0.314663, 0.021705, 0.099106, -0.212374, -0.586561, 0.781563, -0.012451, -0.233198, -0.746279, -0.623446, -0.026488, 0.0, 0.0, 0.0, 1.0],
                [0.777823, -0.534751, -0.330205, 0.075673, -0.119164, -0.641349, 0.757937, -0.024046, -0.617087, -0.550191, -0.562578, -0.066141, 0.0, 0.0, 0.0, 1.0],
                [0.274604, -0.344571, -0.897698, 0.033366, 0.269046, -0.868764, 0.415765, 0.008459, -0.923153, -0.355692, -0.145861, -0.097444, 0.0, 0.0, 0.0, 1.0],
                [0.067267, -0.137752, -0.988179, 0.017958, 0.358689, -0.920869, 0.152784, 0.028952, -0.931031, -0.364726, -0.012534, -0.09757, 0.0, 0.0, 0.0, 1.0],
                [-0.033102, 0.026889, -0.999089, 0.010851, 0.394357, -0.91818, -0.037777, 0.037443, -0.918362, -0.395248, 0.01979, -0.095713, 0.0, 0.0, 0.0, 1.0],
                [-0.070776, -0.009812, -0.997442, 0.010407, 0.39797, -0.917197, -0.019216, 0.035147, -0.914665, -0.398312, 0.06882, -0.096629, 0.0, 0.0, 0.0, 1.0],
                [-0.097321, -0.061075, -0.993376, 0.013018, 0.413167, -0.910523, 0.015503, 0.029612, -0.905442, -0.408921, 0.113847, -0.098154, 0.0, 0.0, 0.0, 1.0],
                [-0.116452, -0.114979, -0.986517, 0.018192, 0.436729, -0.898024, 0.053111, 0.021519, -0.892025, -0.424655, 0.154791, -0.099431, 0.0, 0.0, 0.0, 1.0],
                [-0.12971, -0.167674, -0.977271, 0.025146, 0.468505, -0.879003, 0.088631, 0.011799, -0.87389, -0.446358, 0.192572, -0.099543, 0.0, 0.0, 0.0, 1.0],
                [-0.138236, -0.215013, -0.966777, 0.033121, 0.507347, -0.853717, 0.117325, 0.001529, -0.850585, -0.474272, 0.2271, -0.097882, 0.0, 0.0, 0.0, 1.0],
                [-0.143106, -0.253804, -0.956609, 0.041181, 0.548519, -0.824871, 0.136795, -0.008258, -0.823803, -0.505141, 0.257259, -0.094425, 0.0, 0.0, 0.0, 1.0],
                [-0.149722, -0.282131, -0.947619, 0.048384, 0.589855, -0.794674, 0.143399, -0.016474, -0.793511, -0.537486, 0.285396, -0.089819, 0.0, 0.0, 0.0, 1.0],
                [-0.155343, -0.302733, -0.940329, 0.053953, 0.62171, -0.769691, 0.145091, -0.022944, -0.767691, -0.562072, 0.307777, -0.085102, 0.0, 0.0, 0.0, 1.0],
                [-0.167173, -0.313974, -0.934597, 0.057491, 0.642158, -0.75397, 0.13843, -0.027096, -0.748126, -0.577015, 0.327663, -0.081488, 0.0, 0.0, 0.0, 1.0],
                [-0.181519, -0.318972, -0.930218, 0.059315, 0.652743, -0.746579, 0.12863, -0.029361, -0.735516, -0.583842, 0.343724, -0.079367, 0.0, 0.0, 0.0, 1.0],
                [-0.191133, -0.322657, -0.927016, 0.06034, 0.65915, -0.741991, 0.122354, -0.030657, -0.727321, -0.587654, 0.354497, -0.078095, 0.0, 0.0, 0.0, 1.0],
                [-0.195357, -0.324275, -0.92557, 0.060756, 0.661913, -0.739986, 0.119549, -0.031119, -0.72368, -0.589289, 0.359203, -0.077587, 0.0, 0.0, 0.0, 1.0],
                [-0.192433, -0.326701, -0.925329, 0.06071, 0.663929, -0.737712, 0.12239, -0.031069, -0.722616, -0.590798, 0.358866, -0.077643, 0.0, 0.0, 0.0, 1.0],
                [-0.184111, -0.329229, -0.926126, 0.060265, 0.665085, -0.735498, 0.129247, -0.030525, -0.723721, -0.592153, 0.354378, -0.078204, 0.0, 0.0, 0.0, 1.0],
                [-0.170391, -0.331919, -0.92779, 0.059575, 0.665412, -0.733211, 0.140104, -0.029674, -0.726773, -0.593488, 0.345795, -0.079056, 0.0, 0.0, 0.0, 1.0],
                [-0.150599, -0.335283, -0.930002, 0.058879, 0.665238, -0.73025, 0.155545, -0.028812, -0.73129, -0.595244, 0.333017, -0.079892, 0.0, 0.0, 0.0, 1.0],
                [-0.127759, -0.340285, -0.931601, 0.058177, 0.665594, -0.725788, 0.17383, -0.027939, -0.735302, -0.597857, 0.319217, -0.080712, 0.0, 0.0, 0.0, 1.0],
                [-0.10169, -0.345658, -0.932833, 0.057673, 0.667444, -0.719032, 0.193677, -0.027212, -0.737688, -0.602916, 0.303825, -0.08132, 0.0, 0.0, 0.0, 1.0],
                [-0.073215, -0.352768, -0.932841, 0.057464, 0.670592, -0.709753, 0.215772, -0.026874, -0.738208, -0.609756, 0.288527, -0.08158, 0.0, 0.0, 0.0, 1.0],
                [-0.043758, -0.361417, -0.931376, 0.057472, 0.673913, -0.698899, 0.239544, -0.026763, -0.737518, -0.617182, 0.274145, -0.081611, 0.0, 0.0, 0.0, 1.0],
                [0.02018, -0.371169, -0.928345, 0.060203, 0.659035, -0.693316, 0.291526, -0.025945, -0.751846, -0.617692, 0.230621, -0.079888, 0.0, 0.0, 0.0, 1.0],
                [0.093398, -0.377568, -0.921258, 0.062889, 0.641339, -0.684946, 0.345736, -0.025125, -0.761556, -0.623128, 0.178176, -0.078059, 0.0, 0.0, 0.0, 1.0],
                [0.173205, -0.378729, -0.909155, 0.065479, 0.619489, -0.675739, 0.399513, -0.024319, -0.765663, -0.632407, 0.117576, -0.076161, 0.0, 0.0, 0.0, 1.0],
                [0.259648, -0.37402, -0.890331, 0.068064, 0.593483, -0.665499, 0.452646, -0.02348, -0.761817, -0.645924, 0.049179, -0.07413, 0.0, 0.0, 0.0, 1.0],
                [0.35056, -0.362214, -0.863659, 0.07058, 0.562718, -0.655695, 0.5034, -0.022645, -0.74864, -0.662467, -0.026036, -0.072007, 0.0, 0.0, 0.0, 1.0],
                [0.442351, -0.34271, -0.828779, 0.073019, 0.52862, -0.646885, 0.549636, -0.021815, -0.724495, -0.681239, -0.104987, -0.069796, 0.0, 0.0, 0.0, 1.0],
                [0.53381, -0.31572, -0.784453, 0.07538, 0.49075, -0.639806, 0.591449, -0.020992, -0.688633, -0.700691, -0.186595, -0.0675, 0.0, 0.0, 0.0, 1.0],
                [0.621752, -0.28019, -0.731381, 0.077671, 0.45109, -0.635281, 0.626845, -0.020154, -0.640271, -0.71966, -0.268596, -0.065116, 0.0, 0.0, 0.0, 1.0],
                [0.702959, -0.238059, -0.670207, 0.07988, 0.410739, -0.63342, 0.655799, -0.019322, -0.580643, -0.73628, -0.347487, -0.062649, 0.0, 0.0, 0.0, 1.0],
                [0.775916, -0.190111, -0.601509, 0.082002, 0.370456, -0.634466, 0.678391, -0.018499, -0.510609, -0.749205, -0.421864, -0.060104, 0.0, 0.0, 0.0, 1.0],
                [0.838124, -0.138126, -0.527703, 0.084033, 0.331612, -0.639101, 0.693961, -0.017686, -0.433111, -0.756618, -0.48984, -0.057486, 0.0, 0.0, 0.0, 1.0],
                [0.889024, -0.083725, -0.450142, 0.085998, 0.295428, -0.646211, 0.703656, -0.016851, -0.349801, -0.758552, -0.549761, -0.054766, 0.0, 0.0, 0.0, 1.0],
                [0.928362, -0.027892, -0.370632, 0.087867, 0.262894, -0.655634, 0.707834, -0.016027, -0.262743, -0.754563, -0.601331, -0.051975, 0.0, 0.0, 0.0, 1.0],
                [0.956495, 0.026641, -0.290534, 0.089638, 0.233404, -0.667362, 0.707213, -0.015215, -0.175051, -0.744257, -0.644545, -0.049116, 0.0, 0.0, 0.0, 1.0],
                [0.973985, 0.079958, -0.212044, 0.091307, 0.208733, -0.680877, 0.702022, -0.014417, -0.088245, -0.728018, -0.679853, -0.046195, 0.0, 0.0, 0.0, 1.0],
                [0.982017, 0.129795, -0.137109, 0.092904, 0.188731, -0.694648, 0.694149, -0.013537, -0.005145, -0.707542, -0.706651, -0.043178, 0.0, 0.0, 0.0, 1.0],
                [0.982251, 0.175808, -0.065404, 0.094402, 0.17251, -0.709718, 0.683037, -0.012668, 0.073665, -0.682196, -0.727448, -0.040081, 0.0, 0.0, 0.0, 1.0],
                [0.976371, 0.216106, 8.6e-05, 0.095772, 0.160372, -0.724823, 0.670008, -0.011825, 0.144856, -0.654161, -0.742353, -0.036966, 0.0, 0.0, 0.0, 1.0],
                [0.967715, 0.245144, 0.058608, 0.097039, 0.147623, -0.739705, 0.656537, -0.010996, 0.2043, -0.626688, -0.752012, -0.033783, 0.0, 0.0, 0.0, 1.0],
                [0.957406, 0.268762, 0.105564, 0.09822, 0.141669, -0.755773, 0.639324, -0.010108, 0.251609, -0.597136, -0.761656, -0.030485, 0.0, 0.0, 0.0, 1.0],
                [0.947429, 0.286023, 0.143429, 0.09928, 0.139834, -0.773301, 0.618426, -0.009242, 0.287798, -0.565858, -0.772642, -0.027141, 0.0, 0.0, 0.0, 1.0],
                [0.937965, 0.299849, 0.174108, 0.10022, 0.142457, -0.79106, 0.594919, -0.008354, 0.316117, -0.53321, -0.784702, -0.023764, 0.0, 0.0, 0.0, 1.0],
                [0.929792, 0.309071, 0.199909, 0.101037, 0.14667, -0.809209, 0.568917, -0.007491, 0.337605, -0.499653, -0.797727, -0.020345, 0.0, 0.0, 0.0, 1.0],
                [0.922172, 0.316221, 0.222721, 0.10173, 0.152729, -0.826744, 0.541448, -0.006655, 0.355351, -0.465291, -0.810696, -0.016892, 0.0, 0.0, 0.0, 1.0],
                [0.914797, 0.322899, 0.242662, 0.102296, 0.160859, -0.842316, 0.514418, -0.005848, 0.370504, -0.431553, -0.822488, -0.013412, 0.0, 0.0, 0.0, 1.0],
                [0.906859, 0.328113, 0.264482, 0.102746, 0.167833, -0.856833, 0.487511, -0.005069, 0.386577, -0.397714, -0.832094, -0.009798, 0.0, 0.0, 0.0, 1.0],
                [0.89771, 0.334831, 0.286368, 0.103062, 0.175893, -0.868283, 0.463838, -0.004324, 0.403957, -0.366021, -0.83836, -0.006164, 0.0, 0.0, 0.0, 1.0],
                [0.886886, 0.342271, 0.310299, 0.103256, 0.183856, -0.877664, 0.442608, -0.003409, 0.423831, -0.335492, -0.841315, -0.002256, 0.0, 0.0, 0.0, 1.0],
                [0.875573, 0.350285, 0.332676, 0.10329, 0.192444, -0.884554, 0.424885, -0.002259, 0.443102, -0.307996, -0.841902, 0.00215, 0.0, 0.0, 0.0, 1.0],
                [0.861548, 0.360184, 0.357775, 0.103098, 0.20098, -0.889135, 0.411149, -0.000901, 0.466201, -0.282318, -0.838422, 0.006963, 0.0, 0.0, 0.0, 1.0],
                [0.848678, 0.368984, 0.378943, 0.102661, 0.210115, -0.8927, 0.398669, 0.000349, 0.485386, -0.258719, -0.835143, 0.01179, 0.0, 0.0, 0.0, 1.0],
                [0.834327, 0.378679, 0.400627, 0.101959, 0.219142, -0.894669, 0.389284, 0.001712, 0.505844, -0.236995, -0.82943, 0.01673, 0.0, 0.0, 0.0, 1.0],
                [0.819297, 0.389572, 0.420699, 0.100998, 0.227964, -0.894565, 0.384428, 0.002943, 0.526106, -0.219055, -0.821722, 0.021661, 0.0, 0.0, 0.0, 1.0],
                [0.805915, 0.397905, 0.438377, 0.099881, 0.236064, -0.895027, 0.378416, 0.004015, 0.542934, -0.201486, -0.815246, 0.026195, 0.0, 0.0, 0.0, 1.0],
                [0.79322, 0.406074, 0.453769, 0.098672, 0.243564, -0.894555, 0.374763, 0.004829, 0.558104, -0.186747, -0.808483, 0.030318, 0.0, 0.0, 0.0, 1.0],
                [0.782275, 0.412983, 0.46636, 0.097509, 0.250741, -0.894077, 0.371152, 0.005425, 0.570243, -0.173407, -0.802965, 0.03378, 0.0, 0.0, 0.0, 1.0],
                [0.773453, 0.416641, 0.477684, 0.096495, 0.255655, -0.894654, 0.366379, 0.005695, 0.580012, -0.161254, -0.798488, 0.036536, 0.0, 0.0, 0.0, 1.0],
                [0.767271, 0.417644, 0.486691, 0.095752, 0.259701, -0.896217, 0.359651, 0.005708, 0.586388, -0.149555, -0.796104, 0.03844, 0.0, 0.0, 0.0, 1.0],
                [0.763681, 0.415689, 0.493957, 0.095311, 0.261553, -0.898731, 0.351953, 0.005483, 0.590239, -0.139584, -0.795069, 0.039552, 0.0, 0.0, 0.0, 1.0],
                [0.763095, 0.410946, 0.498809, 0.095033, 0.262569, -0.90237, 0.341737, 0.005102, 0.590547, -0.129806, -0.796495, 0.040266, 0.0, 0.0, 0.0, 1.0],
                [0.763051, 0.406589, 0.502434, 0.094936, 0.263343, -0.905477, 0.332806, 0.004694, 0.590259, -0.121635, -0.797997, 0.040543, 0.0, 0.0, 0.0, 1.0],
                [0.76518, 0.400596, 0.504007, 0.094967, 0.263539, -0.90914, 0.322505, 0.004191, 0.587408, -0.113949, -0.801228, 0.040528, 0.0, 0.0, 0.0, 1.0],
                [0.768544, 0.393641, 0.504369, 0.095184, 0.262275, -0.912881, 0.312823, 0.003611, 0.583571, -0.108134, -0.80483, 0.040072, 0.0, 0.0, 0.0, 1.0],
                [0.771862, 0.386786, 0.504604, 0.095392, 0.261011, -0.916472, 0.303235, 0.003037, 0.579744, -0.102348, -0.808345, 0.039621, 0.0, 0.0, 0.0, 1.0],
                [0.776315, 0.379008, 0.503674, 0.095759, 0.258559, -0.920195, 0.293918, 0.002299, 0.574876, -0.097943, -0.812357, 0.038777, 0.0, 0.0, 0.0, 1.0],
                [0.78074, 0.371262, 0.502605, 0.096112, 0.256098, -0.923811, 0.284579, 0.001556, 0.569967, -0.093465, -0.816334, 0.037931, 0.0, 0.0, 0.0, 1.0],
                [0.786115, 0.363277, 0.500054, 0.096513, 0.254218, -0.927478, 0.274146, 0.000841, 0.563381, -0.088387, -0.821455, 0.036921, 0.0, 0.0, 0.0, 1.0],
                [0.791444, 0.355348, 0.497337, 0.096898, 0.252311, -0.931022, 0.263698, 0.000119, 0.556737, -0.083219, -0.82651, 0.035908, 0.0, 0.0, 0.0, 1.0],
                [0.796726, 0.347476, 0.494456, 0.097266, 0.250377, -0.934441, 0.253238, -0.000609, 0.550035, -0.077961, -0.831494, 0.034894, 0.0, 0.0, 0.0, 1.0],
                [0.801961, 0.339667, 0.491411, 0.097617, 0.248416, -0.937738, 0.24277, -0.001344, 0.543276, -0.072617, -0.836407, 0.033878, 0.0, 0.0, 0.0, 1.0],
                [0.806544, 0.330886, 0.4899, 0.097875, 0.246347, -0.941425, 0.230283, -0.002139, 0.537403, -0.065047, -0.840813, 0.033083, 0.0, 0.0, 0.0, 1.0],
                [0.811099, 0.322167, 0.488188, 0.09812, 0.244255, -0.944942, 0.217772, -0.002938, 0.531468, -0.057392, -0.845131, 0.032287, 0.0, 0.0, 0.0, 1.0],
                [0.812085, 0.313262, 0.492327, 0.098141, 0.240077, -0.948336, 0.207415, -0.003908, 0.531868, -0.050242, -0.845335, 0.032119, 0.0, 0.0, 0.0, 1.0]
            ]
        },
        {
            "name": "Leg_R",
            "time": [0.0, 0.1667, 0.2, 0.2333, 0.3667, 0.4, 0.4333, 0.4667, 0.5, 0.5333, 0.5667, 0.6, 0.6333, 0.6667, 0.7, 0.7333, 0.7667, 0.8, 0.8333, 0.8667, 0.9, 0.9333, 0.9667, 1.0, 1.0333, 1.0667, 1.1, 1.1333, 1.1667, 1.2, 1.2333, 1.2667, 1.3, 1.3333, 1.3667, 1.4, 1.4333, 1.4667, 1.5, 1.5333, 1.5667, 1.6, 1.6333, 1.6667, 1.7, 1.7333, 1.7667, 1.8, 1.8333, 1.8667, 1.9, 1.9333, 1.9667, 2.0, 2.0333, 2.0667, 2.1, 2.1333, 2.1667, 2.2, 2.2333, 2.2667, 2.3, 2.3333, 2.3667, 2.4, 2.4333, 2.4667, 2.5, 2.5333, 2.5667, 2.6, 2.6333, 2.6667, 2.7, 2.7333, 2.7667, 2.8, 2.8333, 2.8667, 2.9, 2.9333, 2.9667, 3.0, 3.0333, 3.0667, 3.1, 3.1333, 3.1667, 3.2],
            "transform": [
                [1.000001, -0.001934, -0.000288, 0.0, -0.00029, -0.292329, 0.956317, 0.37472, -0.001934, -0.956315, -0.292329, -0.0, 0.0, 0.0, 0.0, 1.0],
                [1.0, -0.001508, 0.00132, 0.0, 1.3e-05, 0.663149, 0.748486, 0.37472, -0.002004, -0.748485, 0.663148, -0.0, 0.0, 0.0, 0.0, 1.0],
                [0.999999, -0.001857, 0.000607, 0.0, 0.000604, 0.589196, 0.80799, 0.37472, -0.001858, -0.807988, 0.589196, -0.0, 0.0, 0.0, 0.0, 1.0],
                [0.999999, -0.001862, 0.000593, -0.0, 0.000588, 0.575939, 0.817492, 0.37472, -0.001864, -0.81749, 0.575939, 0.0, 0.0, 0.0, 0.0, 1.0],
                [0.999999, -0.001789, 0.000787, -0.0, 0.000784, 0.735882, 0.677109, 0.37472, -0.00179, -0.677107, 0.735882, -0.0, 0.0, 0.0, 0.0, 1.0],
                [0.999998, -0.001848, 0.000635, -0.0, 0.000633, 0.613865, 0.789411, 0.37472, -0.001849, -0.789409, 0.613865, 0.0, 0.0, 0.0, 0.0, 1.0],
                [0.999999, -0.001915, 0.000388, -0.0, 0.000388, 0.389051, 0.921216, 0.37472, -0.001915, -0.921214, 0.389051, 0.0, 0.0, 0.0, 0.0, 1.0],
                [0.999998, -0.001951, 0.000118, 0.0, 0.000117, 0.120233, 0.992745, 0.37472, -0.001951, -0.992745, 0.120233, -0.0, 0.0, 0.0, 0.0, 1.0],
                [0.999997, -0.001948, -0.000159, 0.0, -0.000158, -0.161881, 0.98681, 0.37472, -0.001948, -0.98681, -0.16188, -0.0, 0.0, 0.0, 0.0, 1.0],
                [0.999998, -0.0019, -0.000462, -0.0, -0.000462, -0.458728, 0.888577, 0.37472, -0.0019, -0.888576, -0.458727, 0.0, 0.0, 0.0, 0.0, 1.0],
                [0.999998, -0.001821, -0.000715, -0.0, -0.000715, -0.680528, 0.732722, 0.37472, -0.001821, -0.73272, -0.680528, -0.0, 0.0, 0.0, 0.0, 1.0],
                [0.999997, -0.001847, -0.000643, -0.0, -0.000643, -0.621115, 0.78372, 0.37472, -0.001848, -0.783717, -0.621116, -0.0, 0.0, 0.0, 0.0, 1.0],
                [0.999997, -0.001925, -0.000344, -0.0, -0.000344, -0.346326, 0.938114, 0.37472, -0.001925, -0.938113, -0.346326, 0.0, 0.0, 0.0, 0.0, 1.0],
                [0.999998, -0.001954, -7.2e-05, -0.0, -7.2e-05, -0.073815, 0.997272, 0.37472, -0.001954, -0.99727, -0.073815, -0.0, 0.0, 0.0, 0.0, 1.0],
                [0.999998, -0.001894, 0.000483, 0.0, 0.000481, 0.477963, 0.87838, 0.37472, -0.001895, -0.878379, 0.477962, -0.0, 0.0, 0.0, 0.0, 1.0],
                [0.999996, -0.001795, 0.000774, 0.0, 0.000772, 0.726258, 0.687424, 0.37472, -0.001796, -0.687421, 0.726258, 0.0, 0.0, 0.0, 0.0, 1.0],
                [0.999997, -0.001685, 0.000992, 0.0, 0.000989, 0.873519, 0.48679, 0.37472, -0.001686, -0.486787, 0.87352, -0.0, 0.0, 0.0, 0.0, 1.0],
                [0.999997, -0.001736, 0.0009, -0.0, 0.000896, 0.816028, 0.578012, 0.37472, -0.001737, -0.57801, 0.816029, -0.0, 0.0, 0.0, 0.0, 1.0],
                [0.999997, -0.001788, 0.000789, 0.0, 0.000787, 0.737889, 0.674923, 0.37472, -0.001789, -0.674921, 0.737889, 0.0, 0.0, 0.0, 0.0, 1.0],
                [0.999997, -0.001834, 0.000676, 0.0, 0.000674, 0.648277, 0.761405, 0.37472, -0.001834, -0.761403, 0.648277, -0.0, 0.0, 0.0, 0.0, 1.0],
                [0.999998, -0.001869, 0.00057, -0.0, 0.00057, 0.557941, 0.829881, 0.37472, -0.001869, -0.829879, 0.557941, 0.0, 0.0, 0.0, 0.0, 1.0],
                [0.999998, -0.001894, 0.000481, 0.0, 0.00048, 0.476551, 0.879147, 0.37472, -0.001894, -0.879145, 0.476551, -0.0, 0.0, 0.0, 0.0, 1.0],
                [0.999999, -0.001911, 0.000411, -0.0, 0.00041, 0.410997, 0.911637, 0.37472, -0.001911, -0.911634, 0.410997, -0.0, 0.0, 0.0, 0.0, 1.0],
                [0.999999, -0.00192, 0.000361, 0.0, 0.00036, 0.362559, 0.931961, 0.37472, -0.001921, -0.931958, 0.362559, -0.0, 0.0, 0.0, 0.0, 1.0],
                [1.0, -0.001926, 0.000329, 0.0, 0.000328, 0.331229, 0.94355, 0.37472, -0.001927, -0.943547, 0.33123, 0.0, 0.0, 0.0, 0.0, 1.0],
                [1.0, -0.001929, 0.000311, -0.0, 0.000308, 0.312726, 0.949843, 0.37472, -0.00193, -0.94984, 0.312726, -0.0, 0.0, 0.0, 0.0, 1.0],
                [1.0, -0.001932, 0.0003, 0.0, 0.000298, 0.302156, 0.953258, 0.37472, -0.001932, -0.953255, 0.302156, -0.0, 0.0, 0.0, 0.0, 1.0],
                [1.0, -0.001933, 0.000294, 0.0, 0.000292, 0.296431, 0.955054, 0.37472, -0.001933, -0.955051, 0.296432, -0.0, 0.0, 0.0, 0.0, 1.0],
                [1.0, -0.001933, 0.000292, 0.0, 0.000289, 0.2938, 0.955867, 0.37472, -0.001933, -0.955863, 0.293801, 0.0, 0.0, 0.0, 0.0, 1.0],
                [1.0, -0.001933, 0.000289, 0.0, 0.000287, 0.291168, 0.956672, 0.37472, -0.001934, -0.956668, 0.291168, 0.0, 0.0, 0.0, 0.0, 1.0],
                [1.0, -0.001933, 0.000287, 0.0, 0.000283, 0.288533, 0.95747, 0.37472, -0.001933, -0.957466, 0.288533, 0.0, 0.0, 0.0, 0.0, 1.0],
                [1.0, -0.001934, 0.000284, -0.0, 0.000281, 0.285896, 0.958261, 0.37472, -0.001934, -0.958258, 0.285896, 0.0, 0.0, 0.0, 0.0, 1.0],
                [1.0, -0.001934, 0.000281, 0.0, 0.000278, 0.283257, 0.959044, 0.37472, -0.001934, -0.959041, 0.283257, -0.0, 0.0, 0.0, 0.0, 1.0],
                [1.0, -0.001936, 0.000276, 0.0, 0.000273, 0.277865, 0.96062, 0.37472, -0.001936, -0.960617, 0.277866, 0.0, 0.0, 0.0, 0.0, 1.0],
                [1.0, -0.001935, 0.00027, -0.0, 0.000267, 0.272464, 0.962166, 0.37472, -0.001936, -0.962163, 0.272464, -0.0, 0.0, 0.0, 0.0, 1.0],
                [1.0, -0.001937, 0.000259, 0.0, 0.000255, 0.260722, 0.965414, 0.37472, -0.001938, -0.965411, 0.260722, -0.0, 0.0, 0.0, 0.0, 1.0],
                [1.0, -0.001939, 0.000247, 0.0, 0.000244, 0.248942, 0.968518, 0.37472, -0.001939, -0.968515, 0.248943, -0.0, 0.0, 0.0, 0.0, 1.0],
                [1.0, -0.001942, 0.000219, 0.0, 0.000217, 0.221882, 0.975073, 0.37472, -0.001942, -0.97507, 0.221882, -0.0, 0.0, 0.0, 0.0, 1.0],
                [1.0, -0.001944, 0.000193, 0.0, 0.000189, 0.194494, 0.980903, 0.37472, -0.001945, -0.980901, 0.194495, 0.0, 0.0, 0.0, 0.0, 1.0],
                [0.999999, -0.001947, 0.00017, -0.0, 0.000167, 0.171578, 0.98517, 0.37472, -0.001947, -0.985168, 0.171578, 0.0, 0.0, 0.0, 0.0, 1.0],
                [0.999999, -0.001948, 0.000146, 0.0, 0.000144, 0.148411, 0.988926, 0.37472, -0.001948, -0.988923, 0.148411, 0.0, 0.0, 0.0, 0.0, 1.0],
                [0.999999, -0.00195, 0.00013, -0.0, 0.000126, 0.130283, 0.991477, 0.37472, -0.00195, -0.991475, 0.130283, 0.0, 0.0, 0.0, 0.0, 1.0],
                [0.999998, -0.00195, 0.000115, -0.0, 0.000113, 0.116562, 0.993184, 0.37472, -0.00195, -0.993182, 0.116562, -0.0, 0.0, 0.0, 0.0, 1.0],
                [0.999998, -0.001951, 0.000106, -0.0, 0.000104, 0.107354, 0.994221, 0.37472, -0.001951, -0.99422, 0.107354, -0.0, 0.0, 0.0, 0.0, 1.0],
                [0.999998, -0.001951, 0.000103, -0.0, 0.0001, 0.103658, 0.994613, 0.37472, -0.001952, -0.994612, 0.103658, 0.0, 0.0, 0.0, 0.0, 1.0],
                [0.999998, -0.001952, 0.000103, 0.0, 0.000102, 0.104582, 0.994516, 0.37472, -0.001952, -0.994515, 0.104582, 0.0, 0.0, 0.0, 0.0, 1.0],
                [0.999998, -0.001951, 0.000108, 0.0, 0.000106, 0.1092, 0.99402, 0.37472, -0.001951, -0.994019, 0.109199, 0.0, 0.0, 0.0, 0.0, 1.0],
                [0.999996, -0.001951, 0.00012, 0.0, 0.000117, 0.121115, 0.992639, 0.37472, -0.001951, -0.992638, 0.121115, -0.0, 0.0, 0.0, 0.0, 1.0],
                [0.999997, -0.00195, 0.000131, -0.0, 0.00013, 0.133014, 0.991114, 0.37472, -0.00195, -0.991114, 0.133014, -0.0, 0.0, 0.0, 0.0, 1.0],
                [0.999997, -0.001949, 0.000149, -0.0, 0.000148, 0.15149, 0.988459, 0.37472, -0.001949, -0.988459, 0.15149, -0.0, 0.0, 0.0, 0.0, 1.0],
                [0.999996, -0.001948, 0.000168, 0.0, 0.000166, 0.169912, 0.985459, 0.37472, -0.001948, -0.98546, 0.169912, 0.0, 0.0, 0.0, 0.0, 1.0],
                [0.999997, -0.001947, 0.000191, 0.0, 0.00019, 0.193656, 0.98107, 0.37472, -0.001947, -0.981069, 0.193656, -0.0, 0.0, 0.0, 0.0, 1.0],
                [0.999997, -0.001944, 0.000214, -0.0, 0.000213, 0.217286, 0.976108, 0.37472, -0.001944, -0.976108, 0.217286, 0.0, 0.0, 0.0, 0.0, 1.0],
                [0.999997, -0.001941, 0.000242, 0.0, 0.000241, 0.244723, 0.969593, 0.37472, -0.001941, -0.969593, 0.244723, -0.0, 0.0, 0.0, 0.0, 1.0],
                [0.999997, -0.001937, 0.000269, 0.0, 0.000267, 0.27163, 0.962401, 0.37472, -0.001937, -0.962401, 0.27163, 0.0, 0.0, 0.0, 0.0, 1.0],
                [0.999997, -0.001934, 0.000293, 0.0, 0.000291, 0.295502, 0.955342, 0.37472, -0.001935, -0.955342, 0.295502, 0.0, 0.0, 0.0, 0.0, 1.0],
                [0.999997, -0.001931, 0.000317, -0.0, 0.000316, 0.319191, 0.94769, 0.37472, -0.001931, -0.94769, 0.319191, 0.0, 0.0, 0.0, 0.0, 1.0],
                [0.999997, -0.001925, 0.000345, -0.0, 0.000343, 0.346325, 0.938115, 0.37472, -0.001926, -0.938114, 0.346325, 0.0, 0.0, 0.0, 0.0, 1.0],
                [0.999997, -0.00192, 0.000377, 0.0, 0.000376, 0.377749, 0.925908, 0.37472, -0.00192, -0.925907, 0.377749, -0.0, 0.0, 0.0, 0.0, 1.0],
