{
    "animation": [
        {
            "name": "Root",
            "time": [0.0, 0.0417, 0.0833, 0.125, 0.1667, 0.2083, 0.25, 0.2917, 0.3333, 0.375, 0.4167, 0.4583, 0.5, 0.5417, 0.5833, 0.625, 0.6667, 0.7083, 0.75, 0.7917, 0.8333, 0.875, 0.9167, 0.9583, 1.0, 1.3333, 1.75, 1.8333, 2.4583, 2.5, 2.5417, 2.5833, 2.625, 2.6667],
            "transform": [
                [-1.0, -0.0, 0.0, 1.3e-05, 0.0, -0.0, 1.0, 0.246778, 0.0, 1.0, 0.0, 0.15702, 0.0, 0.0, 0.0, 1.0],
                [-1.0, -0.0, 0.0, 0.008329, 0.0, -0.0, 1.0, 0.228294, 0.0, 1.0, 0.0, 0.148966, 0.0, 0.0, 0.0, 1.0],
                [-1.0, -0.0, 0.0, 0.002736, 0.0, -0.0, 1.0, 0.24921, 0.0, 1.0, 0.0, 0.148966, 0.0, 0.0, 0.0, 1.0],
                [-1.0, -0.0, 0.0, 0.039759, 0.0, -0.0, 1.0, 0.338313, 0.0, 1.0, 0.0, 0.148966, 0.0, 0.0, 0.0, 1.0],
                [-1.0, -0.0, 0.0, 0.095509, 0.0, -0.0, 1.0, 0.516724, 0.0, 1.0, 0.0, 0.148966, 0.0, 0.0, 0.0, 1.0],
                [-1.0, -0.0, 0.0, 0.168101, 0.0, -0.0, 1.0, 0.755704, 0.0, 1.0, 0.0, 0.244544, 0.0, 0.0, 0.0, 1.0],
                [-1.0, -0.0, 0.0, -0.057759, 0.0, -0.0, 1.0, 1.013089, 0.0, 1.0, 0.0, 0.340122, 0.0, 0.0, 0.0, 1.0],
                [-1.0, -0.0, 0.0, -0.157597, 0.0, -0.0, 1.0, 1.22529, 0.0, 1.0, 0.0, 0.4357, 0.0, 0.0, 0.0, 1.0],
                [-1.0, -0.0, 0.0, -0.170642, 0.0, -0.0, 1.0, 1.54841, 0.0, 1.0, 0.0, 0.531278, 0.0, 0.0, 0.0, 1.0],
                [-1.0, -0.0, 0.0, -0.180511, 0.0, -0.0, 1.0, 1.870667, 0.0, 1.0, 0.0, 0.554963, 0.0, 0.0, 0.0, 1.0],
                [-1.0, -0.0, 0.0, -0.202258, 0.0, -0.0, 1.0, 2.133047, 0.0, 1.0, 0.0, 0.578648, 0.0, 0.0, 0.0, 1.0],
                [-1.0, -0.0, 0.0, -0.225292, 0.0, -0.0, 1.0, 2.385692, 0.0, 1.0, 0.0, 0.602333, 0.0, 0.0, 0.0, 1.0],
                [-1.0, -0.0, 0.0, -0.238436, 0.0, -0.0, 1.0, 2.577409, 0.0, 1.0, 0.0, 0.626018, 0.0, 0.0, 0.0, 1.0],
                [-1.0, -0.0, 0.0, -0.230977, 0.0, -0.0, 1.0, 2.968593, 0.0, 1.0, 0.0, 0.649703, 0.0, 0.0, 0.0, 1.0],
                [-1.0, -0.0, 0.0, -0.208309, 0.0, -0.0, 1.0, 3.415085, 0.0, 1.0, 0.0, 0.673388, 0.0, 0.0, 0.0, 1.0],
                [-1.0, -0.0, 0.0, -0.189823, 0.0, -0.0, 1.0, 3.774965, 0.0, 1.0, 0.0, 0.697073, 0.0, 0.0, 0.0, 1.0],
                [-1.0, -0.0, 0.0, -0.171323, 0.0, -0.0, 1.0, 4.145105, 0.0, 1.0, 0.0, 0.720758, 0.0, 0.0, 0.0, 1.0],
                [-1.0, -0.0, 0.0, -0.155806, 0.0, -0.0, 1.0, 4.483934, 0.0, 1.0, 0.0, 0.561062, 0.0, 0.0, 0.0, 1.0],
                [-1.0, -0.0, 0.0, -0.136325, 0.0, -0.0, 1.0, 4.961132, 0.0, 1.0, 0.0, 0.401366, 0.0, 0.0, 0.0, 1.0],
                [-1.0, -0.0, 0.0, -0.122288, 0.0, -0.0, 1.0, 5.220267, 0.0, 1.0, 0.0, 0.25876, 0.0, 0.0, 0.0, 1.0],
                [-1.0, -0.0, 0.0, -0.126231, 0.0, -0.0, 1.0, 5.320912, 0.0, 1.0, 0.0, 0.116155, 0.0, 0.0, 0.0, 1.0],
                [-1.0, -0.0, 0.0, -0.150266, 0.0, -0.0, 1.0, 5.402918, 0.0, 1.0, 0.0, 0.24904, 0.0, 0.0, 0.0, 1.0],
                [-1.0, -0.0, 0.0, -0.161284, 0.0, -0.0, 1.0, 5.430722, 0.0, 1.0, 0.0, 0.34963, 0.0, 0.0, 0.0, 1.0],
                [-1.0, -0.0, 0.0, -0.164147, 0.0, -0.0, 1.0, 5.455245, 0.0, 1.0, 0.0, 0.357855, 0.0, 0.0, 0.0, 1.0],
                [-1.0, -0.0, 0.0, -0.166019, 0.0, -0.0, 1.0, 5.480523, 0.0, 1.0, 0.0, 0.344549, 0.0, 0.0, 0.0, 1.0],
                [-1.0, -0.0, 0.0, -0.185607, 0.0, -0.0, 1.0, 5.584825, 0.0, 1.0, 0.0, 0.283106, 0.0, 0.0, 0.0, 1.0],
                [-1.0, -0.0, 0.0, -0.191643, 0.0, -0.0, 1.0, 5.548548, 0.0, 1.0, 0.0, 0.335488, 0.0, 0.0, 0.0, 1.0],
                [-1.0, -0.0, 0.0, -0.180481, 0.0, -0.0, 1.0, 5.479583, 0.0, 1.0, 0.0, 0.366981, 0.0, 0.0, 0.0, 1.0],
                [-1.0, -0.0, 0.0, -0.052153, 0.0, -0.0, 1.0, 5.670303, 0.0, 1.0, 0.0, 0.630251, 0.0, 0.0, 0.0, 1.0],
                [-1.0, -0.0, 0.0, -0.054529, 0.0, -0.0, 1.0, 5.683018, 0.0, 1.0, 0.0, 0.639249, 0.0, 0.0, 0.0, 1.0],
                [-1.0, -0.0, 0.0, -0.056905, 0.0, -0.0, 1.0, 5.695733, 0.0, 1.0, 0.0, 0.648247, 0.0, 0.0, 0.0, 1.0],
                [-1.0, -0.0, 0.0, -0.05928, 0.0, -0.0, 1.0, 5.708447, 0.0, 1.0, 0.0, 0.657245, 0.0, 0.0, 0.0, 1.0],
                [-1.0, -0.0, 0.0, -0.061656, 0.0, -0.0, 1.0, 5.721162, 0.0, 1.0, 0.0, 0.666242, 0.0, 0.0, 0.0, 1.0],
                [1.0, 0.000632, 1e-06, -0.061656, -2e-06, 0.003857, -0.999992, 5.733877, -0.000632, 0.999992, 0.003857, 0.666162, 0.0, 0.0, 0.0, 1.0]
            ]
        },
        {
            "name": "Thigh_R",
            "time": [0.0, 0.0417, 0.0833, 0.125, 0.1667, 0.2083, 0.25, 0.2917, 0.3333, 0.375, 0.4167, 0.4583, 0.5, 0.5417, 0.5833, 0.625, 0.6667, 0.7083, 0.75, 0.7917, 0.8333, 0.875, 0.9167, 0.9583, 1.0, 1.0417, 1.0833, 1.125, 1.1667, 1.2083, 1.25, 1.2917, 1.3333, 1.375, 1.4167, 1.4583, 1.5, 1.5417, 1.5833, 1.625, 1.6667, 1.7083, 1.75, 1.8333, 1.9583, 2.0417, 2.0833, 2.2083, 2.4583, 2.5, 2.5417, 2.5833, 2.625, 2.6667],
            "transform": [
                [0.287299, -0.935972, -0.203499, 0.056819, 0.656092, 0.037506, 0.753752, 0.09269, -0.697862, -0.350063, 0.624858, -0.127062, 0.0, 0.0, 0.0, 1.0],
                [0.19208, -0.963548, -0.186222, 0.061156, 0.729922, 0.013428, 0.683401, 0.097837, -0.655991, -0.267194, 0.705894, -0.12945, 0.0, 0.0, 0.0, 1.0],
                [0.201166, -0.958198, -0.203438, 0.065493, 0.741699, 0.013336, 0.670603, 0.102984, -0.63986, -0.285791, 0.713377, -0.131839, 0.0, 0.0, 0.0, 1.0],
                [0.109791, -0.92569, -0.361998, 0.06983, 0.842837, -0.106343, 0.527562, 0.10813, -0.526857, -0.363025, 0.768529, -0.134227, 0.0, 0.0, 0.0, 1.0],
                [-0.243299, -0.728416, -0.64048, 0.074167, 0.921271, -0.380111, 0.082338, 0.113277, -0.303431, -0.570021, 0.763549, -0.136615, 0.0, 0.0, 0.0, 1.0],
                [-0.174044, -0.330092, -0.927766, 0.078504, 0.928244, -0.369523, -0.042659, 0.118424, -0.328751, -0.868613, 0.370719, -0.139004, 0.0, 0.0, 0.0, 1.0],
                [-0.038238, -0.652316, -0.756982, 0.057904, 0.841082, -0.430043, 0.328097, 0.108072, -0.539559, -0.624135, 0.565095, -0.149005, 0.0, 0.0, 0.0, 1.0],
                [-0.113777, -0.877427, -0.46602, 0.037304, 0.685781, -0.408756, 0.602183, 0.097721, -0.718863, -0.251072, 0.64823, -0.159006, 0.0, 0.0, 0.0, 1.0],
                [-0.073, -0.973628, -0.216141, 0.016703, 0.410295, -0.226848, 0.883289, 0.087369, -0.909029, -0.024201, 0.416035, -0.169007, 0.0, 0.0, 0.0, 1.0],
                [-0.125118, -0.969804, -0.209342, -0.003897, 0.405941, -0.24257, 0.881121, 0.077018, -0.905297, 0.025263, 0.424033, -0.179008, 0.0, 0.0, 0.0, 1.0],
                [-0.30761, -0.948946, 0.069828, -0.021341, 0.083475, 0.046189, 0.99544, 0.054326, -0.947847, 0.312035, 0.065005, -0.165179, 0.0, 0.0, 0.0, 1.0],
                [-0.614287, -0.775369, 0.146477, -0.038786, 0.085987, 0.118748, 0.989195, 0.031634, -0.784387, 0.620241, -0.006274, -0.15135, 0.0, 0.0, 0.0, 1.0],
                [-0.882994, -0.469341, 0.006658, -0.054551, 0.019279, -0.022091, 0.999571, 0.030277, -0.468994, 0.882739, 0.028554, -0.136536, 0.0, 0.0, 0.0, 1.0],
                [-0.799992, -0.419894, -0.428608, -0.070317, -0.211378, -0.471312, 0.856263, 0.02892, -0.561549, 0.775598, 0.288289, -0.121722, 0.0, 0.0, 0.0, 1.0],
                [-0.584365, -0.283893, -0.760213, -0.086083, -0.247048, -0.830103, 0.499895, 0.027563, -0.772974, 0.479929, 0.414947, -0.106908, 0.0, 0.0, 0.0, 1.0],
                [-0.793203, -0.256461, -0.552323, -0.090057, 0.134011, -0.95827, 0.252502, 0.02902, -0.594033, 0.126268, 0.794471, -0.075465, 0.0, 0.0, 0.0, 1.0],
                [-0.790704, -0.278467, -0.545203, -0.094032, 0.300672, -0.952395, 0.050384, 0.030478, -0.533281, -0.124088, 0.836789, -0.044021, 0.0, 0.0, 0.0, 1.0],
                [-0.889713, -0.268364, -0.369318, -0.098006, 0.35557, -0.914738, -0.191896, 0.031936, -0.286332, -0.302049, 0.909275, -0.012578, 0.0, 0.0, 0.0, 1.0],
                [-0.965323, -0.188857, -0.180248, -0.10198, 0.260938, -0.719793, -0.64328, 0.033393, -0.008254, -0.668003, 0.744112, 0.018865, 0.0, 0.0, 0.0, 1.0],
                [-0.897657, -0.264388, -0.352584, -0.105954, 0.439375, -0.598919, -0.669512, 0.034851, -0.034159, -0.755905, 0.653789, 0.050307, 0.0, 0.0, 0.0, 1.0],
                [-0.823353, -0.336902, -0.456717, -0.109928, 0.562994, -0.586441, -0.582345, 0.036308, -0.071645, -0.736601, 0.672522, 0.08175, 0.0, 0.0, 0.0, 1.0],
                [-0.807359, -0.324051, -0.49312, -0.109111, 0.564603, -0.667095, -0.486012, 0.0348, -0.171466, -0.6708, 0.721545, 0.084516, 0.0, 0.0, 0.0, 1.0],
                [-0.83612, -0.358446, -0.415238, -0.108294, 0.517799, -0.765618, -0.381725, 0.033292, -0.181087, -0.534175, 0.825751, 0.08728, 0.0, 0.0, 0.0, 1.0],
                [-0.920121, -0.344941, -0.185471, -0.107477, 0.38627, -0.877458, -0.284363, 0.031784, -0.064655, -0.333288, 0.940607, 0.090046, 0.0, 0.0, 0.0, 1.0],
                [-0.956982, -0.290141, 0.003014, -0.10666, 0.279882, -0.925778, -0.254163, 0.030276, 0.076534, -0.242384, 0.967158, 0.09281, 0.0, 0.0, 0.0, 1.0],
                [-0.965606, -0.255647, 0.047477, -0.105843, 0.230284, -0.925591, -0.300413, 0.028768, 0.120745, -0.279146, 0.952628, 0.095575, 0.0, 0.0, 0.0, 1.0],
                [-0.966937, -0.253605, 0.02687, -0.105025, 0.229617, -0.911597, -0.340976, 0.02726, 0.110968, -0.323531, 0.939689, 0.09834, 0.0, 0.0, 0.0, 1.0],
                [-0.962681, -0.269781, -0.021642, -0.104208, 0.258627, -0.893403, -0.367344, 0.025752, 0.079768, -0.35923, 0.929834, 0.101105, 0.0, 0.0, 0.0, 1.0],
                [-0.959942, -0.273053, -0.06292, -0.103391, 0.274329, -0.870033, -0.409615, 0.024244, 0.057104, -0.410465, 0.910087, 0.10387, 0.0, 0.0, 0.0, 1.0],
                [-0.963341, -0.256853, -0.077501, -0.104557, 0.264308, -0.858975, -0.438522, 0.022443, 0.046064, -0.442928, 0.895374, 0.100739, 0.0, 0.0, 0.0, 1.0],
                [-0.965362, -0.246133, -0.086612, -0.105723, 0.257843, -0.848967, -0.461271, 0.020641, 0.040003, -0.467622, 0.883023, 0.097608, 0.0, 0.0, 0.0, 1.0],
                [-0.967248, -0.235401, -0.094981, -0.106888, 0.251659, -0.840313, -0.480146, 0.018839, 0.033213, -0.488321, 0.872032, 0.094477, 0.0, 0.0, 0.0, 1.0],
                [-0.967328, -0.233089, -0.099752, -0.108054, 0.251654, -0.834827, -0.489625, 0.017038, 0.03085, -0.498728, 0.866209, 0.091345, 0.0, 0.0, 0.0, 1.0],
                [-0.970991, -0.213368, -0.107968, -0.10922, 0.238397, -0.828395, -0.50688, 0.015236, 0.018711, -0.517912, 0.85523, 0.088214, 0.0, 0.0, 0.0, 1.0],
                [-0.972763, -0.199266, -0.118457, -0.110385, 0.231665, -0.817078, -0.527934, 0.013435, 0.00841, -0.540994, 0.840985, 0.085084, 0.0, 0.0, 0.0, 1.0],
                [-0.972319, -0.193554, -0.130915, -0.111551, 0.233667, -0.808615, -0.539944, 0.011633, -0.001351, -0.555585, 0.831458, 0.081952, 0.0, 0.0, 0.0, 1.0],
                [-0.97013, -0.192294, -0.147908, -0.112717, 0.242142, -0.804902, -0.541756, 0.009831, -0.014876, -0.561385, 0.827421, 0.078821, 0.0, 0.0, 0.0, 1.0],
                [-0.967384, -0.188613, -0.169114, -0.113882, 0.250962, -0.804538, -0.53827, 0.00803, -0.034534, -0.563152, 0.825632, 0.07569, 0.0, 0.0, 0.0, 1.0],
                [-0.962928, -0.182051, -0.19908, -0.115048, 0.261291, -0.812958, -0.520409, 0.006228, -0.067103, -0.553131, 0.830388, 0.072559, 0.0, 0.0, 0.0, 1.0],
                [-0.975043, -0.172659, -0.139591, -0.116214, 0.217657, -0.867457, -0.447372, 0.004427, -0.043847, -0.466588, 0.883388, 0.069428, 0.0, 0.0, 0.0, 1.0],
                [-0.985494, -0.157958, -0.062095, -0.11738, 0.168149, -0.958391, -0.230675, 0.010804, -0.023074, -0.237769, 0.971048, 0.06157, 0.0, 0.0, 0.0, 1.0],
                [-0.986283, -0.146734, -0.075639, -0.118547, 0.147458, -0.989059, -0.004047, 0.017181, -0.074218, -0.015145, 0.997128, 0.053713, 0.0, 0.0, 0.0, 1.0],
                [-0.989754, -0.10693, -0.094651, -0.119713, 0.091146, -0.983266, 0.157729, 0.023558, -0.109934, 0.147485, 0.982936, 0.045855, 0.0, 0.0, 0.0, 1.0],
                [-0.993887, -0.029311, -0.106472, -0.122047, -0.010977, -0.933137, 0.359349, 0.036312, -0.109886, 0.358319, 0.92711, 0.03014, 0.0, 0.0, 0.0, 1.0],
                [-0.998705, -0.013285, -0.049168, -0.125546, -0.003788, -0.943333, 0.331821, 0.055443, -0.05079, 0.331576, 0.942061, 0.006568, 0.0, 0.0, 0.0, 1.0],
                [-0.996631, -0.077505, 0.026924, -0.127879, 0.081202, -0.97874, 0.188341, 0.068197, 0.011754, 0.189892, 0.981735, -0.009147, 0.0, 0.0, 0.0, 1.0],
                [-0.981927, -0.188795, -0.013469, -0.124611, 0.188515, -0.981871, 0.019721, 0.067651, -0.016949, 0.016826, 0.999716, -0.012091, 0.0, 0.0, 0.0, 1.0],
                [-0.948081, -0.262153, -0.180064, -0.114805, 0.272565, -0.961489, -0.035289, 0.066013, -0.163879, -0.082535, 0.983022, -0.020926, 0.0, 0.0, 0.0, 1.0],
                [-0.812201, -0.346365, -0.469424, -0.095194, 0.307824, -0.937985, 0.159484, 0.062737, -0.495549, -0.014967, 0.868451, -0.038593, 0.0, 0.0, 0.0, 1.0],
                [-0.828862, -0.329118, -0.4524, -0.094852, 0.290447, -0.944288, 0.154813, 0.061644, -0.478145, -0.003079, 0.878275, -0.036609, 0.0, 0.0, 0.0, 1.0],
                [-0.844763, -0.31153, -0.435112, -0.09451, 0.272884, -0.950203, 0.150513, 0.060552, -0.460332, 0.008413, 0.887706, -0.034627, 0.0, 0.0, 0.0, 1.0],
                [-0.859886, -0.293626, -0.417584, -0.094167, 0.255162, -0.955725, 0.146587, 0.059459, -0.442135, 0.019497, 0.896736, -0.032644, 0.0, 0.0, 0.0, 1.0],
                [-0.874219, -0.275434, -0.399842, -0.093825, 0.237304, -0.960851, 0.143036, 0.058366, -0.423583, 0.030161, 0.905355, -0.03066, 0.0, 0.0, 0.0, 1.0],
                [0.860512, 0.267303, 0.433663, 0.096232, 0.232827, -0.963535, 0.131904, 0.058663, 0.453105, -0.012536, -0.891368, 0.031334, 0.0, 0.0, 0.0, 1.0]
            ]
        },
        {
            "name": "Leg_R",
            "time": [0.0, 0.0417, 0.0833, 0.125, 0.1667, 0.2083, 0.25, 0.2917, 0.3333, 0.375, 0.4167, 0.4583, 0.5, 0.5417, 0.5833, 0.625, 0.6667, 0.7083, 0.75, 0.7917, 0.8333, 0.875, 0.9167, 0.9583, 1.0, 1.0417, 1.0833, 1.125, 1.1667, 1.2083, 1.25, 1.2917, 1.3333, 1.375, 1.4167, 1.4583, 1.5, 1.5417, 1.5833, 1.625, 1.6667, 1.7083, 1.75, 1.8333, 1.9583, 2.0417, 2.0833, 2.2083, 2.4583, 2.5, 2.5417, 2.5833, 2.625, 2.6667],
            "transform": [
                [1.000004, -1e-06, 0.0, 0.0, -0.0, -0.090442, 0.995905, 0.37472, -1e-06, -0.995896, -0.090443, 0.0, 0.0, 0.0, 0.0, 1.0],
                [1.000004, -0.0, 0.0, 0.0, -0.0, -0.109578, 0.993981, 0.37472, -0.0, -0.993971, -0.109579, -0.0, 0.0, 0.0, 0.0, 1.0],
                [1.000004, -0.0, 0.0, -0.0, -0.0, -0.081676, 0.996661, 0.37472, -0.0, -0.996652, -0.081676, -0.0, 0.0, 0.0, 0.0, 1.0],
                [1.000004, -0.0, 0.0, 0.0, -0.0, 0.038224, 0.999272, 0.37472, -0.0, -0.999262, 0.038224, 0.0, 0.0, 0.0, 0.0, 1.0],
                [1.000004, 0.0, 1e-06, 0.0, -1e-06, 0.411879, 0.911239, 0.37472, -0.0, -0.911231, 0.411882, -0.0, 0.0, 0.0, 0.0, 1.0],
                [1.000004, 1e-06, 1e-06, -0.0, -1e-06, 0.981365, 0.192127, 0.37472, -1e-06, -0.192126, 0.981371, 0.0, 0.0, 0.0, 0.0, 1.0],
                [1.000004, 0.0, 1e-06, 0.0, -1e-06, 0.7539, 0.656986, 0.37472, -0.0, -0.656981, 0.753905, -0.0, 0.0, 0.0, 0.0, 1.0],
                [1.000004, 0.0, 0.0, -0.0, -1e-06, 0.258452, 0.966026, 0.37472, 0.0, -0.966017, 0.258454, -0.0, 0.0, 0.0, 0.0, 1.0],
                [1.000004, -1e-06, -0.0, -0.0, -0.0, -0.387685, 0.921792, 0.37472, -1e-06, -0.921785, -0.387688, -0.0, 0.0, 0.0, 0.0, 1.0],
                [1.000004, -1e-06, -0.0, -0.0, -0.0, -0.722592, 0.691271, 0.37472, -1e-06, -0.691267, -0.722597, -0.0, 0.0, 0.0, 0.0, 1.0],
                [1.000004, -1e-06, -1e-06, -0.0, -0.0, -0.763288, 0.646055, 0.37472, -1e-06, -0.64605, -0.763293, -0.0, 0.0, 0.0, 0.0, 1.0],
                [1.000004, -1e-06, -1e-06, 0.0, -0.0, -0.80765, 0.589657, 0.37472, -1e-06, -0.589653, -0.807655, -0.0, 0.0, 0.0, 0.0, 1.0],
                [1.000004, -1e-06, -0.0, -0.0, -1e-06, -0.718292, 0.695739, 0.37472, -1e-06, -0.695734, -0.718296, -0.0, 0.0, 0.0, 0.0, 1.0],
                [1.000004, -1e-06, 1e-06, 0.0, -1e-06, 0.215095, 0.976595, 0.37472, -1e-06, -0.976587, 0.215097, -0.0, 0.0, 0.0, 0.0, 1.0],
                [1.000004, 0.0, 1e-06, -0.0, -1e-06, 0.931041, 0.364904, 0.37472, -1e-06, -0.364902, 0.931046, 0.0, 0.0, 0.0, 0.0, 1.0],
                [1.000004, 0.0, 1e-06, -0.0, -1e-06, 0.904451, 0.426569, 0.37472, -1e-06, -0.426566, 0.904456, -0.0, 0.0, 0.0, 0.0, 1.0],
                [1.000004, 0.0, 1e-06, -0.0, -1e-06, 0.917443, 0.397857, 0.37472, -1e-06, -0.397855, 0.917448, 0.0, 0.0, 0.0, 0.0, 1.0],
                [1.000004, 0.0, 1e-06, -0.0, -1e-06, 0.888679, 0.458521, 0.37472, -1e-06, -0.458519, 0.888684, 0.0, 0.0, 0.0, 0.0, 1.0],
                [1.000004, 0.0, 1e-06, 0.0, -1e-06, 0.884327, 0.46686, 0.37472, -1e-06, -0.466858, 0.884332, -0.0, 0.0, 0.0, 0.0, 1.0],
                [1.000004, -0.0, 1e-06, 0.0, -1e-06, 0.705867, 0.708342, 0.37472, -1e-06, -0.708337, 0.705872, 0.0, 0.0, 0.0, 0.0, 1.0],
                [1.000004, -0.0, 1e-06, -0.0, -1e-06, 0.694732, 0.719266, 0.37472, -1e-06, -0.71926, 0.694737, 0.0, 0.0, 0.0, 0.0, 1.0],
                [1.000004, 0.0, 1e-06, 0.0, -1e-06, 0.809161, 0.587582, 0.37472, -1e-06, -0.587578, 0.809166, -0.0, 0.0, 0.0, 0.0, 1.0],
                [1.000004, 0.0, 1e-06, 0.0, -1e-06, 0.738849, 0.673867, 0.37472, -1e-06, -0.673863, 0.738854, -1e-06, 0.0, 0.0, 0.0, 1.0],
                [1.000004, -0.0, 1e-06, -0.0, -1e-06, 0.546644, 0.837364, 0.37472, -1e-06, -0.837357, 0.546649, 0.0, 0.0, 0.0, 0.0, 1.0],
                [1.000004, -0.0, 1e-06, -0.0, -1e-06, 0.383155, 0.923685, 0.37472, -1e-06, -0.923677, 0.383159, 0.0, 0.0, 0.0, 0.0, 1.0],
                [1.000004, -0.0, 1e-06, 0.0, -1e-06, 0.382379, 0.924007, 0.37472, -1e-06, -0.923999, 0.382382, 0.0, 0.0, 0.0, 0.0, 1.0],
                [1.000004, -0.0, 1e-06, -0.0, -1e-06, 0.392902, 0.919581, 0.37472, -1e-06, -0.919573, 0.392906, -1e-06, 0.0, 0.0, 0.0, 1.0],
                [1.000004, -0.0, 1e-06, -0.0, -1e-06, 0.411389, 0.911461, 0.37472, -1e-06, -0.911453, 0.411393, 0.0, 0.0, 0.0, 0.0, 1.0],
                [1.000004, -0.0, 1e-06, -0.0, -1e-06, 0.451251, 0.892398, 0.37472, -1e-06, -0.89239, 0.451254, 0.0, 0.0, 0.0, 0.0, 1.0],
                [1.000004, -0.0, 1e-06, 0.0, -1e-06, 0.478338, 0.878176, 0.37472, -1e-06, -0.878169, 0.478342, 0.0, 0.0, 0.0, 0.0, 1.0],
                [1.000004, -0.0, 1e-06, -0.0, -1e-06, 0.509822, 0.86028, 0.37472, -1e-06, -0.860273, 0.509826, 0.0, 0.0, 0.0, 0.0, 1.0],
                [1.000004, -0.0, 1e-06, 0.0, -1e-06, 0.546353, 0.837554, 0.374721, -1e-06, -0.837547, 0.546358, 1e-06, 0.0, 0.0, 0.0, 1.0],
                [1.000004, -0.0, 1e-06, -0.0, -1e-06, 0.573279, 0.819359, 0.37472, -1e-06, -0.819353, 0.573283, -0.0, 0.0, 0.0, 0.0, 1.0],
                [1.000004, -0.0, 1e-06, 0.0, -1e-06, 0.619041, 0.785357, 0.37472, -1e-06, -0.785352, 0.619045, -0.0, 0.0, 0.0, 0.0, 1.0],
                [1.000004, 0.0, 1e-06, -0.0, -1e-06, 0.672664, 0.739946, 0.37472, -1e-06, -0.73994, 0.672669, 0.0, 0.0, 0.0, 0.0, 1.0],
                [1.000004, -0.0, 1e-06, -0.0, -1e-06, 0.712434, 0.701736, 0.374719, -1e-06, -0.701731, 0.712439, -0.0, 0.0, 0.0, 0.0, 1.0],
                [1.000004, 0.0, 1e-06, -0.0, -1e-06, 0.736197, 0.676764, 0.37472, -1e-06, -0.676759, 0.736202, -0.0, 0.0, 0.0, 0.0, 1.0],
                [1.000004, -0.0, 1e-06, -0.0, -1e-06, 0.745103, 0.666945, 0.37472, -1e-06, -0.666941, 0.745108, -0.0, 0.0, 0.0, 0.0, 1.0],
                [1.000004, 0.0, 1e-06, 0.0, -1e-06, 0.747881, 0.663828, 0.374721, -1e-06, -0.663824, 0.747886, 0.0, 0.0, 0.0, 0.0, 1.0],
                [1.000004, -0.0, 1e-06, -0.0, -1e-06, 0.662833, 0.748765, 0.374721, -1e-06, -0.748759, 0.662838, -0.0, 0.0, 0.0, 0.0, 1.0],
                [1.000004, -0.0, 1e-06, 0.0, -1e-06, 0.416899, 0.908954, 0.37472, -1e-06, -0.908946, 0.416902, 1e-06, 0.0, 0.0, 0.0, 1.0],
                [1.000004, -0.0, 1e-06, -0.0, -1e-06, 0.217867, 0.97598, 0.37472, -1e-06, -0.975972, 0.217869, 0.0, 0.0, 0.0, 0.0, 1.0],
                [1.000004, -1e-06, 1e-06, -0.0, -1e-06, 0.145837, 0.989311, 0.37472, -1e-06, -0.989302, 0.145838, -0.0, 0.0, 0.0, 0.0, 1.0],
                [1.000004, -1e-06, 1e-06, 0.0, -1e-06, 0.080237, 0.996778, 0.37472, -1e-06, -0.996769, 0.080238, 0.0, 0.0, 0.0, 0.0, 1.0],
                [1.000004, -1e-06, 1e-06, 0.0, -1e-06, 0.127436, 0.991849, 0.37472, -1e-06, -0.99184, 0.127438, 1e-06, 0.0, 0.0, 0.0, 1.0],
                [1.000004, -1e-06, 1e-06, 0.0, -1e-06, 0.269352, 0.963043, 0.37472, -1e-06, -0.963035, 0.269354, 0.0, 0.0, 0.0, 0.0, 1.0],
                [1.000004, -0.0, 1e-06, 0.0, -1e-06, 0.516403, 0.856345, 0.37472, -1e-06, -0.856339, 0.516407, 0.0, 0.0, 0.0, 0.0, 1.0],
                [1.000004, 0.0, 1e-06, -0.0, -1e-06, 0.679563, 0.733615, 0.37472, -0.0, -0.73361, 0.679567, -0.0, 0.0, 0.0, 0.0, 1.0],
                [0.999997, 1e-06, 1e-06, 0.0, -1e-06, 0.852652, 0.522483, 0.37472, -1e-06, -0.522483, 0.852651, -0.0, 0.0, 0.0, 0.0, 1.0],
                [0.999997, 1e-06, 1e-06, -0.0, -1e-06, 0.866292, 0.499542, 0.37472, -1e-06, -0.499542, 0.866291, 1e-06, 0.0, 0.0, 0.0, 1.0],
                [0.999997, 1e-06, 1e-06, -0.0, -1e-06, 0.879292, 0.476286, 0.37472, -1e-06, -0.476287, 0.879291, 0.0, 0.0, 0.0, 0.0, 1.0],
                [0.999997, 1e-06, 1e-06, -0.0, -1e-06, 0.891643, 0.452744, 0.37472, -1e-06, -0.452745, 0.891641, 0.0, 0.0, 0.0, 0.0, 1.0],
                [0.999997, 1e-06, 1e-06, 0.0, -1e-06, 0.903335, 0.428942, 0.37472, -1e-06, -0.428942, 0.903333, 0.0, 0.0, 0.0, 0.0, 1.0],
                [0.999995, -0.001635, 0.001071, 0.0, 0.001069, 0.91608, 0.400996, 0.37472, -0.001637, -0.400993, 0.916082, -0.0, 0.0, 0.0, 0.0, 1.0]
            ]
        },
        {
            "name": "Knee_R",
            "time": [0.0, 2.4583, 2.5, 2.5417, 2.5833, 2.625, 2.6667],
            "transform": [
                [1.0, 0.0, -0.0, 0.0, -0.0, 1e-06, -1.0, 0.37472, -0.0, 1.0, 1e-06, 0.0, 0.0, 0.0, 0.0, 1.0],
                [1.0, 0.0, -0.0, 0.0, -0.0, 1e-06, -1.0, 0.37472, -0.0, 1.0, 1e-06, -0.0, 0.0, 0.0, 0.0, 1.0],
                [1.0, 0.0, -0.0, -0.0, -0.0, 1e-06, -1.0, 0.37472, -0.0, 1.0, 1e-06, 1e-06, 0.0, 0.0, 0.0, 1.0],
                [1.0, 0.0, -0.0, -0.0, -0.0, 1e-06, -1.0, 0.37472, -0.0, 1.0, 1e-06, 0.0, 0.0, 0.0, 0.0, 1.0],
                [1.0, 0.0, -0.0, -0.0, -0.0, 1e-06, -1.0, 0.37472, -0.0, 1.0, 1e-06, 0.0, 0.0, 0.0, 0.0, 1.0],
                [1.0, 0.0, -0.0, 0.0, -0.0, 1e-06, -1.0, 0.37472, -0.0, 1.0, 1e-06, 0.0, 0.0, 0.0, 0.0, 1.0],
                [1.0, 0.0, -0.0, 0.0, -0.0, 1e-06, -1.0, 0.37472, -0.0, 1.0, 1e-06, -0.0, 0.0, 0.0, 0.0, 1.0]
            ]
        },
        {
            "name": "Thigh_L",
            "time": [0.0, 0.0417, 0.0833, 0.125, 0.1667, 0.2083, 0.25, 0.2917, 0.3333, 0.375, 0.4167, 0.4583, 0.5, 0.5417, 0.5833, 0.625, 0.6667, 0.7083, 0.75, 0.7917, 0.8333, 0.875, 0.9167, 0.9583, 1.0, 1.0417, 1.0833, 1.125, 1.1667, 1.2083, 1.25, 1.2917, 1.3333, 1.375, 1.4167, 1.4583, 1.5, 1.5417, 1.5833, 1.625, 1.6667, 1.7083, 1.75, 1.8333, 1.9583, 2.0417, 2.0833, 2.2083, 2.25, 2.4583, 2.5, 2.5417, 2.5833, 2.625, 2.6667],
            "transform": [
                [-0.05928, 0.047336, -0.997119, 0.017401, -0.941409, -0.334871, 0.040071, 0.114935, -0.332007, 0.941078, 0.064413, 0.123374, 0.0, 0.0, 0.0, 1.0],
                [-0.02023, -0.097159, -0.995064, 0.021866, -0.938608, -0.340982, 0.052376, 0.105577, -0.344386, 0.935038, -0.084296, 0.133875, 0.0, 0.0, 0.0, 1.0],
                [0.023875, -0.155265, -0.987585, 0.026331, -0.926327, -0.374939, 0.036552, 0.09622, -0.375957, 0.913958, -0.152778, 0.144375, 0.0, 0.0, 0.0, 1.0],
                [0.02548, -0.186783, -0.982072, 0.030796, -0.916419, -0.396862, 0.051703, 0.086863, -0.399401, 0.898676, -0.181284, 0.154876, 0.0, 0.0, 0.0, 1.0],
                [-0.054509, -0.164725, -0.984833, 0.035261, -0.903259, -0.412274, 0.118951, 0.077506, -0.425613, 0.896048, -0.126316, 0.165377, 0.0, 0.0, 0.0, 1.0],
                [-0.238528, -0.129554, -0.962456, 0.039725, -0.75593, -0.59739, 0.267758, 0.068149, -0.609647, 0.791421, 0.04456, 0.175877, 0.0, 0.0, 0.0, 1.0],
                [-0.717669, -0.204731, -0.665609, 0.05562, -0.296658, -0.774863, 0.558198, 0.078075, -0.630032, 0.598062, 0.49536, 0.168992, 0.0, 0.0, 0.0, 1.0],
                [-0.893534, -0.139809, -0.42667, 0.071514, -0.049478, -0.913839, 0.403057, 0.088002, -0.446256, 0.381258, 0.809629, 0.162106, 0.0, 0.0, 0.0, 1.0],
                [-0.946702, -0.112376, -0.301866, 0.087409, 0.150042, -0.983137, -0.10457, 0.097929, -0.285023, -0.14429, 0.947599, 0.15522, 0.0, 0.0, 0.0, 1.0],
                [-0.971187, -0.130406, -0.199464, 0.103303, 0.212012, -0.855008, -0.473303, 0.107856, -0.108821, -0.501957, 0.85802, 0.148335, 0.0, 0.0, 0.0, 1.0],
                [-0.990004, -0.092625, -0.106339, 0.119197, 0.131105, -0.882297, -0.45207, 0.117782, -0.051949, -0.461495, 0.885621, 0.141449, 0.0, 0.0, 0.0, 1.0],
                [-0.967246, 0.155064, 0.200962, 0.122022, -0.186604, -0.971097, -0.148843, 0.113282, 0.172073, -0.181469, 0.968225, 0.122616, 0.0, 0.0, 0.0, 1.0],
                [-0.761702, 0.563311, 0.320142, 0.124847, -0.512617, -0.826128, 0.233963, 0.108782, 0.39627, 0.0141, 0.918026, 0.103782, 0.0, 0.0, 0.0, 1.0],
                [-0.806472, 0.539671, -0.241571, 0.127671, -0.489178, -0.379505, 0.78529, 0.104282, 0.332119, 0.751489, 0.570055, 0.084949, 0.0, 0.0, 0.0, 1.0],
                [-0.670241, -0.1476, -0.727317, 0.130496, -0.713891, 0.396045, 0.5775, 0.099782, 0.202811, 0.906294, -0.370816, 0.066116, 0.0, 0.0, 0.0, 1.0],
                [-0.893472, -0.00475, -0.44909, 0.133321, -0.334489, 0.674317, 0.658344, 0.095282, 0.2997, 0.738431, -0.604072, 0.047283, 0.0, 0.0, 0.0, 1.0],
                [-0.981561, 0.189592, 0.02428, 0.125043, 0.064937, 0.211299, 0.975263, 0.097065, 0.179771, 0.95886, -0.219715, 0.000527, 0.0, 0.0, 0.0, 1.0],
                [-0.979909, 0.159114, 0.120241, 0.116766, 0.07399, -0.269835, 0.96006, 0.098848, 0.185203, 0.949672, 0.252641, -0.046229, 0.0, 0.0, 0.0, 1.0],
                [-0.933672, 0.318988, 0.162786, 0.108488, 0.029834, -0.383692, 0.92298, 0.100631, 0.356878, 0.866621, 0.348726, -0.092985, 0.0, 0.0, 0.0, 1.0],
                [-0.895769, 0.278965, -0.346083, 0.10021, -0.259205, 0.304691, 0.916502, 0.102414, 0.361118, 0.910685, -0.200625, -0.139741, 0.0, 0.0, 0.0, 1.0],
                [-0.858953, 0.348023, -0.375603, 0.091933, -0.271155, 0.313089, 0.910193, 0.104197, 0.434363, 0.883663, -0.174561, -0.186497, 0.0, 0.0, 0.0, 1.0],
                [-0.875408, 0.46581, -0.129151, 0.082689, -0.202633, -0.111057, 0.972937, 0.11545, 0.438858, 0.877891, 0.191608, -0.180424, 0.0, 0.0, 0.0, 1.0],
                [-0.899574, 0.436229, -0.021633, 0.073446, -0.183264, -0.332037, 0.925293, 0.126703, 0.396455, 0.836338, 0.378637, -0.174352, 0.0, 0.0, 0.0, 1.0],
                [-0.88717, 0.454026, 0.082381, 0.064202, -0.152999, -0.457867, 0.875757, 0.137956, 0.435334, 0.764345, 0.475671, -0.168279, 0.0, 0.0, 0.0, 1.0],
                [-0.860788, 0.496478, 0.112033, 0.054958, -0.149419, -0.456933, 0.876863, 0.149209, 0.486532, 0.738056, 0.467505, -0.162206, 0.0, 0.0, 0.0, 1.0],
                [-0.840461, 0.529549, 0.114901, 0.045715, -0.154123, -0.436904, 0.886207, 0.160463, 0.519488, 0.727116, 0.448817, -0.156133, 0.0, 0.0, 0.0, 1.0],
                [-0.824676, 0.5556, 0.105899, 0.036471, -0.162333, -0.411861, 0.896672, 0.171716, 0.541804, 0.722277, 0.429844, -0.15006, 0.0, 0.0, 0.0, 1.0],
                [-0.815392, 0.570902, 0.095945, 0.035911, -0.17049, -0.395201, 0.902636, 0.172201, 0.553231, 0.719647, 0.419576, -0.149948, 0.0, 0.0, 0.0, 1.0],
                [-0.805766, 0.585642, 0.088114, 0.03535, -0.181267, -0.385522, 0.904719, 0.172687, 0.563808, 0.713022, 0.416798, -0.149835, 0.0, 0.0, 0.0, 1.0],
                [-0.798837, 0.596318, 0.079145, 0.034789, -0.191685, -0.377052, 0.90614, 0.173172, 0.570186, 0.708691, 0.415508, -0.149722, 0.0, 0.0, 0.0, 1.0],
                [-0.794385, 0.602926, 0.073706, 0.034228, -0.197269, -0.370852, 0.907499, 0.173657, 0.574486, 0.706367, 0.413538, -0.149609, 0.0, 0.0, 0.0, 1.0],
                [-0.791065, 0.607402, 0.07266, 0.033667, -0.200226, -0.369327, 0.907474, 0.174143, 0.578033, 0.703325, 0.41378, -0.149496, 0.0, 0.0, 0.0, 1.0],
                [-0.789576, 0.607821, 0.084393, 0.033107, -0.192217, -0.37558, 0.906639, 0.174628, 0.582767, 0.699642, 0.413382, -0.149383, 0.0, 0.0, 0.0, 1.0],
                [-0.786756, 0.611171, 0.086514, 0.032546, -0.19991, -0.384893, 0.901052, 0.175114, 0.583992, 0.691616, 0.424996, -0.14927, 0.0, 0.0, 0.0, 1.0],
                [-0.785387, 0.612405, 0.090147, 0.031985, -0.211725, -0.402622, 0.890545, 0.175599, 0.581666, 0.680339, 0.445876, -0.149157, 0.0, 0.0, 0.0, 1.0],
                [-0.785107, 0.61239, 0.092653, 0.031424, -0.222899, -0.418945, 0.880229, 0.176085, 0.577857, 0.670425, 0.465418, -0.149045, 0.0, 0.0, 0.0, 1.0],
                [-0.783502, 0.614635, 0.091362, 0.030864, -0.235656, -0.429955, 0.871554, 0.17657, 0.574966, 0.661337, 0.481713, -0.148932, 0.0, 0.0, 0.0, 1.0],
                [-0.778447, 0.622287, 0.082336, 0.030303, -0.251961, -0.429907, 0.867005, 0.177055, 0.574919, 0.654175, 0.491451, -0.148819, 0.0, 0.0, 0.0, 1.0],
                [-0.691083, 0.708722, 0.141837, 0.029742, -0.231719, -0.403134, 0.88532, 0.177541, 0.684621, 0.578966, 0.442824, -0.148706, 0.0, 0.0, 0.0, 1.0],
                [-0.629854, 0.748829, 0.206253, 0.029181, -0.170959, -0.392693, 0.903641, 0.178026, 0.757663, 0.533903, 0.375358, -0.148593, 0.0, 0.0, 0.0, 1.0],
                [-0.69423, 0.690712, 0.20239, 0.028621, -0.097451, -0.368809, 0.924383, 0.178512, 0.713122, 0.622014, 0.323349, -0.14848, 0.0, 0.0, 0.0, 1.0],
                [-0.718479, 0.662937, 0.210481, 0.039914, -0.022678, -0.324779, 0.945519, 0.16772, 0.695175, 0.674565, 0.24838, -0.134832, 0.0, 0.0, 0.0, 1.0],
                [-0.728461, 0.643989, 0.233713, 0.051207, -4.1e-05, -0.341186, 0.939997, 0.156928, 0.685083, 0.684745, 0.248567, -0.121184, 0.0, 0.0, 0.0, 1.0],
                [-0.777217, 0.584225, 0.233696, 0.073794, -0.039666, -0.416153, 0.90843, 0.135345, 0.627977, 0.696781, 0.346615, -0.093888, 0.0, 0.0, 0.0, 1.0],
                [-0.846006, 0.496823, 0.193488, 0.107675, -0.101564, -0.506428, 0.856282, 0.10297, 0.523405, 0.704772, 0.4789, -0.052944, 0.0, 0.0, 0.0, 1.0],
                [-0.89538, 0.414118, 0.163704, 0.130261, -0.120634, -0.579458, 0.806027, 0.081387, 0.428647, 0.701955, 0.568791, -0.025647, 0.0, 0.0, 0.0, 1.0],
                [-0.928367, 0.357599, 0.101265, 0.128245, -0.163171, -0.636969, 0.753424, 0.074437, 0.333924, 0.682934, 0.649691, -0.00917, 0.0, 0.0, 0.0, 1.0],
                [-0.939742, 0.341755, 0.009271, 0.122196, -0.234921, -0.665206, 0.708742, 0.053587, 0.248382, 0.663859, 0.705408, 0.040258, 0.0, 0.0, 0.0, 1.0],
                [-0.944676, 0.320707, 0.068838, 0.12018, -0.194197, -0.715959, 0.670589, 0.046637, 0.264348, 0.620119, 0.738628, 0.056734, 0.0, 0.0, 0.0, 1.0],
                [-0.975112, 0.190471, -0.113498, 0.12018, -0.220281, -0.890523, 0.39805, 0.046637, -0.025255, 0.413144, 0.910316, 0.056735, 0.0, 0.0, 0.0, 1.0],
                [-0.978, 0.1856, -0.095256, 0.121871, -0.207977, -0.903202, 0.37546, 0.046293, -0.01635, 0.38701, 0.92193, 0.054872, 0.0, 0.0, 0.0, 1.0],
                [-0.9806, 0.180207, -0.077171, 0.123562, -0.195907, -0.915105, 0.352422, 0.04595, -0.007111, 0.360702, 0.932654, 0.053009, 0.0, 0.0, 0.0, 1.0],
                [-0.982909, 0.174303, -0.05927, 0.125253, -0.18409, -0.926221, 0.328974, 0.045607, 0.002444, 0.334262, 0.942477, 0.051146, 0.0, 0.0, 0.0, 1.0],
                [-0.984929, 0.167905, -0.041578, 0.126944, -0.172539, -0.93654, 0.305158, 0.045264, 0.012298, 0.307732, 0.951394, 0.049283, 0.0, 0.0, 0.0, 1.0],
                [0.984786, -0.167668, 0.045695, -0.128273, -0.173724, -0.942938, 0.284054, 0.04514, -0.004539, -0.28767, -0.957719, -0.048975, 0.0, 0.0, 0.0, 1.0]
            ]
        },
        {
            "name": "Leg_L",
            "time": [0.0, 0.0417, 0.0833, 0.125, 0.1667, 0.2083, 0.25, 0.2917, 0.3333, 0.375, 0.4167, 0.4583, 0.5, 0.5417, 0.5833, 0.625, 0.6667, 0.7083, 0.75, 0.7917, 0.8333, 0.875, 0.9167, 0.9583, 1.0, 1.0417, 1.0833, 1.125, 1.1667, 1.2083, 1.25, 1.2917, 1.3333, 1.375, 1.4167, 1.4583, 1.5, 1.5417, 1.5833, 1.625, 1.6667, 1.7083, 1.75, 1.8333, 1.9583, 2.0417, 2.0833, 2.2083, 2.4583, 2.5, 2.5417, 2.5833, 2.625, 2.6667],
            "transform": [
                [0.999996, -1e-06, 1e-06, -0.0, 0.0, 0.736381, 0.67657, 0.37472, -1e-06, -0.676571, 0.73638, 0.0, 0.0, 0.0, 0.0, 1.0],
                [0.999997, -1e-06, 1e-06, -0.0, -1e-06, 0.614442, 0.788965, 0.37472, -2e-06, -0.788965, 0.614441, 0.0, 0.0, 0.0, 0.0, 1.0],
                [0.999996, -1e-06, 1e-06, 0.0, -1e-06, 0.507471, 0.861671, 0.37472, -2e-06, -0.861672, 0.507471, 0.0, 0.0, 0.0, 0.0, 1.0],
                [0.999997, -1e-06, 1e-06, -0.0, -1e-06, 0.282393, 0.9593, 0.37472, -2e-06, -0.959302, 0.282392, -0.0, 0.0, 0.0, 0.0, 1.0],
                [0.999997, -1e-06, 0.0, -0.0, -0.0, -0.078942, 0.996879, 0.37472, -1e-06, -0.996882, -0.078941, -0.0, 0.0, 0.0, 0.0, 1.0],
                [0.999996, -1e-06, 0.0, -0.0, -1e-06, -0.40777, 0.913086, 0.37472, -1e-06, -0.913088, -0.407769, -0.0, 0.0, 0.0, 0.0, 1.0],
                [0.999996, -1e-06, -0.0, -0.0, -1e-06, -0.560236, 0.828335, 0.37472, -1e-06, -0.828336, -0.560235, -0.0, 0.0, 0.0, 0.0, 1.0],
                [0.999997, -0.0, 0.0, 0.0, -0.0, -0.413001, 0.910731, 0.37472, -0.0, -0.910734, -0.413, -0.0, 0.0, 0.0, 0.0, 1.0],
                [0.999997, -0.0, 1e-06, -0.0, -1e-06, 0.653817, 0.756655, 0.37472, -1e-06, -0.756657, 0.653816, 0.0, 0.0, 0.0, 0.0, 1.0],
                [0.999997, 0.0, 1e-06, -0.0, -0.0, 1.000001, 0.000932, 0.37472, -1e-06, -0.000931, 1.000002, 0.0, 0.0, 0.0, 0.0, 1.0],
                [0.999996, 0.0, 1e-06, -0.0, -1e-06, 0.951425, 0.307885, 0.37472, -1e-06, -0.307884, 0.951426, 0.0, 0.0, 0.0, 0.0, 1.0],
                [0.999997, 0.0, 1e-06, -0.0, -1e-06, 0.415729, 0.90949, 0.37472, -0.0, -0.909492, 0.415728, 0.0, 0.0, 0.0, 0.0, 1.0],
                [0.999997, -0.0, 0.0, 0.0, -0.0, -0.182512, 0.983204, 0.37472, -0.0, -0.983207, -0.182512, 0.0, 0.0, 0.0, 0.0, 1.0],
                [0.999996, -1e-06, -0.0, 0.0, -0.0, -0.744678, 0.667426, 0.37472, -1e-06, -0.667427, -0.744678, 0.0, 0.0, 0.0, 0.0, 1.0],
                [0.999997, -2e-06, -0.0, -0.0, -1e-06, -0.74236, 0.670004, 0.37472, -2e-06, -0.670005, -0.742359, 0.0, 0.0, 0.0, 0.0, 1.0],
                [0.999996, -2e-06, 0.0, 0.0, -1e-06, -0.405239, 0.914212, 0.37472, -2e-06, -0.914214, -0.405238, 0.0, 0.0, 0.0, 0.0, 1.0],
                [0.999996, -1e-06, 2e-06, -0.0, -1e-06, 0.558986, 0.829179, 0.37472, -2e-06, -0.82918, 0.558985, -0.0, 0.0, 0.0, 0.0, 1.0],
                [0.999996, -0.0, 2e-06, -0.0, -1e-06, 0.872841, 0.488008, 0.37472, -2e-06, -0.488008, 0.872841, 0.0, 0.0, 0.0, 0.0, 1.0],
                [0.999997, -1e-06, 1e-06, -0.0, -0.0, 0.736453, 0.676491, 0.37472, -1e-06, -0.676492, 0.736453, 0.0, 0.0, 0.0, 0.0, 1.0],
                [0.999996, -1e-06, -0.0, -0.0, -0.0, -0.2651, 0.964222, 0.37472, -1e-06, -0.964225, -0.265099, 0.0, 0.0, 0.0, 0.0, 1.0],
                [0.999997, -1e-06, -0.0, -0.0, -0.0, -0.439783, 0.898105, 0.37472, -1e-06, -0.898108, -0.439781, -0.0, 0.0, 0.0, 0.0, 1.0],
                [0.999997, -2e-06, 0.0, 0.0, -1e-06, -0.256306, 0.966596, 0.37472, -2e-06, -0.966599, -0.256306, 0.0, 0.0, 0.0, 0.0, 1.0],
                [0.999997, -1e-06, 1e-06, -0.0, -1e-06, -0.04835, 0.99883, 0.37472, -1e-06, -0.998834, -0.04835, 0.0, 0.0, 0.0, 0.0, 1.0],
                [0.999997, -1e-06, 1e-06, -0.0, -0.0, 0.12003, 0.992771, 0.37472, -1e-06, -0.992774, 0.12003, -0.0, 0.0, 0.0, 0.0, 1.0],
                [0.999997, -1e-06, 1e-06, -0.0, -1e-06, 0.103224, 0.994658, 0.37472, -1e-06, -0.994662, 0.103224, 0.0, 0.0, 0.0, 0.0, 1.0],
                [0.999996, -1e-06, 1e-06, -0.0, -0.0, 0.052325, 0.99863, 0.37472, -1e-06, -0.998634, 0.052324, -0.0, 0.0, 0.0, 0.0, 1.0],
                [0.999997, -1e-06, 1e-06, 0.0, -1e-06, -0.020868, 0.999783, 0.37472, -1e-06, -0.999786, -0.020868, 0.0, 0.0, 0.0, 0.0, 1.0],
                [0.999997, -1e-06, 0.0, -0.0, -0.0, -0.083193, 0.996534, 0.37472, -1e-06, -0.996537, -0.083192, 0.0, 0.0, 0.0, 0.0, 1.0],
                [0.999996, -1e-06, 0.0, -0.0, -1e-06, -0.156789, 0.987632, 0.37472, -1e-06, -0.987636, -0.156789, 0.0, 0.0, 0.0, 0.0, 1.0],
                [0.999997, -1e-06, -0.0, -0.0, -0.0, -0.21264, 0.977131, 0.37472, -1e-06, -0.977134, -0.212639, -0.0, 0.0, 0.0, 0.0, 1.0],
                [0.999996, -1e-06, -0.0, 0.0, -0.0, -0.247212, 0.968962, 0.37472, -1e-06, -0.968965, -0.247211, -0.0, 0.0, 0.0, 0.0, 1.0],
                [0.999997, -2e-06, 0.0, 0.0, -1e-06, -0.274088, 0.961705, 0.37472, -2e-06, -0.961709, -0.274087, 0.0, 0.0, 0.0, 0.0, 1.0],
                [0.999996, -1e-06, -0.0, 1e-06, -0.0, -0.283703, 0.958913, 0.37472, -1e-06, -0.958916, -0.283702, 0.0, 0.0, 0.0, 0.0, 1.0],
                [0.999997, -1e-06, 0.0, -1e-06, -0.0, -0.279934, 0.96002, 0.37472, -1e-06, -0.960023, -0.279933, -0.0, 0.0, 0.0, 0.0, 1.0],
                [0.999997, -1e-06, 0.0, 1e-06, -0.0, -0.268014, 0.963416, 0.37472, -1e-06, -0.963419, -0.268013, 0.0, 0.0, 0.0, 0.0, 1.0],
                [0.999997, -1e-06, 0.0, -0.0, -0.0, -0.252391, 0.967626, 0.37472, -1e-06, -0.967629, -0.25239, -0.0, 0.0, 0.0, 0.0, 1.0],
                [0.999997, -1e-06, 0.0, -0.0, -0.0, -0.23366, 0.972319, 0.37472, -1e-06, -0.972322, -0.233659, 0.0, 0.0, 0.0, 0.0, 1.0],
                [0.999996, -1e-06, 0.0, 0.0, -0.0, -0.217228, 0.976121, 0.37472, -1e-06, -0.976124, -0.217228, -0.0, 0.0, 0.0, 0.0, 1.0],
                [0.999997, -1e-06, 0.0, 0.0, -0.0, -0.179384, 0.983779, 0.37472, -1e-06, -0.983783, -0.179383, 0.0, 0.0, 0.0, 0.0, 1.0],
                [0.999996, -1e-06, 0.0, 0.0, -0.0, -0.100645, 0.994922, 0.37472, -1e-06, -0.994926, -0.100645, 0.0, 0.0, 0.0, 0.0, 1.0],
                [0.999996, -1e-06, 0.0, -0.0, -0.0, 0.010507, 0.999945, 0.374721, -1e-06, -0.999948, 0.010507, 0.0, 0.0, 0.0, 0.0, 1.0],
                [0.999996, -1e-06, 1e-06, -0.0, -1e-06, 0.12128, 0.992618, 0.37472, -1e-06, -0.992622, 0.12128, -0.0, 0.0, 0.0, 0.0, 1.0],
                [0.999997, -1e-06, 1e-06, 0.0, -1e-06, 0.267555, 0.963543, 0.37472, -1e-06, -0.963546, 0.267554, 0.0, 0.0, 0.0, 0.0, 1.0],
                [0.999997, -1e-06, 1e-06, 0.0, -0.0, 0.490507, 0.871439, 0.37472, -1e-06, -0.871441, 0.490506, -0.0, 0.0, 0.0, 0.0, 1.0],
                [0.999997, -1e-06, 1e-06, -0.0, -1e-06, 0.59342, 0.804895, 0.374719, -2e-06, -0.804896, 0.593419, -0.0, 0.0, 0.0, 0.0, 1.0],
                [0.999997, -0.0, 2e-06, -0.0, -1e-06, 0.639951, 0.768418, 0.37472, -1e-06, -0.768419, 0.63995, -0.0, 0.0, 0.0, 0.0, 1.0],
                [0.999996, -1e-06, 2e-06, -0.0, -1e-06, 0.668698, 0.743537, 0.37472, -2e-06, -0.743538, 0.668697, 1e-06, 0.0, 0.0, 0.0, 1.0],
                [0.999996, -0.0, 2e-06, -0.0, -1e-06, 0.682971, 0.730448, 0.37472, -2e-06, -0.730449, 0.68297, -0.0, 0.0, 0.0, 0.0, 1.0],
                [1.0, -1e-06, 1e-06, 0.0, -0.0, 0.819378, 0.573253, 0.37472, -2e-06, -0.573252, 0.819379, 0.0, 0.0, 0.0, 0.0, 1.0],
                [1.0, -1e-06, 1e-06, -0.0, -0.0, 0.831159, 0.556033, 0.37472, -2e-06, -0.556032, 0.831161, -1e-06, 0.0, 0.0, 0.0, 1.0],
                [1.0, -1e-06, 1e-06, 0.0, -0.0, 0.842566, 0.538591, 0.37472, -2e-06, -0.53859, 0.842568, -0.0, 0.0, 0.0, 0.0, 1.0],
                [1.0, -1e-06, 1e-06, 0.0, -0.0, 0.853594, 0.520938, 0.37472, -2e-06, -0.520937, 0.853595, -0.0, 0.0, 0.0, 0.0, 1.0],
                [1.0, -1e-06, 1e-06, -0.0, -0.0, 0.864235, 0.503087, 0.37472, -2e-06, -0.503085, 0.864237, -0.0, 0.0, 0.0, 0.0, 1.0],
                [0.999999, -0.001678, 0.001003, 0.0, 0.001, 0.880032, 0.474912, 0.37472, -0.00168, -0.47491, 0.880033, -1e-06, 0.0, 0.0, 0.0, 1.0]
            ]
        },
