{
    "animation": [
        {
            "name": "Root",
            "time": [0.0, 0.0417, 0.0833, 0.125, 0.1667, 0.2083, 0.25, 0.2917, 0.3333, 0.375, 0.5, 0.5417, 0.5833, 0.625, 0.6667, 0.7083, 0.8333, 0.875, 1.0417, 1.0833, 1.25, 1.5417, 1.875],
            "transform": [
                [0.999995, 0.003028, 4e-06, 0.018903, -4e-06, 0.002471, -0.999997, 0.152563, -0.003028, 0.999992, 0.002471, 0.350619, 0.0, 0.0, 0.0, 1.0],
                [-1.0, -0.0, 0.0, -0.006211, 0.0, -0.0, 1.0, -0.141545, 0.0, 1.0, 0.0, 0.341408, 0.0, 0.0, 0.0, 1.0],
                [-1.0, -0.0, 0.0, -0.015275, 0.0, -0.0, 1.0, -0.474151, 0.0, 1.0, 0.0, 0.343781, 0.0, 0.0, 0.0, 1.0],
                [-1.0, -0.0, 0.0, -0.0268, 0.0, -0.0, 1.0, -0.953782, 0.0, 1.0, 0.0, 0.597688, 0.0, 0.0, 0.0, 1.0],
                [-1.0, -0.0, 0.0, -0.037496, 0.0, -0.0, 1.0, -1.243846, 0.0, 1.0, 0.0, 0.673622, 0.0, 0.0, 0.0, 1.0],
                [-1.0, -0.0, 0.0, -0.047895, 0.0, -0.0, 1.0, -1.561494, 0.0, 1.0, 0.0, 0.628536, 0.0, 0.0, 0.0, 1.0],
                [-1.0, -0.0, 0.0, -0.057556, 0.0, -0.0, 1.0, -1.779506, 0.0, 1.0, 0.0, 0.57633, 0.0, 0.0, 0.0, 1.0],
                [-1.0, -0.0, 0.0, -0.065423, 0.0, -0.0, 1.0, -2.08557, 0.0, 1.0, 0.0, 0.505141, 0.0, 0.0, 0.0, 1.0],
                [-1.0, -0.0, 0.0, -0.070462, 0.0, -0.0, 1.0, -2.342955, 0.0, 1.0, 0.0, 0.592355, 0.0, 0.0, 0.0, 1.0],
                [-1.0, -0.0, 0.0, -0.062871, 0.0, -0.0, 1.0, -2.634015, 0.0, 1.0, 0.0, 0.559615, 0.0, 0.0, 0.0, 1.0],
                [-1.0, -0.0, 0.0, -0.01961, 0.0, -0.0, 1.0, -3.149334, 0.0, 1.0, 0.0, 0.258895, 0.0, 0.0, 0.0, 1.0],
                [-1.0, -0.0, 0.0, -0.00519, 0.0, -0.0, 1.0, -3.296896, 0.0, 1.0, 0.0, 0.218172, 0.0, 0.0, 0.0, 1.0],
                [-1.0, -0.0, 0.0, -0.045662, 0.0, -0.0, 1.0, -3.348474, 0.0, 1.0, 0.0, 0.209093, 0.0, 0.0, 0.0, 1.0],
                [-1.0, -0.0, 0.0, -0.018081, 0.0, -0.0, 1.0, -3.39121, 0.0, 1.0, 0.0, 0.196988, 0.0, 0.0, 0.0, 1.0],
                [-1.0, -0.0, 0.0, -0.003924, 0.0, -0.0, 1.0, -3.421708, 0.0, 1.0, 0.0, 0.203041, 0.0, 0.0, 0.0, 1.0],
                [-1.0, -0.0, 0.0, 0.004163, 0.0, -0.0, 1.0, -3.439996, 0.0, 1.0, 0.0, 0.200014, 0.0, 0.0, 0.0, 1.0],
                [-1.0, -0.0, 0.0, 0.030698, 0.0, -0.0, 1.0, -3.455649, 0.0, 1.0, 0.0, 0.166725, 0.0, 0.0, 0.0, 1.0],
                [-1.0, -0.0, 0.0, 0.040418, 0.0, -0.0, 1.0, -3.465123, 0.0, 1.0, 0.0, 0.160672, 0.0, 0.0, 0.0, 1.0],
                [-1.0, -0.0, 0.0, 0.048869, 0.0, -0.0, 1.0, -3.482946, 0.0, 1.0, 0.0, 0.15702, 0.0, 0.0, 0.0, 1.0],
                [1.0, 0.000632, 1e-06, 0.048559, -2e-06, 0.003857, -0.999992, -3.479972, -0.000632, 0.999992, 0.003857, 0.157451, 0.0, 0.0, 0.0, 1.0],
                [1.0, 0.000632, 1e-06, 0.041804, -2e-06, 0.003857, -0.999992, -3.479972, -0.000632, 0.999992, 0.003857, 0.381613, 0.0, 0.0, 0.0, 1.0],
                [1.0, 0.000632, 1e-06, 0.041804, -2e-06, 0.003857, -0.999992, -3.479972, -0.000632, 0.999992, 0.003857, 0.580797, 0.0, 0.0, 0.0, 1.0],
                [1.0, 0.000632, 1e-06, 0.041804, -2e-06, 0.003857, -0.999992, -3.479972, -0.000632, 0.999992, 0.003857, 0.666162, 0.0, 0.0, 0.0, 1.0]
            ]
        },
        {
            "name": "Thigh_R",
            "time": [0.0, 0.0417, 0.0833, 0.125, 0.1667, 0.2083, 0.25, 0.2917, 0.3333, 0.375, 0.4167, 0.4583, 0.5, 0.5417, 0.5833, 0.625, 0.6667, 0.7083, 0.8333, 0.875, 0.9583, 1.0417, 1.0833, 1.25, 1.5417, 1.875],
            "transform": [
                [-0.067674, 0.929591, 0.362323, -0.171751, 0.368735, -0.314139, 0.874844, 0.050427, 0.927071, 0.192805, -0.321514, 0.141085, 0.0, 0.0, 0.0, 1.0],
                [-0.012011, -0.705783, -0.708325, -0.065878, 0.779943, -0.449902, 0.435065, 0.037343, -0.625741, -0.547224, 0.555874, -0.002856, 0.0, 0.0, 0.0, 1.0],
                [-0.000561, -0.947921, -0.318498, 0.039995, 0.709621, -0.224786, 0.667767, 0.02426, -0.704589, -0.225637, 0.67279, -0.146796, 0.0, 0.0, 0.0, 1.0],
                [0.125725, -0.961713, -0.243511, 0.027066, -0.082442, -0.254737, 0.96349, 0.022366, -0.988637, -0.101059, -0.111313, -0.152349, 0.0, 0.0, 0.0, 1.0],
                [0.158052, -0.75239, -0.639475, 0.014137, -0.539106, -0.608325, 0.5825, 0.020473, -0.82728, 0.252678, -0.501764, -0.157902, 0.0, 0.0, 0.0, 1.0],
                [0.008603, -0.564334, -0.825502, 0.001209, -0.567588, -0.682414, 0.460603, 0.01858, -0.823272, 0.464579, -0.32618, -0.163456, 0.0, 0.0, 0.0, 1.0],
                [-0.041372, -0.722338, -0.6903, 0.0104, -0.566864, -0.551964, 0.611558, 0.025383, -0.822776, 0.416605, -0.386632, -0.153073, 0.0, 0.0, 0.0, 1.0],
                [0.002647, -0.914162, -0.405337, 0.019591, -0.487955, -0.354987, 0.797424, 0.032187, -0.872869, 0.195674, -0.447009, -0.14269, 0.0, 0.0, 0.0, 1.0],
                [0.090131, -0.96305, -0.253789, 0.028783, -0.079864, -0.260994, 0.962032, 0.03899, -0.992727, -0.066439, -0.100437, -0.132307, 0.0, 0.0, 0.0, 1.0],
                [-0.072794, -0.871191, -0.485515, 0.037974, 0.498736, -0.453365, 0.738731, 0.045794, -0.863696, -0.188367, 0.467496, -0.121924, 0.0, 0.0, 0.0, 1.0],
                [0.054229, -0.770436, -0.635205, 0.045577, 0.714313, -0.414572, 0.563817, 0.060086, -0.697727, -0.484307, 0.527851, -0.122638, 0.0, 0.0, 0.0, 1.0],
                [0.095718, -0.855578, -0.508746, 0.05318, 0.831557, -0.212197, 0.513314, 0.074378, -0.547137, -0.472182, 0.691149, -0.123351, 0.0, 0.0, 0.0, 1.0],
                [0.083112, -0.899469, -0.429005, 0.060783, 0.831146, -0.174947, 0.52782, 0.088669, -0.549814, -0.400431, 0.73305, -0.124065, 0.0, 0.0, 0.0, 1.0],
                [0.13132, -0.883909, -0.44884, 0.068385, 0.787978, -0.181664, 0.588297, 0.102961, -0.601542, -0.430928, 0.672644, -0.124779, 0.0, 0.0, 0.0, 1.0],
                [0.166074, -0.864231, -0.474891, 0.072989, 0.755539, -0.197961, 0.624481, 0.097588, -0.633709, -0.462506, 0.620084, -0.12494, 0.0, 0.0, 0.0, 1.0],
                [0.174956, -0.909944, -0.376018, 0.077593, 0.724322, -0.139731, 0.675157, 0.092215, -0.6669, -0.390478, 0.634646, -0.1251, 0.0, 0.0, 0.0, 1.0],
                [0.228578, -0.92548, -0.302053, 0.082197, 0.692968, -0.063249, 0.718192, 0.086841, -0.683781, -0.373473, 0.62687, -0.125261, 0.0, 0.0, 0.0, 1.0],
                [0.269831, -0.925778, -0.264809, 0.0868, 0.67254, -0.01562, 0.739899, 0.081468, -0.689122, -0.37774, 0.618407, -0.125422, 0.0, 0.0, 0.0, 1.0],
                [0.285214, -0.928295, -0.238574, 0.081762, 0.663402, 0.011542, 0.748177, 0.09239, -0.691779, -0.371658, 0.619124, -0.130805, 0.0, 0.0, 0.0, 1.0],
                [0.287027, -0.930928, -0.225799, 0.078048, 0.660498, 0.021605, 0.75052, 0.094829, -0.693806, -0.364557, 0.621077, -0.130537, 0.0, 0.0, 0.0, 1.0],
                [0.287145, -0.932877, -0.21745, 0.070622, 0.658846, 0.027559, 0.751776, 0.099708, -0.695326, -0.359132, 0.622535, -0.130001, 0.0, 0.0, 0.0, 1.0],
                [0.287299, -0.935972, -0.203499, 0.056819, 0.656092, 0.037506, 0.753752, 0.09269, -0.697862, -0.350063, 0.624858, -0.127062, 0.0, 0.0, 0.0, 1.0],
                [-0.306985, 0.940466, 0.145911, -0.077123, 0.602483, 0.07336, 0.794751, 0.074663, 0.736728, 0.331888, -0.589135, 0.129756, 0.0, 0.0, 0.0, 1.0],
                [0.29804, 0.783421, 0.545369, -0.027593, 0.618828, -0.593588, 0.514495, 0.070091, 0.726786, 0.184152, -0.661716, 0.101635, 0.0, 0.0, 0.0, 1.0],
                [0.741287, 0.446186, 0.501408, 0.059084, 0.381316, -0.894745, 0.232452, 0.062091, 0.552345, 0.018882, -0.8334, 0.052425, 0.0, 0.0, 0.0, 1.0],
                [0.860512, 0.267303, 0.433663, 0.096232, 0.232827, -0.963535, 0.131904, 0.058663, 0.453105, -0.012536, -0.891368, 0.031334, 0.0, 0.0, 0.0, 1.0]
            ]
        },
        {
            "name": "Leg_R",
            "time": [0.0, 0.0417, 0.0833, 0.125, 0.1667, 0.2083, 0.25, 0.2917, 0.3333, 0.375, 0.4167, 0.4583, 0.5, 0.5417, 0.5833, 0.625, 0.6667, 0.7083, 0.8333, 0.875, 1.0417, 1.0833, 1.25, 1.5417, 1.875],
            "transform": [
                [1.000001, -0.001956, -4.7e-05, -0.0, -4.8e-05, -0.048252, 0.998837, 0.37472, -0.001956, -0.998829, -0.048252, -0.0, 0.0, 0.0, 0.0, 1.0],
                [1.000004, -1e-06, 1e-06, 0.0, -0.0, 0.492577, 0.870269, 0.37472, -1e-06, -0.870263, 0.492581, -0.0, 0.0, 0.0, 0.0, 1.0],
                [1.000003, -1e-06, 0.0, 0.0, -0.0, -0.204651, 0.978837, 0.37472, -1e-06, -0.978829, -0.204653, -0.0, 0.0, 0.0, 0.0, 1.0],
                [1.000004, -1e-06, 0.0, 0.0, -1e-06, -0.217172, 0.976136, 0.37472, -1e-06, -0.976127, -0.217174, 0.0, 0.0, 0.0, 0.0, 1.0],
                [1.000004, -1e-06, 1e-06, -0.0, -1e-06, 0.457541, 0.889189, 0.37472, -2e-06, -0.889182, 0.457544, 0.0, 0.0, 0.0, 0.0, 1.0],
                [1.000003, -1e-06, 2e-06, 0.0, -0.0, 0.775515, 0.631325, 0.37472, -2e-06, -0.631321, 0.77552, -0.0, 0.0, 0.0, 0.0, 1.0],
                [1.000004, -1e-06, 1e-06, -0.0, -1e-06, 0.355692, 0.934605, 0.37472, -1e-06, -0.934597, 0.355695, -0.0, 0.0, 0.0, 0.0, 1.0],
                [1.000004, -2e-06, 0.0, -0.0, -1e-06, -0.390901, 0.920434, 0.37472, -2e-06, -0.920426, -0.390904, 0.0, 0.0, 0.0, 0.0, 1.0],
                [1.000004, -1e-06, -1e-06, -0.0, -0.0, -0.752212, 0.658918, 0.37472, -1e-06, -0.658914, -0.752216, 0.0, 0.0, 0.0, 0.0, 1.0],
                [1.000004, -1e-06, 0.0, 0.0, -0.0, -0.250538, 0.968108, 0.37472, -1e-06, -0.9681, -0.25054, -0.0, 0.0, 0.0, 0.0, 1.0],
                [1.000004, -1e-06, 1e-06, -0.0, -0.0, 0.447046, 0.894512, 0.37472, -1e-06, -0.894505, 0.44705, 0.0, 0.0, 0.0, 0.0, 1.0],
                [1.000004, -1e-06, 1e-06, 0.0, -1e-06, 0.417969, 0.908462, 0.37472, -1e-06, -0.908455, 0.417972, -0.0, 0.0, 0.0, 0.0, 1.0],
                [1.000004, -1e-06, 1e-06, 0.0, -1e-06, 0.350823, 0.936443, 0.37472, -1e-06, -0.936435, 0.350826, -0.0, 0.0, 0.0, 0.0, 1.0],
                [1.000004, -1e-06, 1e-06, 0.0, -1e-06, 0.400561, 0.916271, 0.37472, -1e-06, -0.916263, 0.400565, -0.0, 0.0, 0.0, 0.0, 1.0],
                [1.000004, -1e-06, 1e-06, 0.0, -1e-06, 0.472933, 0.881099, 0.37472, -1e-06, -0.881091, 0.472937, 0.0, 0.0, 0.0, 0.0, 1.0],
                [1.000004, -1e-06, 1e-06, 0.0, -1e-06, 0.32587, 0.945416, 0.37472, -1e-06, -0.945408, 0.325872, -0.0, 0.0, 0.0, 0.0, 1.0],
                [1.000003, -1e-06, 1e-06, -0.0, -1e-06, 0.157435, 0.987532, 0.37472, -1e-06, -0.987523, 0.157436, -0.0, 0.0, 0.0, 0.0, 1.0],
                [1.000003, -1e-06, 1e-06, 0.0, -0.0, 0.069755, 0.997567, 0.37472, -1e-06, -0.997558, 0.069756, -0.0, 0.0, 0.0, 0.0, 1.0],
                [1.000003, -1e-06, 0.0, -0.0, -1e-06, 0.004926, 0.999991, 0.37472, -1e-06, -0.999982, 0.004926, 0.0, 0.0, 0.0, 0.0, 1.0],
                [1.000004, -1e-06, 1e-06, -0.0, -1e-06, -0.030002, 0.999553, 0.37472, -1e-06, -0.999543, -0.030003, 0.0, 0.0, 0.0, 0.0, 1.0],
                [1.000004, -1e-06, 0.0, 0.0, -0.0, -0.090442, 0.995905, 0.37472, -1e-06, -0.995896, -0.090443, -0.0, 0.0, 0.0, 0.0, 1.0],
                [0.999995, -0.001522, -0.001226, 0.0, 0.001068, -0.099372, 0.995053, 0.37472, -0.001636, -0.99505, -0.09937, 0.0, 0.0, 0.0, 0.0, 1.0],
                [0.999995, -0.001955, 1.1e-05, 0.0, 0.001069, 0.55143, 0.834223, 0.37472, -0.001636, -0.83422, 0.551432, 0.0, 0.0, 0.0, 0.0, 1.0],
                [0.999995, -0.00179, 0.000785, 0.0, 0.001069, 0.83685, 0.547434, 0.37472, -0.001637, -0.547431, 0.836852, 0.0, 0.0, 0.0, 0.0, 1.0],
                [0.999995, -0.001635, 0.001071, -0.0, 0.001069, 0.91608, 0.400996, 0.37472, -0.001637, -0.400993, 0.916082, 0.0, 0.0, 0.0, 0.0, 1.0]
            ]
        },
        {
            "name": "Knee_R",
            "time": [0.0, 1.0833, 1.5417, 1.875],
            "transform": [
                [1.0, 0.0, -0.0, -0.0, -0.0, 1e-06, -1.0, 0.37472, -0.0, 1.0, 1e-06, -0.0, 0.0, 0.0, 0.0, 1.0],
                [1.0, 0.0, -0.0, 0.0, -0.0, 1e-06, -1.0, 0.37472, -0.0, 1.0, 1e-06, 0.0, 0.0, 0.0, 0.0, 1.0],
                [1.0, 0.0, -0.0, 0.0, -0.0, 1e-06, -1.0, 0.37472, -0.0, 1.0, 1e-06, 0.0, 0.0, 0.0, 0.0, 1.0],
                [1.0, 0.0, -0.0, -0.0, -0.0, 1e-06, -1.0, 0.37472, -0.0, 1.0, 1e-06, 0.0, 0.0, 0.0, 0.0, 1.0]
            ]
        },
        {
            "name": "Thigh_L",
            "time": [0.0, 0.0417, 0.0833, 0.125, 0.1667, 0.2083, 0.25, 0.2917, 0.3333, 0.375, 0.4167, 0.4583, 0.5, 0.5417, 0.5833, 0.625, 0.6667, 0.7083, 0.8333, 0.875, 1.0417, 1.0833, 1.25, 1.5417, 1.875],
            "transform": [
                [0.256137, -0.037093, 0.965929, -0.00916, -0.458396, -0.884423, 0.087593, 0.046596, 0.851036, -0.465216, -0.243537, -0.120785, 0.0, 0.0, 0.0, 1.0],
                [-0.655812, 0.088833, -0.749678, 0.02617, -0.707569, -0.418496, 0.569391, 0.082178, -0.263154, 0.903868, 0.33731, 0.010836, 0.0, 0.0, 0.0, 1.0],
                [-0.428224, 0.006581, -0.903648, 0.061499, -0.833233, -0.389924, 0.392018, 0.11776, -0.349772, 0.920827, 0.172458, 0.142456, 0.0, 0.0, 0.0, 1.0],
                [-0.158307, -0.058984, -0.985627, 0.051531, -0.804272, -0.571361, 0.163371, 0.109057, -0.572781, 0.818581, 0.043011, 0.133439, 0.0, 0.0, 0.0, 1.0],
                [-0.323477, -0.383893, -0.864864, 0.041562, -0.722563, -0.489927, 0.487721, 0.100355, -0.610948, 0.782691, -0.118907, 0.124423, 0.0, 0.0, 0.0, 1.0],
                [-0.540463, -0.547004, -0.639287, 0.031594, -0.581156, -0.30673, 0.753773, 0.091652, -0.6084, 0.778917, -0.152118, 0.115406, 0.0, 0.0, 0.0, 1.0],
                [-0.499353, -0.723827, -0.476155, 0.034745, -0.551121, -0.158683, 0.819197, 0.076899, -0.668509, 0.671492, -0.319678, 0.112721, 0.0, 0.0, 0.0, 1.0],
                [-0.170642, -0.490888, -0.854349, 0.037897, -0.616077, -0.623527, 0.481314, 0.062145, -0.768975, 0.608481, -0.196025, 0.110037, 0.0, 0.0, 0.0, 1.0],
                [-0.247472, -0.182362, -0.951579, 0.041048, -0.589668, -0.750951, 0.297264, 0.047392, -0.768793, 0.634685, 0.078306, 0.107352, 0.0, 0.0, 0.0, 1.0],
                [-0.300576, -0.170687, -0.938361, 0.040239, -0.612464, -0.719654, 0.327089, 0.056656, -0.731119, 0.673032, 0.111771, 0.10684, 0.0, 0.0, 0.0, 1.0],
                [-0.344393, -0.23124, -0.909903, 0.039429, -0.737541, -0.533032, 0.414619, 0.065919, -0.580879, 0.813887, 0.013023, 0.106328, 0.0, 0.0, 0.0, 1.0],
                [-0.259027, -0.16324, -0.951976, 0.03862, -0.872401, -0.38344, 0.303126, 0.075183, -0.414504, 0.909029, -0.04309, 0.105816, 0.0, 0.0, 0.0, 1.0],
                [-0.085622, -0.161799, -0.983103, 0.039406, -0.886131, -0.438696, 0.149376, 0.086018, -0.455449, 0.883954, -0.105813, 0.1051, 0.0, 0.0, 0.0, 1.0],
                [-0.291075, -0.149153, -0.945002, 0.040192, -0.893172, -0.311571, 0.324288, 0.096854, -0.342801, 0.938448, -0.042529, 0.104385, 0.0, 0.0, 0.0, 1.0],
                [-0.380653, -0.129037, -0.915671, 0.040978, -0.876909, -0.263891, 0.401729, 0.107689, -0.293473, 0.955886, -0.012703, 0.10367, 0.0, 0.0, 0.0, 1.0],
                [-0.271659, -0.126361, -0.954062, 0.033264, -0.904928, -0.303882, 0.297918, 0.103484, -0.327565, 0.944296, -0.031795, 0.106766, 0.0, 0.0, 0.0, 1.0],
                [-0.117694, -0.113819, -0.986506, 0.02555, -0.920562, -0.360065, 0.15137, 0.099278, -0.372433, 0.925961, -0.0624, 0.109862, 0.0, 0.0, 0.0, 1.0],
                [-0.050737, -0.073831, -0.99598, 0.017836, -0.921468, -0.381102, 0.075192, 0.095073, -0.385118, 0.921584, -0.048696, 0.112958, 0.0, 0.0, 0.0, 1.0],
                [-0.037461, -0.034558, -0.998701, 0.019828, -0.927177, -0.371576, 0.047635, 0.109947, -0.372736, 0.927763, -0.018122, 0.117854, 0.0, 0.0, 0.0, 1.0],
                [-0.045275, -0.009788, -0.998927, 0.019343, -0.932955, -0.357063, 0.045783, 0.110945, -0.357125, 0.934033, 0.007034, 0.118958, 0.0, 0.0, 0.0, 1.0],
                [-0.05928, 0.047336, -0.997119, 0.017401, -0.941409, -0.334871, 0.040071, 0.114935, -0.332007, 0.941078, 0.064413, 0.123374, 0.0, 0.0, 0.0, 1.0],
                [0.086543, -0.025764, 0.995915, -0.020736, -0.934104, -0.349645, 0.072126, 0.112197, 0.34636, -0.936527, -0.054325, -0.11965, 0.0, 0.0, 0.0, 1.0],
                [0.761766, -0.317644, 0.564639, -0.059142, -0.635468, -0.535969, 0.555804, 0.088248, 0.126082, -0.782201, -0.610135, -0.094409, 0.0, 0.0, 0.0, 1.0],
                [0.949904, -0.247887, 0.190364, -0.107534, -0.305823, -0.862847, 0.402451, 0.058073, 0.064493, -0.440506, -0.89543, -0.062605, 0.0, 0.0, 0.0, 1.0],
                [0.984786, -0.167668, 0.045695, -0.128273, -0.173724, -0.942938, 0.284054, 0.04514, -0.004539, -0.28767, -0.957719, -0.048974, 0.0, 0.0, 0.0, 1.0]
            ]
        },
        {
            "name": "Leg_L",
            "time": [0.0, 0.0417, 0.0833, 0.125, 0.1667, 0.2083, 0.25, 0.2917, 0.3333, 0.375, 0.4167, 0.4583, 0.5, 0.5417, 0.5833, 0.625, 0.6667, 0.7083, 0.8333, 0.875, 1.0417, 1.0833, 1.5417, 1.875],
            "transform": [
                [0.999994, -0.001942, 0.000236, 0.0, 0.000235, 0.239152, 0.970982, 0.37472, -0.001942, -0.970984, 0.239152, -0.0, 0.0, 0.0, 0.0, 1.0],
                [0.999996, -1e-06, 1e-06, -0.0, 0.0, 0.675538, 0.737328, 0.37472, -2e-06, -0.737329, 0.675537, -0.0, 0.0, 0.0, 0.0, 1.0],
                [0.999996, -1e-06, 1e-06, -0.0, 0.0, 0.757939, 0.652329, 0.37472, -2e-06, -0.65233, 0.757938, 0.0, 0.0, 0.0, 0.0, 1.0],
                [0.999996, -1e-06, 1e-06, 0.0, -0.0, 0.842155, 0.539239, 0.37472, -2e-06, -0.53924, 0.842154, -0.0, 0.0, 0.0, 0.0, 1.0],
                [0.999996, -2e-06, 1e-06, 0.0, -0.0, 0.189088, 0.98196, 0.37472, -2e-06, -0.981965, 0.189087, -0.0, 0.0, 0.0, 0.0, 1.0],
                [0.999996, -1e-06, -1e-06, -0.0, 0.0, -0.627876, 0.778316, 0.37472, -1e-06, -0.778317, -0.627875, 0.0, 0.0, 0.0, 0.0, 1.0],
                [0.999996, -1e-06, -1e-06, 0.0, 0.0, -0.663452, 0.748221, 0.37472, -2e-06, -0.748223, -0.663451, -0.0, 0.0, 0.0, 0.0, 1.0],
                [0.999996, -2e-06, 0.0, -0.0, 0.0, 0.109156, 0.994025, 0.37472, -2e-06, -0.994029, 0.109156, -0.0, 0.0, 0.0, 0.0, 1.0],
                [0.999996, -1e-06, 1e-06, 0.0, -0.0, 0.551629, 0.834092, 0.37472, -2e-06, -0.834094, 0.551627, 0.0, 0.0, 0.0, 0.0, 1.0],
                [0.999996, -2e-06, 1e-06, 0.0, 0.0, 0.43429, 0.900774, 0.37472, -2e-06, -0.900778, 0.434288, 0.0, 0.0, 0.0, 0.0, 1.0],
                [0.999996, -1e-06, -0.0, -0.0, 0.0, 0.082424, 0.996597, 0.37472, -1e-06, -0.996602, 0.082423, 0.0, 0.0, 0.0, 0.0, 1.0],
                [0.999996, -1e-06, 0.0, -0.0, -0.0, -0.015353, 0.999882, 0.37472, -1e-06, -0.999887, -0.015353, -0.0, 0.0, 0.0, 0.0, 1.0],
                [0.999996, -1e-06, 0.0, -0.0, -0.0, 0.103677, 0.994611, 0.37472, -1e-06, -0.994616, 0.103676, -0.0, 0.0, 0.0, 0.0, 1.0],
                [0.999996, -1e-06, 0.0, -0.0, 0.0, 0.233579, 0.972338, 0.37472, -1e-06, -0.972342, 0.233578, -0.0, 0.0, 0.0, 0.0, 1.0],
                [0.999996, -2e-06, 0.0, 0.0, 0.0, 0.382858, 0.923808, 0.37472, -2e-06, -0.923812, 0.382856, 0.0, 0.0, 0.0, 0.0, 1.0],
                [0.999996, -1e-06, 0.0, -0.0, 0.0, 0.485406, 0.87429, 0.37472, -1e-06, -0.874293, 0.485404, -0.0, 0.0, 0.0, 0.0, 1.0],
                [0.999996, -1e-06, 0.0, -0.0, 0.0, 0.500763, 0.865586, 0.37472, -1e-06, -0.865588, 0.500762, -0.0, 0.0, 0.0, 0.0, 1.0],
                [0.999996, -1e-06, 1e-06, -0.0, 0.0, 0.547149, 0.837037, 0.37472, -1e-06, -0.83704, 0.547147, 0.0, 0.0, 0.0, 0.0, 1.0],
                [0.999996, -1e-06, 1e-06, -0.0, 0.0, 0.608651, 0.79344, 0.37472, -1e-06, -0.793442, 0.60865, -0.0, 0.0, 0.0, 0.0, 1.0],
                [0.999996, -1e-06, 1e-06, 0.0, 0.0, 0.650399, 0.759595, 0.37472, -1e-06, -0.759597, 0.650398, 0.0, 0.0, 0.0, 0.0, 1.0],
                [0.999996, -1e-06, 1e-06, -0.0, 0.0, 0.736381, 0.67657, 0.37472, -1e-06, -0.676571, 0.73638, -0.0, 0.0, 0.0, 0.0, 1.0],
                [0.999999, -0.001842, 0.000655, -0.0, 0.001, 0.769783, 0.638304, 0.37472, -0.00168, -0.638302, 0.769784, 0.0, 0.0, 0.0, 0.0, 1.0],
                [0.999999, -0.001719, 0.000931, 0.0, 0.001, 0.859175, 0.51168, 0.37472, -0.00168, -0.511678, 0.859175, -0.0, 0.0, 0.0, 0.0, 1.0],
                [0.999999, -0.001678, 0.001003, 0.0, 0.001, 0.880032, 0.474912, 0.37472, -0.00168, -0.47491, 0.880033, 0.0, 0.0, 0.0, 0.0, 1.0]
            ]
        },
        {
            "name": "Knee_L",
            "time": [0.0, 1.0833, 1.5417, 1.875],
            "transform": [
                [1.0, 0.0, -0.0, 0.0, -0.0, 1e-06, -1.0, 0.37472, -0.0, 1.0, 1e-06, -0.0, 0.0, 0.0, 0.0, 1.0],
                [1.0, 0.0, -0.0, -0.0, -0.0, 1e-06, -1.0, 0.37472, -0.0, 1.0, 1e-06, 0.0, 0.0, 0.0, 0.0, 1.0],
                [1.0, 0.0, -0.0, 0.0, -0.0, 1e-06, -1.0, 0.37472, -0.0, 1.0, 1e-06, -0.0, 0.0, 0.0, 0.0, 1.0],
                [1.0, 0.0, -0.0, 0.0, -0.0, 1e-06, -1.0, 0.37472, -0.0, 1.0, 1e-06, 0.0, 0.0, 0.0, 0.0, 1.0]
            ]
        },
        {
            "name": "Torso",
            "time": [0.0, 0.0417, 0.0833, 0.125, 0.1667, 0.2083, 0.25, 0.2917, 0.3333, 0.375, 0.4167, 0.4583, 0.5, 0.5417, 0.5833, 0.625, 0.6667, 0.7083, 0.8333, 0.875, 1.0417, 1.0833, 1.5417, 1.875],
            "transform": [
                [-0.609074, 0.694772, -0.382516, -0.0, 0.225801, 0.614237, 0.756124, 0.05, 0.760296, 0.374161, -0.530997, 0.0, 0.0, 0.0, 0.0, 1.0],
                [0.286617, 0.030457, 0.957562, 0.0, -0.12993, 0.991492, 0.007354, 0.05, -0.949196, -0.126523, 0.288136, 0.0, 0.0, 0.0, 0.0, 1.0],
                [-0.252958, 0.000197, 0.967478, 0.0, -0.153546, 0.987314, -0.040347, 0.05, -0.955217, -0.158758, -0.249719, -0.0, 0.0, 0.0, 0.0, 1.0],
                [-0.018347, 0.001699, 0.999831, 0.0, -0.276419, 0.96101, -0.006706, 0.05, -0.960864, -0.276493, -0.017162, 0.0, 0.0, 0.0, 0.0, 1.0],
                [0.062969, 0.1085, 0.992101, 0.0, -0.404096, 0.91171, -0.074061, 0.05, -0.912549, -0.396238, 0.101254, -0.0, 0.0, 0.0, 0.0, 1.0],
                [-0.162547, 0.167064, 0.972455, 0.0, -0.443748, 0.867889, -0.223274, 0.05, -0.881289, -0.467815, -0.066939, -0.0, 0.0, 0.0, 0.0, 1.0],
                [-0.37414, 0.169437, 0.911763, 0.0, -0.372385, 0.87297, -0.315036, 0.05, -0.849325, -0.457391, -0.263518, -0.0, 0.0, 0.0, 0.0, 1.0],
                [-0.151162, 0.145857, 0.97769, 0.0, -0.230649, 0.956546, -0.178365, 0.05, -0.961226, -0.252463, -0.110952, -0.0, 0.0, 0.0, 0.0, 1.0],
                [-0.18152, 0.18206, 0.966388, 0.0, 0.020647, 0.983198, -0.181351, 0.05, -0.983172, -0.012965, -0.18223, -0.0, 0.0, 0.0, 0.0, 1.0],
                [-0.211539, 0.201294, 0.956417, 0.0, 0.134626, 0.975231, -0.17548, 0.05, -0.968055, 0.091637, -0.233399, -0.0, 0.0, 0.0, 0.0, 1.0],
                [-0.118346, 0.178133, 0.976864, 0.0, 0.129531, 0.978137, -0.162674, 0.05, -0.98449, 0.107282, -0.138833, -0.0, 0.0, 0.0, 0.0, 1.0],
                [-0.027531, 0.150424, 0.988239, 0.0, 0.102687, 0.983804, -0.14689, 0.05, -0.994334, 0.097434, -0.042532, 0.0, 0.0, 0.0, 0.0, 1.0],
                [-0.032502, 0.151394, 0.98794, 0.0, 0.103604, 0.983643, -0.147328, 0.05, -0.994089, 0.097566, -0.047655, -0.0, 0.0, 0.0, 0.0, 1.0],
                [-0.089043, 0.158326, 0.983364, 0.0, 0.110654, 0.982742, -0.148208, 0.05, -0.989864, 0.095616, -0.105026, 0.0, 0.0, 0.0, 0.0, 1.0],
                [-0.114606, 0.132205, 0.984576, 0.0, 0.106532, 0.987022, -0.120134, 0.05, -0.987684, 0.09112, -0.127203, 0.0, 0.0, 0.0, 0.0, 1.0],
                [-0.103209, 0.066964, 0.992404, 0.0, 0.091678, 0.994121, -0.057546, 0.05, -0.990427, 0.085041, -0.108742, 0.0, 0.0, 0.0, 0.0, 1.0],
                [-0.093309, 0.013613, 0.995545, 0.0, 0.081784, 0.996628, -0.005963, 0.05, -0.992275, 0.080862, -0.094108, 0.0, 0.0, 0.0, 0.0, 1.0],
                [-0.094539, -0.006076, 0.995503, -0.0, 0.07958, 0.996731, 0.013641, 0.05, -0.992337, 0.080511, -0.093747, 0.0, 0.0, 0.0, 0.0, 1.0],
                [-0.097522, -0.004149, 0.995226, -0.0, 0.081252, 0.996616, 0.012117, 0.05, -0.991913, 0.082045, -0.096855, 0.0, 0.0, 0.0, 0.0, 1.0],
                [-0.100711, 0.004753, 0.994905, -0.0, 0.083376, 0.996508, 0.003679, 0.05, -0.991418, 0.083321, -0.100756, 0.0, 0.0, 0.0, 0.0, 1.0],
                [-0.111115, 0.020142, 0.993604, -0.0, 0.086284, 0.996211, -0.010546, 0.05, -0.990057, 0.084559, -0.112432, 0.0, 0.0, 0.0, 0.0, 1.0],
                [0.096025, -0.071325, -0.99282, -0.0, 0.077832, 0.99491, -0.063948, 0.05, 0.992334, -0.071132, 0.101088, -0.0, 0.0, 0.0, 0.0, 1.0],
                [0.859259, 0.041918, -0.509825, 0.0, 0.041955, 0.987501, 0.151903, 0.05, 0.509824, -0.151913, 0.84676, -0.0, 0.0, 0.0, 0.0, 1.0],
                [0.957742, 0.055086, -0.282314, 0.0, 0.001026, 0.980826, 0.194864, 0.05, 0.287638, -0.186918, 0.939322, -0.0, 0.0, 0.0, 0.0, 1.0]
            ]
        },
        {
            "name": "Chest",
            "time": [0.0, 0.0417, 0.0833, 0.125, 0.1667, 0.2083, 0.25, 0.2917, 0.3333, 0.375, 0.4167, 0.4583, 0.5, 0.5417, 0.5833, 0.625, 0.6667, 0.7083, 0.8333, 0.875, 1.0417, 1.0833, 1.5417, 1.875],
            "transform": [
                [0.912411, 0.072246, 0.402854, -0.0, 0.084226, 0.930083, -0.357556, 0.3, -0.400522, 0.360167, 0.842533, -0.0, 0.0, 0.0, 0.0, 1.0],
                [0.998674, -0.00491, -0.051273, -0.0, 0.017338, 0.9694, 0.244866, 0.3, 0.048502, -0.24543, 0.9682, -0.0, 0.0, 0.0, 0.0, 1.0],
                [0.995554, 0.012124, -0.093431, -0.0, 0.016301, 0.954562, 0.297559, 0.3, 0.092793, -0.297758, 0.95012, 0.0, 0.0, 0.0, 0.0, 1.0],
                [0.997796, -0.03751, 0.054763, -0.0, 0.025324, 0.977736, 0.208296, 0.3, -0.061357, -0.20645, 0.976531, 0.0, 0.0, 0.0, 0.0, 1.0],
                [0.984742, -0.09136, 0.148124, 0.0, 0.051995, 0.966698, 0.250576, 0.3, -0.166084, -0.23905, 0.956698, 0.0, 0.0, 0.0, 0.0, 1.0],
                [0.994665, -0.092682, -0.045323, -0.0, 0.102113, 0.947118, 0.304197, 0.3, 0.014733, -0.307201, 0.95153, 0.0, 0.0, 0.0, 0.0, 1.0],
                [0.974986, -0.076635, -0.208647, -0.0, 0.143103, 0.934685, 0.325394, 0.3, 0.170084, -0.347111, 0.922271, 0.0, 0.0, 0.0, 0.0, 1.0],
                [0.940438, -0.330716, 0.078777, 0.0, 0.290563, 0.902186, 0.318792, 0.3, -0.176502, -0.276914, 0.944545, -0.0, 0.0, 0.0, 0.0, 1.0],
                [0.913851, -0.39634, 0.088284, -0.0, 0.334925, 0.858658, 0.387979, 0.3, -0.229578, -0.324984, 0.91743, 0.0, 0.0, 0.0, 0.0, 1.0],
                [0.946878, -0.306757, 0.096565, -0.0, 0.245844, 0.884008, 0.3976, 0.3, -0.207332, -0.352737, 0.912463, -0.0, 0.0, 0.0, 0.0, 1.0],
                [0.95457, -0.189106, 0.230301, 0.0, 0.102692, 0.934253, 0.341498, 0.3, -0.27974, -0.302333, 0.91123, 0.0, 0.0, 0.0, 0.0, 1.0],
                [0.937307, -0.076008, 0.34012, -0.0, -0.028779, 0.955712, 0.292886, 0.3, -0.34732, -0.284311, 0.893608, -0.0, 0.0, 0.0, 0.0, 1.0],
                [0.97003, -0.100217, 0.221362, 0.0, 0.019626, 0.940323, 0.33971, 0.3, -0.242197, -0.325184, 0.914109, -0.0, 0.0, 0.0, 0.0, 1.0],
                [0.977154, -0.190727, -0.093787, -0.0, 0.212259, 0.898378, 0.384525, 0.3, 0.010917, -0.395645, 0.918338, 0.0, 0.0, 0.0, 0.0, 1.0],
                [0.965583, -0.172388, -0.194772, 0.0, 0.235458, 0.897482, 0.372936, 0.3, 0.110515, -0.405959, 0.907184, 0.0, 0.0, 0.0, 0.0, 1.0],
                [0.962517, -0.12941, -0.238365, -0.0, 0.20596, 0.92056, 0.331882, 0.3, 0.176482, -0.368534, 0.912708, 0.0, 0.0, 0.0, 0.0, 1.0],
                [0.957374, -0.082002, -0.276974, 0.0, 0.167748, 0.938435, 0.301989, 0.3, 0.23516, -0.335577, 0.912188, -0.0, 0.0, 0.0, 0.0, 1.0],
                [0.943738, -0.060289, -0.325157, -0.0, 0.160414, 0.943273, 0.290687, 0.3, 0.289188, -0.326491, 0.899874, -0.0, 0.0, 0.0, 0.0, 1.0],
                [0.925717, -0.038669, -0.376239, -0.0, 0.158574, 0.942786, 0.293264, 0.3, 0.343375, -0.33114, 0.878885, -0.0, 0.0, 0.0, 0.0, 1.0],
                [0.911078, -0.034337, -0.410806, 0.0, 0.169202, 0.939862, 0.296692, 0.3, 0.375915, -0.339817, 0.862097, -0.0, 0.0, 0.0, 0.0, 1.0],
                [0.879354, -0.017824, -0.475838, 0.0, 0.182737, 0.935414, 0.302659, 0.3, 0.439713, -0.353097, 0.825817, 0.0, 0.0, 0.0, 0.0, 1.0],
                [0.878562, -0.007154, -0.477579, 0.0, 0.196513, 0.916751, 0.347774, 0.3, 0.435335, -0.39939, 0.806828, -0.0, 0.0, 0.0, 0.0, 1.0],
                [0.996072, -0.008733, -0.088141, -0.0, 0.002356, 0.997385, -0.072198, 0.3, 0.088542, 0.071706, 0.993488, -0.0, 0.0, 0.0, 0.0, 1.0],
                [0.999264, 0.027102, 0.027225, 0.0, -0.021231, 0.980255, -0.196581, 0.3, -0.032015, 0.195857, 0.980109, -0.0, 0.0, 0.0, 0.0, 1.0]
            ]
        },
        {
            "name": "Head",
            "time": [0.0, 0.0417, 0.0833, 0.125, 0.1667, 0.2083, 0.25, 0.2917, 0.3333, 0.375, 0.4167, 0.4583, 0.5, 0.5417, 0.5833, 0.625, 0.6667, 0.7083, 0.8333, 0.875, 1.0417, 1.0833, 1.5417, 1.875],
            "transform": [
                [0.525038, -0.343324, 0.778758, -0.0, 0.361476, 0.918343, 0.161162, 0.4, -0.770506, 0.196884, 0.606269, 0.0, 0.0, 0.0, 0.0, 1.0],
                [0.475848, -0.520509, 0.708971, 0.0, 0.070663, 0.826093, 0.559079, 0.4, -0.876688, -0.215936, 0.429878, -0.0, 0.0, 0.0, 0.0, 1.0],
                [0.311149, -0.609099, 0.729509, -0.0, 0.036233, 0.77465, 0.631347, 0.4, -0.949674, -0.170008, 0.263103, 0.0, 0.0, 0.0, 0.0, 1.0],
                [0.432687, -0.651121, 0.623556, -0.0, 0.021129, 0.698778, 0.715024, 0.4, -0.9013, -0.296202, 0.316112, -0.0, 0.0, 0.0, 0.0, 1.0],
                [0.589877, -0.637059, 0.496184, -0.0, -0.054915, 0.581395, 0.811767, 0.4, -0.805627, -0.506083, 0.307971, -0.0, 0.0, 0.0, 0.0, 1.0],
                [0.654186, -0.656352, 0.375819, -0.0, -0.016442, 0.484428, 0.874679, 0.4, -0.756159, -0.578372, 0.306118, -0.0, 0.0, 0.0, 0.0, 1.0],
                [0.622858, -0.696565, 0.356146, -0.0, 0.047019, 0.487735, 0.871728, 0.4, -0.780924, -0.526207, 0.336545, 0.0, 0.0, 0.0, 0.0, 1.0],
                [0.52464, -0.424562, 0.737904, -0.0, -0.099703, 0.830157, 0.548536, 0.4, -0.845469, -0.361352, 0.393206, 0.0, 0.0, 0.0, 0.0, 1.0],
                [0.447052, -0.208343, 0.869908, 0.0, -0.082287, 0.958792, 0.27192, 0.4, -0.890719, -0.193143, 0.411486, 0.0, 0.0, 0.0, 0.0, 1.0],
                [0.43605, -0.236024, 0.86842, -0.0, -0.102492, 0.945686, 0.308489, 0.4, -0.894071, -0.223521, 0.388177, -0.0, 0.0, 0.0, 0.0, 1.0],
                [0.446993, -0.339682, 0.827536, 0.0, -0.198061, 0.864551, 0.461863, 0.4, -0.872339, -0.370349, 0.319171, 0.0, 0.0, 0.0, 0.0, 1.0],
                [0.482857, -0.417739, 0.76964, -0.0, -0.260285, 0.770694, 0.581616, 0.4, -0.836127, -0.481158, 0.263405, 0.0, 0.0, 0.0, 0.0, 1.0],
                [0.36512, -0.42057, 0.830548, 0.0, -0.139534, 0.857334, 0.495481, 0.4, -0.920449, -0.296797, 0.254346, 0.0, 0.0, 0.0, 0.0, 1.0],
                [0.136695, -0.36111, 0.922449, -0.0, 0.102767, 0.931331, 0.349362, 0.4, -0.985272, 0.047041, 0.164419, 0.0, 0.0, 0.0, 0.0, 1.0],
                [0.206769, -0.493903, 0.844574, -0.0, 0.02907, 0.865943, 0.49929, 0.4, -0.977962, -0.078685, 0.193409, 0.0, 0.0, 0.0, 0.0, 1.0],
                [0.252276, -0.508171, 0.82348, 0.0, 0.007977, 0.852062, 0.523373, 0.4, -0.967626, -0.125464, 0.21901, 0.0, 0.0, 0.0, 0.0, 1.0],
                [0.218569, -0.615203, 0.757463, 0.0, 0.116753, 0.787135, 0.605625, 0.4, -0.968816, -0.043934, 0.243871, -0.0, 0.0, 0.0, 0.0, 1.0],
                [0.18992, -0.630589, 0.75252, 0.0, 0.180811, 0.775817, 0.60449, 0.4, -0.965011, 0.021259, 0.261362, -0.0, 0.0, 0.0, 0.0, 1.0],
                [0.223452, -0.605741, 0.763639, -0.0, 0.182768, 0.795584, 0.577612, 0.4, -0.95743, 0.0105, 0.288486, 0.0, 0.0, 0.0, 0.0, 1.0],
                [0.259752, -0.578897, 0.77292, 0.0, 0.157528, 0.815067, 0.557534, 0.4, -0.952744, -0.023064, 0.302909, 0.0, 0.0, 0.0, 0.0, 1.0],
                [0.319974, -0.526212, 0.787857, -0.0, 0.105879, 0.84622, 0.522201, 0.4, -0.941496, -0.083672, 0.326484, -0.0, 0.0, 0.0, 0.0, 1.0],
                [0.332339, -0.508543, 0.794315, 0.0, 0.123594, 0.8584, 0.497866, 0.4, -0.935026, -0.067288, 0.348135, 0.0, 0.0, 0.0, 0.0, 1.0],
                [0.890866, -0.120224, 0.438069, -0.0, 0.064399, 0.988025, 0.140193, 0.4, -0.449678, -0.096682, 0.887945, 0.0, 0.0, 0.0, 0.0, 1.0],
                [0.963514, -0.036264, 0.265191, 0.0, 0.015223, 0.996597, 0.080975, 0.4, -0.267225, -0.073983, 0.960792, -0.0, 0.0, 0.0, 0.0, 1.0]
            ]
        },
        {
            "name": "Shoulder_R",
            "time": [0.0, 0.0417, 0.0833, 0.125, 0.1667, 0.2083, 0.25, 0.2917, 0.5, 0.5417, 0.5833, 0.625, 0.6667, 0.7083, 0.8333, 0.875, 1.0417, 1.0833, 1.5417, 1.875],
            "transform": [
                [-0.56495, 0.795657, 0.21855, -0.0, 0.340316, -0.016594, 0.940169, 0.4, 0.751651, 0.605538, -0.261404, 0.0, 0.0, 0.0, 0.0, 1.0],
                [0.447438, 0.89282, 0.051792, 0.0, -0.135544, 0.010461, 0.990725, 0.4, 0.88396, -0.450318, 0.1257, -0.0, 0.0, 0.0, 0.0, 1.0],
                [0.431931, 0.843397, 0.319574, -0.0, -0.295344, -0.202523, 0.933685, 0.4, 0.852156, -0.497682, 0.161619, 0.0, 0.0, 0.0, 0.0, 1.0],
                [0.926882, 0.367403, 0.076655, -0.0, 0.024777, -0.263704, 0.964293, 0.4, 0.374485, -0.891906, -0.25353, -0.0, 0.0, 0.0, 0.0, 1.0],
                [0.93435, 0.281099, -0.218965, -0.0, 0.181352, 0.153798, 0.971324, 0.4, 0.306704, -0.947285, 0.092725, -0.0, 0.0, 0.0, 0.0, 1.0],
                [0.85954, 0.319301, -0.399019, -0.0, 0.323945, 0.263445, 0.90866, 0.4, 0.395242, -0.910311, 0.123007, -0.0, 0.0, 0.0, 0.0, 1.0],
                [0.780355, 0.234936, -0.579513, -0.0, 0.46167, 0.408606, 0.787339, 0.4, 0.421754, -0.881971, 0.210396, 0.0, 0.0, 0.0, 0.0, 1.0],
                [0.665892, 0.312557, -0.677412, -0.0, 0.744219, -0.341506, 0.57402, 0.4, -0.051925, -0.886401, -0.460019, 0.0, 0.0, 0.0, 0.0, 1.0],
                [-0.407796, 0.627884, -0.662925, 0.0, 0.883702, 0.088778, -0.459537, 0.4, -0.229677, -0.773236, -0.59107, 0.0, 0.0, 0.0, 0.0, 1.0],
                [-0.455307, 0.641076, -0.617836, -0.0, 0.868952, 0.168851, -0.465185, 0.4, -0.193892, -0.748683, -0.633949, 0.0, 0.0, 0.0, 0.0, 1.0],
                [-0.469868, 0.731298, -0.494402, -0.0, 0.849231, 0.221692, -0.479208, 0.4, -0.240832, -0.64504, -0.725214, 0.0, 0.0, 0.0, 0.0, 1.0],
                [-0.441916, 0.82752, -0.346312, 0.0, 0.822859, 0.220233, -0.523816, 0.4, -0.357188, -0.516461, -0.778261, 0.0, 0.0, 0.0, 0.0, 1.0],
                [-0.417304, 0.87732, -0.237029, 0.0, 0.804597, 0.235449, -0.545135, 0.4, -0.422437, -0.41821, -0.804145, -0.0, 0.0, 0.0, 0.0, 1.0],
                [-0.406924, 0.891899, -0.197347, 0.0, 0.797951, 0.241935, -0.552019, 0.4, -0.444587, -0.382113, -0.810143, -0.0, 0.0, 0.0, 0.0, 1.0],
                [-0.404926, 0.893405, -0.194628, -0.0, 0.794578, 0.238518, -0.558336, 0.4, -0.452384, -0.380742, -0.806464, 0.0, 0.0, 0.0, 0.0, 1.0],
                [-0.406675, 0.890115, -0.205736, 0.0, 0.793819, 0.232847, -0.561797, 0.4, -0.452145, -0.391796, -0.801286, 0.0, 0.0, 0.0, 0.0, 1.0],
                [-0.405755, 0.885711, -0.225603, -0.0, 0.793863, 0.219226, -0.56719, 0.4, -0.452893, -0.409249, -0.792088, -0.0, 0.0, 0.0, 0.0, 1.0],
                [0.435282, 0.881543, 0.182808, 0.0, -0.733773, 0.229745, 0.639363, 0.4, 0.521614, -0.41245, 0.746862, 0.0, 0.0, 0.0, 0.0, 1.0],
                [0.067651, 0.928156, 0.366012, -0.0, -0.008068, -0.366333, 0.930453, 0.4, 0.997663, -0.0659, -0.017295, 0.0, 0.0, 0.0, 0.0, 1.0],
                [-0.000239, 0.889521, 0.456911, 0.0, 0.197992, -0.447825, 0.871929, 0.4, 0.98019, 0.090675, -0.176013, -0.0, 0.0, 0.0, 0.0, 1.0]
            ]
        },
        {
            "name": "Arm_R",
            "time": [0.0, 0.0417, 0.0833, 0.125, 0.1667, 0.2083, 0.25, 0.2917, 0.5, 0.625, 0.8333, 0.875, 1.0417, 1.0833, 1.5417, 1.875],
            "transform": [
                [0.379292, 0.614979, -0.689973, -0.0, 0.447772, 0.536815, 0.713251, 0.393861, 0.811937, -0.58333, -0.071031, -0.0, 0.0, 0.0, 0.0, 1.0],
                [-0.643742, -0.449946, -0.618097, 0.0, 0.763658, -0.293195, -0.57457, 0.39386, 0.077581, -0.84749, 0.526933, -0.0, 0.0, 0.0, 0.0, 1.0],
                [-0.795592, -0.527198, -0.30373, -0.0, 0.580502, -0.505047, -0.637704, 0.393861, 0.183457, -0.68819, 0.700674, 0.0, 0.0, 0.0, 0.0, 1.0],
                [-0.299121, -0.904167, -0.3126, 0.0, 0.866503, -0.116754, -0.485702, 0.39386, 0.40411, -0.418915, 0.810069, 0.0, 0.0, 0.0, 0.0, 1.0],
                [-0.174368, -0.9487, -0.273531, 0.0, 0.979854, -0.134029, -0.15893, 0.393861, 0.114531, -0.297688, 0.943268, 0.0, 0.0, 0.0, 0.0, 1.0],
                [-0.181178, -0.974807, -0.15185, -0.0, 0.981194, -0.164305, -0.117423, 0.39386, 0.089841, -0.171396, 0.976204, -0.0, 0.0, 0.0, 0.0, 1.0],
                [-0.027579, -0.99043, -0.156482, -0.0, 0.998643, -0.015416, -0.077638, 0.39386, 0.074753, -0.159459, 0.979446, 0.0, 0.0, 0.0, 0.0, 1.0],
                [0.571625, -0.81118, -0.143245, -0.0, 0.760013, 0.58798, -0.283212, 0.393861, 0.315113, 0.053372, 0.942921, -0.0, 0.0, 0.0, 0.0, 1.0],
                [0.361087, -0.688951, -0.628037, -0.0, 0.903052, 0.432081, 0.045774, 0.39386, 0.240749, -0.587421, 0.770258, -0.0, 0.0, 0.0, 0.0, 1.0],
                [0.573553, -0.658774, -0.48852, -0.0, 0.804998, 0.5702, 0.176085, 0.393861, 0.163139, -0.497542, 0.848628, -0.0, 0.0, 0.0, 0.0, 1.0],
                [0.568906, -0.637918, -0.520076, -0.0, 0.800868, 0.579184, 0.165505, 0.393861, 0.196344, -0.514071, 0.831839, -0.0, 0.0, 0.0, 0.0, 1.0],
                [0.563487, -0.620008, -0.546521, 0.0, 0.797036, 0.587265, 0.155431, 0.393861, 0.225389, -0.52667, 0.81669, 0.0, 0.0, 0.0, 0.0, 1.0],
                [0.552453, -0.583899, -0.594622, 0.0, 0.786767, 0.605723, 0.136157, 0.393861, 0.281669, -0.546693, 0.785948, 0.0, 0.0, 0.0, 0.0, 1.0],
                [-0.570406, 0.638016, 0.517835, -0.0, 0.779672, 0.619741, 0.098052, 0.393861, -0.258367, 0.461618, -0.847354, 0.0, 0.0, 0.0, 0.0, 1.0],
                [-0.384389, 0.245523, -0.888185, -0.0, 0.609638, 0.793052, -0.045345, 0.39386, 0.693247, -0.561269, -0.452601, 0.0, 0.0, 0.0, 0.0, 1.0],
                [-0.180816, -0.041491, -0.980568, -0.0, 0.6147, 0.776815, -0.145463, 0.39386, 0.767759, -0.631722, -0.114471, -0.0, 0.0, 0.0, 0.0, 1.0]
            ]
        },
        {
            "name": "Hand_R",
            "time": [0.0, 0.0417, 0.0833, 0.125, 0.1667, 0.2083, 0.25, 0.5417, 0.5833, 0.625, 0.6667, 0.7083, 0.8333, 0.875, 1.0417, 1.0833, 1.5417, 1.875],
            "transform": [
                [0.9978, 0.001969, -0.000136, -0.0, 0.000114, -0.129722, -0.984667, 0.3, -0.001947, 1.001415, -0.127553, 0.0, 0.0, 0.0, 0.0, 1.0],
                [0.997801, 0.001778, 0.00083, 0.0, -0.000819, 0.769897, -0.641241, 0.3, -0.001771, 0.645912, 0.764327, 0.0, 0.0, 0.0, 0.0, 1.0],
                [0.9978, 0.001183, 0.001551, 0.0, -0.000779, 0.977416, -0.233298, 0.3, -0.001783, 0.235158, 0.969676, 0.0, 0.0, 0.0, 0.0, 1.0],
                [0.997799, 0.001193, 0.001544, -0.0, -0.000937, 0.992104, -0.152419, 0.3, -0.001706, 0.153193, 0.987078, 0.0, 0.0, 0.0, 0.0, 1.0],
                [0.997801, 0.001281, 0.001479, 0.0, -0.001228, 1.001295, -0.032107, 0.3, -0.001515, 0.032138, 1.000283, -0.0, 0.0, 0.0, 0.0, 1.0],
                [0.9978, 0.001431, 0.001334, -0.0, -0.001329, 0.999057, -0.069816, 0.3, -0.001426, 0.069841, 0.998671, 0.0, 0.0, 0.0, 0.0, 1.0],
                [0.9978, 0.001442, 0.001322, 0.0, -0.001317, 0.997724, -0.087069, 0.3, -0.001438, 0.087105, 0.997291, 0.0, 0.0, 0.0, 0.0, 1.0],
                [0.997591, -3e-06, 1.9e-05, -0.0, 1.9e-05, 0.332318, -0.937965, 0.300001, -4e-06, 0.95337, 0.326948, 0.0, 0.0, 0.0, 0.0, 1.0],
                [0.997603, 1.3e-05, -5.1e-05, 0.0, -4.7e-05, 0.664548, -0.747879, 0.3, 2.4e-05, 0.759466, 0.654409, -0.0, 0.0, 0.0, 0.0, 1.0],
                [0.997772, 1e-06, -0.0, 0.0, -1e-06, 0.66417, -0.74811, 0.3, -0.0, 0.759549, 0.654167, 0.0, 0.0, 0.0, 0.0, 1.0],
                [0.997801, 0.0, 0.0, 0.0, -0.0, 0.594249, -0.802905, 0.3, -0.0, 0.816084, 0.584653, 0.0, 0.0, 0.0, 0.0, 1.0],
                [0.997799, 0.0, -0.0, -0.0, -0.0, 0.530557, -0.844838, 0.3, -0.0, 0.859189, 0.521695, 0.0, 0.0, 0.0, 0.0, 1.0],
